# Filename	C:\Users\edmag\Documents\Work\2D-Comp-Model\computation\Turning Timeresults\2018-02-05T05-41-46.txt
# Source	C:\Users\edmag\Documents\Work\2D-Comp-Model\computation\Turning Time\turning.nb
# Note	1D calculation of turning time vs. field and orbit energy.
# Date	2018-02-05T05:41:46
# Dir	-1
# field	5.6590492596551725e-11
# zi	-6.
W	field	zt	t	argt
-0.000030396600266570223	5.6590492596551725e-11	-31097.960909557267	5.970294490318988e6	0.
-0.000025229178221253285	5.6590492596551725e-11	-36627.43038162109	7.574297110923013e6	0.
-0.000030244617265237375	5.6590492596551725e-11	-31237.90904905684	6.009580805601252e6	0.
-0.000025077195219920433	5.6590492596551725e-11	-36817.85392971739	7.63131698005134e6	0.
-0.000030092634263904523	5.6590492596551725e-11	-31379.055698777716	6.049274707011523e6	0.
-0.000024925212218587585	5.6590492596551725e-11	-37010.1246409253	7.689003424934179e6	0.
-0.00002994065126257167	5.6590492596551725e-11	-31521.41545274234	6.089384190053707e6	0.
-0.000024773229217254733	5.6590492596551725e-11	-37204.26741244998	7.747365388578994e6	0.
-0.00002978866826123882	5.6590492596551725e-11	-31665.003127787946	6.129914683747611e6	0.
-0.00002462124621592188	5.6590492596551725e-11	-37400.307549340636	7.806413325059142e6	0.
-0.000029636685259905967	5.6590492596551725e-11	-31809.833767504944	6.17087194387075e6	0.
-0.00002446926321458903	5.6590492596551725e-11	-37598.270771840595	7.866157145588494e6	0.
-0.00002948470225857312	5.6590492596551725e-11	-31955.922646250383	6.212261307922267e6	0.
-0.00002431728021325618	5.6590492596551725e-11	-37798.18322286545	7.926608170766473e6	0.
-0.000029332719257240267	5.6590492596551725e-11	-32103.285273237943	6.2540896743507795e6	0.
-0.00002416529721192333	5.6590492596551725e-11	-38000.071475610224	7.987776631183008e6	0.
-0.000029180736255907415	5.6590492596551725e-11	-32251.9373967054	6.296362024490036e6	0.
-0.000024013314210590477	5.6590492596551725e-11	-38203.96254128715	8.049673658915757e6	0.
-0.000029028753254574563	5.6590492596551725e-11	-32401.89500816194	6.33908585028026e6	0.
-0.000023861331209257626	5.6590492596551725e-11	-38409.88387699528	8.112310752598252e6	0.
-0.00002887677025324171	5.6590492596551725e-11	-32553.174346715467	6.382266820836166e6	0.
-0.000023709348207924774	5.6590492596551725e-11	-38617.86339372301	8.175698566289413e6	0.
-0.000028724787251908863	5.6590492596551725e-11	-32705.791903482754	6.425911522398434e6	0.
-0.000023557365206591925	5.6590492596551725e-11	-38827.92946448504	8.2398488188453205e6	0.
-0.00002857280425057601	5.6590492596551725e-11	-32859.76442608289	6.470026486596336e6	0.
-0.000023405382205259074	5.6590492596551725e-11	-39040.11093259449	8.3047734016320035e6	0.
-0.00002842082124924316	5.6590492596551725e-11	-33015.108923216	6.514618918327283e6	0.
-0.000023253399203926222	5.6590492596551725e-11	-39254.437120071416	8.37048393731658e6	0.
-0.000028268838247910308	5.6590492596551725e-11	-33171.84266932846	6.559694156456749e6	0.
-0.00002310141620259337	5.6590492596551725e-11	-39470.937836188656	8.436992787438171e6	0.
-0.000028116855246577456	5.6590492596551725e-11	-33329.98320936672	6.605260012057082e6	0.
-0.000022949433201260518	5.6590492596551725e-11	-39689.64338615581	8.504312266676206e6	0.
-0.000027964872245244608	5.6590492596551725e-11	-33489.54836362047	6.6513235100126965e6	0.
-0.00002279745019992767	5.6590492596551725e-11	-39910.58457994218	8.572455405730005e6	0.
-0.000027812889243911756	5.6590492596551725e-11	-33650.55623265735	6.697892375230899e6	0.
-0.000022645467198594818	5.6590492596551725e-11	-40133.79274123917	8.641433017056352e6	0.
-0.000027660906242578904	5.6590492596551725e-11	-33813.025202350145	6.744972942669397e6	0.
-0.000022493484197261966	5.6590492596551725e-11	-40359.29971656318	8.711260401104193e6	0.
-0.000027508923241246052	5.6590492596551725e-11	-33976.97394899908	6.792571858562577e6	0.
-0.000022341501195929114	5.6590492596551725e-11	-40587.13788449851	8.781949384841971e6	0.
-0.0000273569402399132	5.6590492596551725e-11	-34142.42144454982	6.8406982368009295e6	0.
-0.000022189518194596263	5.6590492596551725e-11	-40817.34016508167	8.853514539623167e6	0.
-0.000027204957238580352	5.6590492596551725e-11	-34309.38696190889	6.889359319619793e6	0.
-0.000022037535193263414	5.6590492596551725e-11	-41049.94002932627	8.92596793188728e6	0.
-0.0000270529742372475	5.6590492596551725e-11	-34477.89008035869	6.938562465546787e6	0.
-0.000021885552191930562	5.6590492596551725e-11	-41284.97150888937	8.999324544447709e6	0.
-0.000026900991235914648	5.6590492596551725e-11	-34647.95069107342	6.988315441205783e6	0.
-0.00002173356919059771	5.6590492596551725e-11	-41522.46920587828	9.073598551568575e6	0.
-0.000026749008234581796	5.6590492596551725e-11	-34819.58900273737	7.038626323969489e6	0.
-0.00002158158618926486	5.6590492596551725e-11	-41762.46830279817	9.148804345710708e6	0.
-0.000026597025233248945	5.6590492596551725e-11	-34992.82554726746	7.089503557261587e6	0.
-0.000021429603187932007	5.6590492596551725e-11	-42005.00457263955	9.22495617698684e6	0.
-0.000026445042231916096	5.6590492596551725e-11	-35167.68118564151	7.140955773848055e6	0.
-0.00002127762018659916	5.6590492596551725e-11	-42250.114389105314	9.302069557406582e6	0.
-0.000026293059230583244	5.6590492596551725e-11	-35344.17711383388	7.192990566263784e6	0.
-0.000021125637185266307	5.6590492596551725e-11	-42497.83473697582	9.380159215812646e6	0.
-0.000026141076229250393	5.6590492596551725e-11	-35522.33486886047	7.245616905454633e6	0.
-0.000020973654183933455	5.6590492596551725e-11	-42748.20322261151	9.459240494868372e6	0.
-0.00002598909322791754	5.6590492596551725e-11	-35702.17633493407	7.298843376818832e6	0.
-0.000020821671182600603	5.6590492596551725e-11	-43001.258084591296	9.539329827593034e6	0.
-0.00002583711022658469	5.6590492596551725e-11	-35883.723749732315	7.352679280818169e6	0.
-0.00002066968818126775	5.6590492596551725e-11	-43257.038204485	9.6204415070568e6	0.
-0.00002568512722525184	5.6590492596551725e-11	-36066.99971077937	7.407133346533447e6	0.
-0.000020517705179934903	5.6590492596551725e-11	-43515.5831177585	9.70259355586716e6	0.
-0.00002553314422391899	5.6590492596551725e-11	-36252.02718194339	7.462214605347568e6	0.
-0.00002036572217860205	5.6590492596551725e-11	-43776.93302480848	9.785802103820857e6	0.
-0.000025381161222586137	5.6590492596551725e-11	-36438.82950005109	7.517932428514907e6	0.
-0.0000202137391772692	5.6590492596551725e-11	-44041.128802125	9.870083395059964e6	0.
-0.000020061756175936347	5.6590492596551725e-11	-44308.21201357893	9.955454766665962e6	0.
-0.00001489433413061941	5.6590492596551725e-11	-55455.207402709544	1.364985471952938e7	0.
-0.000019909773174603496	5.6590492596551725e-11	-44578.22492183073	1.0041933613781026e7	0.
-0.00001474235112928656	5.6590492596551725e-11	-55855.76113680501	1.3786685937056188e7	0.
-0.000019757790173270647	5.6590492596551725e-11	-44851.21049985739	1.0129537898782741e7	0.
-0.000014590368127953708	5.6590492596551725e-11	-56261.25792894778	1.3925446739920475e7	0.
-0.000019605807171937795	5.6590492596551725e-11	-45127.212442593365	1.0218285036695823e7	0.
-0.000014438385126620856	5.6590492596551725e-11	-56671.77322336991	1.4066168008579405e7	0.
-0.000019453824170604944	5.6590492596551725e-11	-45406.27517868143	1.0308193977610348e7	0.
-0.000014286402125288006	5.6590492596551725e-11	-57087.38359104496	1.4208879905447949e7	0.
-0.000019301841169272092	5.6590492596551725e-11	-45688.443882328305	1.0399282717479933e7	0.
-0.000014134419123955154	5.6590492596551725e-11	-57508.166737253865	1.435361391939235e7	0.
-0.00001914985816793924	5.6590492596551725e-11	-45973.76448526032	1.0491570773473471e7	0.
-0.000013982436122622304	5.6590492596551725e-11	-57934.201508577455	1.4500400184904242e7	0.
-0.00001899787516660639	5.6590492596551725e-11	-46262.28368877288	1.0585076692286491e7	0.
-0.000013830453121289452	5.6590492596551725e-11	-58365.56789927438	1.4649271350546774e7	0.
-0.00001884589216527354	5.6590492596551725e-11	-46554.04897586813	1.0679820639031377e7	0.
-0.0000136784701199566	5.6590492596551725e-11	-58802.347057000065	1.4800259670028575e7	0.
-0.000018693909163940688	5.6590492596551725e-11	-46849.10862347343	1.0775822311235772e7	0.
-0.00001352648711862375	5.6590492596551725e-11	-59244.62128782211	1.4953397024964742e7	0.
-0.000018541926162607836	5.6590492596551725e-11	-47147.51171473395	1.0873101665266754e7	0.
-0.000013374504117290898	5.6590492596551725e-11	-59692.474060485045	1.5108716618328135e7	0.
-0.000018389943161274984	5.6590492596551725e-11	-47449.30815137114	1.097167930649675e7	0.
-0.000013222521115958048	5.6590492596551725e-11	-60145.99000987573	1.5266251285806939e7	0.
-0.000018237960159942136	5.6590492596551725e-11	-47754.548666098744	1.1071576261669097e7	0.
-0.000013070538114625196	5.6590492596551725e-11	-60605.25493963958	1.5426035045836342e7	0.
-0.000018085977158609284	5.6590492596551725e-11	-48063.284835087165	1.1172813916953135e7	0.
-0.000012918555113292345	5.6590492596551725e-11	-61070.35582389513	1.5588100495588314e7	0.
-0.000017933994157276432	5.6590492596551725e-11	-48375.569090466306	1.1275413555656707e7	0.
-0.000012766572111959494	5.6590492596551725e-11	-61541.38080799434	1.5752482603562254e7	0.
-0.00001778201115594358	5.6590492596551725e-11	-48691.454732856575	1.137939679972086e7	0.
-0.000012614589110626643	5.6590492596551725e-11	-62018.4192082725	1.5919216337434135e7	0.
-0.00001763002815461073	5.6590492596551725e-11	-49010.99594391668	1.1484786769268213e7	0.
-0.000012462606109293792	5.6590492596551725e-11	-62501.5615107317	1.6088335073631678e7	0.
-0.00001747804515327788	5.6590492596551725e-11	-49334.24779889587	1.1591605673120229e7	0.
-0.00001231062310796094	5.6590492596551725e-11	-62990.89936859973	1.6259874828041874e7	0.
-0.00001732606215194503	5.6590492596551725e-11	-49661.26627917847	1.169987638034431e7	0.
-0.00001215864010662809	5.6590492596551725e-11	-63486.52559870407	1.6433870674938504e7	0.
-0.000017174079150612177	5.6590492596551725e-11	-49992.1082848062	1.1809621718620876e7	0.
-0.000012006657105295239	5.6590492596551725e-11	-63988.53417660044	1.6610357838982597e7	0.
-0.000017022096149279325	5.6590492596551725e-11	-50326.83164696452	1.192086643160698e7	0.
-0.000011854674103962387	5.6590492596551725e-11	-64497.020230393224	1.6789373172812168e7	0.
-0.000016870113147946473	5.6590492596551725e-11	-50665.49514041659	1.2033634211596165e7	0.
-0.000011702691102629537	5.6590492596551725e-11	-65012.0800331837	1.6970951139564943e7	0.
-0.000016718130146613624	5.6590492596551725e-11	-51008.15849586922	1.2147949361974755e7	0.
-0.000011550708101296685	5.6590492596551725e-11	-65533.81099408208	1.7155129622804165e7	0.
-0.000016566147145280773	5.6590492596551725e-11	-51354.882412252904	1.2263836822795358e7	0.
-0.000011398725099963835	5.6590492596551725e-11	-66062.31164771605	1.7341943595678963e7	0.
-0.00001641416414394792	5.6590492596551725e-11	-51705.72856889749	1.2381321983674478e7	0.
-0.000011246742098630983	5.6590492596551725e-11	-66597.68164217038	1.753143085510925e7	0.
-0.00001626218114261507	5.6590492596551725e-11	-52060.75963758395	1.2500430052493995e7	0.
-0.000011094759097298131	5.6590492596551725e-11	-67140.02172528864	1.7723627575548843e7	0.
-0.000016110198141282217	5.6590492596551725e-11	-52420.03929445169	1.2621187427164884e7	0.
-0.000010942776095965281	5.6590492596551725e-11	-67689.43372926963	1.7918571118853647e7	0.
-0.00001595821513994937	5.6590492596551725e-11	-52783.63223173929	1.2743620282803545e7	0.
-0.00001079079309463243	5.6590492596551725e-11	-68246.02055348936	1.8116298661599733e7	0.
-0.000015806232138616517	5.6590492596551725e-11	-53151.604169335864	1.2867754904993737e7	0.
-0.00001063881009329958	5.6590492596551725e-11	-68809.88614547938	1.8316846854226857e7	0.
-0.000015654249137283665	5.6590492596551725e-11	-53524.02186611873	1.299361896967032e7	0.
-0.000010486827091966727	5.6590492596551725e-11	-69381.13547999287	1.8520252796813827e7	0.
-0.000015502266135950813	5.6590492596551725e-11	-53900.953131051705	1.3121239833194658e7	0.
-0.000010334844090633876	5.6590492596551725e-11	-69959.874536089	1.8726554664915495e7	0.
-0.00001535028313461796	5.6590492596551725e-11	-54282.46683401725	1.3250645541302642e7	0.
-0.000010182861089301025	5.6590492596551725e-11	-70546.21027216717	1.893578893173928e7	0.
-0.000015198300133285111	5.6590492596551725e-11	-54668.632916354334	1.3381863859907158e7	0.
-0.000010030878087968174	5.6590492596551725e-11	-71140.2505988835	1.91479932936256e7	0.
-0.000015046317131952261	5.6590492596551725e-11	-55059.52240107229	1.3514924055327443e7	0.
-9.878895086635324e-6	5.6590492596551725e-11	-71742.10434988211	1.9363204835707884e7	0.
-9.726912085302472e-6	5.6590492596551725e-11	-72351.88125027592	1.958146105618314e7	0.
-4.559490039985534e-6	5.6590492596551725e-11	-98616.77959487647	2.905370404964309e7	0.
-9.57492908396962e-6	5.6590492596551725e-11	-72969.69188281239	1.980279819611436e7	0.
-4.407507038652682e-6	5.6590492596551725e-11	-99576.11821392398	2.9398246832352657e7	0.
-9.42294608263677e-6	5.6590492596551725e-11	-73595.6476516624	2.0027254894906547e7	0.
-4.255524037319831e-6	5.6590492596551725e-11	-100547.4455472217	2.9746750487841375e7	0.
-9.270963081303918e-6	5.6590492596551725e-11	-74229.8607437714	2.0254865533414144e7	0.
-4.10354103598698e-6	5.6590492596551725e-11	-101530.85856726581	3.0099216082170527e7	0.
-9.118980079971068e-6	5.6590492596551725e-11	-74872.44408771663	2.0485667826597035e7	0.
-3.951558034654129e-6	5.6590492596551725e-11	-102526.45208967033	3.045564370013503e7	0.
-8.966997078638216e-6	5.6590492596551725e-11	-75523.5113100148	2.071969861265415e7	0.
-3.799575033321278e-6	5.6590492596551725e-11	-103534.3186609964	3.081603090779588e7	0.
-8.815014077305364e-6	5.6590492596551725e-11	-76183.1766888297	2.095699284248159e7	0.
-3.647592031988427e-6	5.6590492596551725e-11	-104554.54844723268	3.1180372354882833e7	0.
-8.663031075972514e-6	5.6590492596551725e-11	-76851.55510503305	2.1197586812128633e7	0.
-3.495609030655576e-6	5.6590492596551725e-11	-105587.22912320372	3.154866264248493e7	0.
-8.511048074639662e-6	5.6590492596551725e-11	-77528.76199057496	2.144151570966038e7	0.
-3.3436260293227246e-6	5.6590492596551725e-11	-106632.44576318796	3.1920892706806146e7	0.
-8.359065073306812e-6	5.6590492596551725e-11	-78214.91327412635	2.1688814185348514e7	0.
-3.1916430279898736e-6	5.6590492596551725e-11	-107690.28073303326	3.2297051448321465e7	0.
-8.20708207197396e-6	5.6590492596551725e-11	-78910.12532396048	2.1939516227084056e7	0.
-3.0396600266570226e-6	5.6590492596551725e-11	-108760.81358406068	3.267712623228257e7	0.
-8.055099070641109e-6	5.6590492596551725e-11	-79614.51488804627	2.219365689934328e7	0.
-2.8876770253241713e-6	5.6590492596551725e-11	-109844.1209490497	3.306110147464664e7	0.
-7.903116069308259e-6	5.6590492596551725e-11	-80328.19903133207	2.245126868438332e7	0.
-2.7356940239913203e-6	5.6590492596551725e-11	-110940.27644059931	3.344896054168266e7	0.
-7.751133067975407e-6	5.6590492596551725e-11	-81051.29507020648	2.271238371452466e7	0.
-2.583711022658469e-6	5.6590492596551725e-11	-112049.35055215898	3.3840683212576665e7	0.
-7.599150066642556e-6	5.6590492596551725e-11	-81783.92050412802	2.2977034501997773e7	0.
-2.431728021325618e-6	5.6590492596551725e-11	-113171.41056202223	3.4236248512525216e7	0.
-7.447167065309705e-6	5.6590492596551725e-11	-82526.19294442484	2.3245253149577245e7	0.
-2.279745019992767e-6	5.6590492596551725e-11	-114306.52044057146	3.463563190686487e7	0.
-7.295184063976854e-6	5.6590492596551725e-11	-83278.23004027268	2.351706904779458e7	0.
-2.1277620186599156e-6	5.6590492596551725e-11	-115454.74076105944	3.5038807011062786e7	0.
-7.143201062644003e-6	5.6590492596551725e-11	-84040.14940186904	2.3792512410092033e7	0.
-1.9757790173270646e-6	5.6590492596551725e-11	-116616.1286142055	3.5445745642133676e7	0.
-6.991218061311152e-6	5.6590492596551725e-11	-84812.06852082921	2.4071611997685563e7	0.
-1.8237960159942135e-6	5.6590492596551725e-11	-117790.73752687768	3.585641733195137e7	0.
-6.8392350599783e-6	5.6590492596551725e-11	-85594.10468784084	2.4354395419652987e7	0.
-1.6718130146613623e-6	5.6590492596551725e-11	-118978.61738512252	3.627078872908313e7	0.
-6.687252058645449e-6	5.6590492596551725e-11	-86386.37490762286	2.464089023002506e7	0.
-1.5198300133285113e-6	5.6590492596551725e-11	-120179.8143617943	3.668882548967178e7	0.
-6.535269057312598e-6	5.6590492596551725e-11	-87188.99581124522	2.493112227156069e7	0.
-1.3678470119956601e-6	5.6590492596551725e-11	-121394.37084902255	3.711048958576131e7	0.
-6.383286055979747e-6	5.6590492596551725e-11	-88002.08356587698	2.5225115405265633e7	0.
-1.215864010662809e-6	5.6590492596551725e-11	-122622.32539574453	3.753574139242343e7	0.
-6.231303054646896e-6	5.6590492596551725e-11	-88825.75378204143	2.55228935458899e7	0.
-1.0638810093299578e-6	5.6590492596551725e-11	-123863.71265051342	3.796454022791236e7	0.
-6.079320053314045e-6	5.6590492596551725e-11	-89660.12141846809	2.582448048146922e7	0.
-9.118980079971067e-7	5.6590492596551725e-11	-125118.56330977802	3.839684172548764e7	0.
-5.9273370519811935e-6	5.6590492596551725e-11	-90505.30068464347	2.612989512747684e7	0.
-7.599150066642557e-7	5.6590492596551725e-11	-126386.90407181208	3.88326009002679e7	0.
-5.7753540506483425e-6	5.6590492596551725e-11	-91361.40494117547	2.6439159145805825e7	0.
-6.079320053314045e-7	5.6590492596551725e-11	-127668.75759645308	3.927176915406046e7	0.
-5.6233710493154915e-6	5.6590492596551725e-11	-92228.5465980961	2.6752289164994653e7	0.
-4.5594900399855336e-7	5.6590492596551725e-11	-128964.14247079154	3.97142970940668e7	0.
-5.4713880479826406e-6	5.6590492596551725e-11	-93106.83701124285	2.7069303537552588e7	0.
-3.0396600266570224e-7	5.6590492596551725e-11	-130273.07318093136	4.016013354481125e7	0.
-5.31940504664979e-6	5.6590492596551725e-11	-93996.38637686813	2.739021731474873e7	0.
-1.5198300133285112e-7	5.6590492596551725e-11	-131595.5600899207	4.0609224867817275e7	0.
-5.167422045316938e-6	5.6590492596551725e-11	-94897.30362464131	2.7715044406317636e7	0.
0.	5.6590492596551725e-11	-132931.60942193225	4.106151509121598e7	0.
-5.015439043984087e-6	5.6590492596551725e-11	-95809.6963092185	2.80437968807927e7	0.
1.5198300133285112e-7	5.6590492596551725e-11	-134281.22325274875	4.151694904179028e7	0.
-4.863456042651236e-6	5.6590492596551725e-11	-96733.67050056823	2.83764849405667e7	0.
3.0396600266570224e-7	5.6590492596551725e-11	-135644.39950658742	4.197546528889853e7	0.
-4.711473041318385e-6	5.6590492596551725e-11	-97669.33067325279	2.871311871510807e7	0.
5.4713880479826406e-6	5.6590492596551725e-11	-189790.71087305184	5.8909067203472905e7	0.
4.5594900399855336e-7	5.6590492596551725e-11	-137021.13195927563	4.243700572531681e7	0.
5.6233710493154915e-6	5.6590492596551725e-11	-191598.0836227331	5.9431345468105756e7	0.
6.079320053314045e-7	5.6590492596551725e-11	-138411.4102477652	4.290150770409649e7	0.
5.7753540506483425e-6	5.6590492596551725e-11	-193416.60512864045	5.995415331963364e7	0.
7.599150066642557e-7	5.6590492596551725e-11	-139815.2198859522	4.336890673273396e7	0.
5.9273370519811935e-6	5.6590492596551725e-11	-195246.1640349365	6.047742459779359e7	0.
9.118980079971067e-7	5.6590492596551725e-11	-141232.54228674617	4.383913956662735e7	0.
6.079320053314045e-6	5.6590492596551725e-11	-197086.64793158916	6.100109696445582e7	0.
1.0638810093299578e-6	5.6590492596551725e-11	-142663.3547903096	4.431214004840452e7	0.
6.231303054646896e-6	5.6590492596551725e-11	-198937.94345799054	6.152510496561692e7	0.
1.215864010662809e-6	5.6590492596551725e-11	-144107.63069836874	4.478784059104864e7	0.
6.383286055979747e-6	5.6590492596551725e-11	-200799.93640465412	6.204938972610378e7	0.
1.3678470119956601e-6	5.6590492596551725e-11	-145565.33931447478	4.5266173043595925e7	0.
6.535269057312598e-6	5.6590492596551725e-11	-202672.51181285034	6.2573889283348225e7	0.
1.5198300133285113e-6	5.6590492596551725e-11	-147036.44599007454	4.574706701481996e7	0.
6.687252058645449e-6	5.6590492596551725e-11	-204555.55407205602	6.309854485248648e7	0.
1.6718130146613623e-6	5.6590492596551725e-11	-148520.9121762308	4.623045293334484e7	0.
6.8392350599783e-6	5.6590492596551725e-11	-206448.94701510205	6.362329887529209e7	0.
1.8237960159942135e-6	5.6590492596551725e-11	-150018.695480814	4.671625912823932e7	0.
6.991218061311152e-6	5.6590492596551725e-11	-208352.57401091844	6.414809331376298e7	0.
1.9757790173270646e-6	5.6590492596551725e-11	-151529.74973096984	4.720441341415024e7	0.
7.143201062644003e-6	5.6590492596551725e-11	-210266.31805478627	6.467287361055925e7	0.
2.1277620186599156e-6	5.6590492596551725e-11	-153054.0250406518	4.7694842911998756e7	0.
7.295184063976854e-6	5.6590492596551725e-11	-212190.06185601794	6.519758557584728e7	0.
2.279745019992767e-6	5.6590492596551725e-11	-154591.46788299186	4.818747441646012e7	0.
7.447167065309705e-6	5.6590492596551725e-11	-214123.68792299813	6.572217696294637e7	0.
2.431728021325618e-6	5.6590492596551725e-11	-156142.02116727066	4.868223361041034e7	0.
7.599150066642556e-6	5.6590492596551725e-11	-216067.07864552934	6.624659512741469e7	0.
2.583711022658469e-6	5.6590492596551725e-11	-157705.62432023545	4.917904523074617e7	0.
7.751133067975407e-6	5.6590492596551725e-11	-218020.1163744358	6.67707900782158e7	0.
2.7356940239913203e-6	5.6590492596551725e-11	-159282.21337150378	4.9677835496584974e7	0.
7.903116069308259e-6	5.6590492596551725e-11	-219982.68349838944	6.729471287238535e7	0.
2.8876770253241713e-6	5.6590492596551725e-11	-160871.72104278218	5.017852859026065e7	0.
8.055099070641109e-6	5.6590492596551725e-11	-221954.66251793163	6.781831575759481e7	0.
3.0396600266570226e-6	5.6590492596551725e-11	-162474.07684062122	5.068105059319311e7	0.
8.20708207197396e-6	5.6590492596551725e-11	-223935.93611667393	6.83415523835575e7	0.
3.1916430279898736e-6	5.6590492596551725e-11	-164089.20715242182	5.118532359483533e7	0.
8.359065073306812e-6	5.6590492596551725e-11	-225926.3872296678	6.886437765533708e7	0.
3.3436260293227246e-6	5.6590492596551725e-11	-165717.03534540453	5.169127402753738e7	0.
8.511048074639662e-6	5.6590492596551725e-11	-227925.8991089444	6.9386747429876e7	0.
3.495609030655576e-6	5.6590492596551725e-11	-167357.48186824832	5.2198826397070706e7	0.
8.663031075972514e-6	5.6590492596551725e-11	-229934.35538623057	6.990861996738613e7	0.
3.647592031988427e-6	5.6590492596551725e-11	-169010.4643551053	5.270790523538227e7	0.
8.815014077305364e-6	5.6590492596551725e-11	-231951.64013285522	7.042995369833435e7	0.
3.799575033321278e-6	5.6590492596551725e-11	-170675.89773169707	5.321843621838675e7	0.
8.966997078638216e-6	5.6590492596551725e-11	-233977.63791686835	7.095070873299234e7	0.
3.951558034654129e-6	5.6590492596551725e-11	-172353.69432319904	5.373034295302291e7	0.
9.118980079971068e-6	5.6590492596551725e-11	-236012.2338573982	7.147084638249746e7	0.
4.10354103598698e-6	5.6590492596551725e-11	-174043.76396362254	5.4243552879373215e7	0.
9.270963081303918e-6	5.6590492596551725e-11	-238055.31367628102	7.199033015451625e7	0.
4.255524037319831e-6	5.6590492596551725e-11	-175746.01410640642	5.475799071962039e7	0.
9.42294608263677e-6	5.6590492596551725e-11	-240106.76374700002	7.25091217221321e7	0.
4.407507038652682e-6	5.6590492596551725e-11	-177460.34993593674	5.5273584611467674e7	0.
9.57492908396962e-6	5.6590492596551725e-11	-242166.47114097804	7.302718754629505e7	0.
4.559490039985534e-6	5.6590492596551725e-11	-179186.67447971727	5.5790260706709266e7	0.
9.726912085302472e-6	5.6590492596551725e-11	-244234.3236712696	7.354449425682785e7	0.
4.711473041318385e-6	5.6590492596551725e-11	-180924.88872092162	5.6307947698221624e7	0.
9.878895086635324e-6	5.6590492596551725e-11	-246310.20993370385	7.406100938238639e7	0.
4.863456042651236e-6	5.6590492596551725e-11	-182674.89171106508	5.6826572912670985e7	0.
0.000010030878087968174	5.6590492596551725e-11	-248394.01934553325	7.457670077560332e7	0.
5.015439043984087e-6	5.6590492596551725e-11	-184436.58068254337	5.734606631487331e7	0.
0.000010182861089301025	5.6590492596551725e-11	-250485.64218164494	7.50915382542068e7	0.
5.167422045316938e-6	5.6590492596551725e-11	-186209.8511607942	5.786635944691962e7	0.
0.000010334844090633876	5.6590492596551725e-11	-252584.96960839478	7.560549364473979e7	0.
5.31940504664979e-6	5.6590492596551725e-11	-187994.59707584907	5.838738201752715e7	0.
0.000010486827091966727	5.6590492596551725e-11	-254691.8937151267	7.611853826732333e7	0.
0.000015502266135950813	5.6590492596551725e-11	-327838.5957395104	9.241264345587781e7	0.
0.00001063881009329958	5.6590492596551725e-11	-256806.30754344125	7.663064649160896e7	0.
0.000015654249137283665	5.6590492596551725e-11	-330147.3276374054	9.288474870282963e7	0.
0.00001079079309463243	5.6590492596551725e-11	-258928.10511427923	7.714179105117548e7	0.
0.000015806232138616517	5.6590492596551725e-11	-332460.57310345065	9.33555097823063e7	0.
0.000010942776095965281	5.6590492596551725e-11	-261057.18145288757	7.765194933072418e7	0.
0.00001595821513994937	5.6590492596551725e-11	-334778.2643286821	9.382492254670541e7	0.
0.000011094759097298131	5.6590492596551725e-11	-263193.43261173455	7.816109484239939e7	0.
0.000016110198141282217	5.6590492596551725e-11	-337100.33455422247	9.429298842202744e7	0.
0.000011246742098630983	5.6590492596551725e-11	-265336.7556914443	7.866920747954515e7	0.
0.00001626218114261507	5.6590492596551725e-11	-339426.71806018276	9.475970576675999e7	0.
0.000011398725099963835	5.6590492596551725e-11	-267487.048859818	7.917626485388263e7	0.
0.00001641416414394792	5.6590492596551725e-11	-341757.3501543244	9.522507424493022e7	0.
0.000011550708101296685	5.6590492596551725e-11	-269644.2113690121	7.96822472224151e7	0.
0.000016566147145280773	5.6590492596551725e-11	-344092.1671605078	9.568909460794456e7	0.
0.000011702691102629537	5.6590492596551725e-11	-271808.14357094176	8.01871332304151e7	0.
0.000016718130146613624	5.6590492596551725e-11	-346431.1064069522	9.615176445388904e7	0.
0.000011854674103962387	5.6590492596551725e-11	-273978.74693097925	8.069090412463072e7	0.
0.000016870113147946473	5.6590492596551725e-11	-348774.1062143275	9.661308697522637e7	0.
0.000012006657105295239	5.6590492596551725e-11	-276155.9240400145	8.119354383086473e7	0.
0.000017022096149279325	5.6590492596551725e-11	-351121.10588370345	9.70730614158721e7	0.
0.00001215864010662809	5.6590492596551725e-11	-278339.5786249462	8.16950345467259e7	0.
0.000017174079150612177	5.6590492596551725e-11	-353472.0456843731	9.753169045603643e7	0.
0.00001231062310796094	5.6590492596551725e-11	-280529.61555766984	8.219536022823963e7	0.
0.00001732606215194503	5.6590492596551725e-11	-355826.8668415735	9.798897557392362e7	0.
0.000012462606109293792	5.6590492596551725e-11	-282725.94086262985	8.269450493243213e7	0.
0.00001747804515327788	5.6590492596551725e-11	-358185.51152411895	9.844491686319716e7	0.
0.000012614589110626643	5.6590492596551725e-11	-284928.46172299865	8.319245569449352e7	0.
0.00001763002815461073	5.6590492596551725e-11	-360547.92283196776	9.889951803679113e7	0.
0.000012766572111959494	5.6590492596551725e-11	-287137.0864855486	8.368919892443483e7	0.
0.00001778201115594358	5.6590492596551725e-11	-362914.04478373565	9.935277840693614e7	0.
0.000012918555113292345	5.6590492596551725e-11	-289351.72466427734	8.418471955933939e7	0.
0.000017933994157276432	5.6590492596551725e-11	-365283.82230417343	9.980470328703815e7	0.
0.000013070538114625196	5.6590492596551725e-11	-291572.28694284987	8.467900852956787e7	0.
0.000018085977158609284	5.6590492596551725e-11	-367657.2012116223	1.0025529351198459e8	0.
0.000013222521115958048	5.6590492596551725e-11	-293798.685175914	8.517205144153851e7	0.
0.000018237960159942136	5.6590492596551725e-11	-370034.1282054619	1.0070455293438898e8	0.
0.000013374504117290898	5.6590492596551725e-11	-296030.8323893514	8.566384075173418e7	0.
0.000018389943161274984	5.6590492596551725e-11	-372414.5508535623	1.0115248589647958e8	0.
0.00001352648711862375	5.6590492596551725e-11	-298268.64277951646	8.615436335117987e7	0.
0.000018541926162607836	5.6590492596551725e-11	-374798.41757975315	1.0159909351505497e8	0.
0.0000136784701199566	5.6590492596551725e-11	-300512.03171152243	8.664361311473358e7	0.
0.000018693909163940688	5.6590492596551725e-11	-377185.6776513207	1.0204438001558982e8	0.
0.000013830453121289452	5.6590492596551725e-11	-302760.91571662476	8.713157828163007e7	0.
0.00001884589216527354	5.6590492596551725e-11	-379576.2811665434	1.024883489358496e8	0.
0.000013982436122622304	5.6590492596551725e-11	-305015.21248875593	8.761825403545646e7	0.
0.00001899787516660639	5.6590492596551725e-11	-381970.1790422762	1.0293100409052634e8	0.
0.000014134419123955154	5.6590492596551725e-11	-307274.84088026034	8.810363148787305e7	0.
0.00001914985816793924	5.6590492596551725e-11	-384367.3230015916	1.0337234948734346e8	0.
0.000014286402125288006	5.6590492596551725e-11	-309539.7208968795	8.858770176171158e7	0.
0.000019301841169272092	5.6590492596551725e-11	-386767.66556148767	1.0381238916825517e8	0.
0.000014438385126620856	5.6590492596551725e-11	-311809.7736920324	8.907046145045756e7	0.
0.000019453824170604944	5.6590492596551725e-11	-389171.1600206688	1.0425112824560004e8	0.
0.000014590368127953708	5.6590492596551725e-11	-314084.9215604383	8.955190320441453e7	0.
0.000019605807171937795	5.6590492596551725e-11	-391577.7604474088	1.0468856852323066e8	0.
0.00001474235112928656	5.6590492596551725e-11	-316365.08793112356	9.00320233758314e7	0.
0.000019757790173270647	5.6590492596551725e-11	-393987.42166750086	1.0512471715323302e8	0.
0.00001489433413061941	5.6590492596551725e-11	-318650.19735985616	9.05108174312903e7	0.
0.000019909773174603496	5.6590492596551725e-11	-396400.0992523022	1.0555957871550371e8	0.
0.000015046317131952261	5.6590492596551725e-11	-320940.1755210469	9.098827947757135e7	0.
0.000020061756175936347	5.6590492596551725e-11	-398815.7495068784	1.05993154544229e8	0.
0.000015198300133285111	5.6590492596551725e-11	-323234.94919915695	9.146440671182622e7	0.
0.0000202137391772692	5.6590492596551725e-11	-401234.3294582525	1.0642545451180097e8	0.
0.00001535028313461796	5.6590492596551725e-11	-325534.4462796479	9.193919505725595e7	0.
0.00002036572217860205	5.6590492596551725e-11	-403655.796843764	1.0685648037703837e8	0.
0.000020517705179934903	5.6590492596551725e-11	-406080.11009954213	1.0728623794388005e8	0.
0.00002553314422391899	5.6590492596551725e-11	-487443.43853705184	1.2079354111907893e8	0.
0.00002066968818126775	5.6590492596551725e-11	-408507.22834909655	1.0771473233971275e8	0.
0.00002568512722525184	5.6590492596551725e-11	-489944.0742287159	1.2118358658227162e8	0.
0.000020821671182600603	5.6590492596551725e-11	-410937.11139203096	1.0814197088771996e8	0.
0.00002583711022658469	5.6590492596551725e-11	-492446.46143049677	1.2157256655731589e8	0.
0.000020973654183933455	5.6590492596551725e-11	-413369.7196928792	1.0856795287340315e8	0.
0.00002598909322791754	5.6590492596551725e-11	-494950.57717852655	1.2196049161300044e8	0.
0.000021125637185266307	5.6590492596551725e-11	-415805.01437007147	1.0899268885846847e8	0.
0.000026141076229250393	5.6590492596551725e-11	-497456.398875281	1.223473659607089e8	0.
0.00002127762018659916	5.6590492596551725e-11	-418242.95718502905	1.0941618476186924e8	0.
0.000026293059230583244	5.6590492596551725e-11	-499963.90428308246	1.2273319484992862e8	0.
0.000021429603187932007	5.6590492596551725e-11	-420683.51053139125	1.0983844289104383e8	0.
0.000026445042231916096	5.6590492596551725e-11	-502473.07151771814	1.2311798579026498e8	0.
0.00002158158618926486	5.6590492596551725e-11	-423126.6374243779	1.1025947124614528e8	0.
0.000026597025233248945	5.6590492596551725e-11	-504983.87904217205	1.2350174391182739e8	0.
0.00002173356919059771	5.6590492596551725e-11	-425572.3014902861	1.1067927549394496e8	0.
0.000026749008234581796	5.6590492596551725e-11	-507496.30566047	1.2388447523033042e8	0.
0.000021885552191930562	5.6590492596551725e-11	-428020.46695612516	1.1109785819835201e8	0.
0.000026900991235914648	5.6590492596551725e-11	-510010.33051163406	1.2426618567660421e8	0.
0.000022037535193263414	5.6590492596551725e-11	-430471.09863939014	1.1151522967686526e8	0.
0.0000270529742372475	5.6590492596551725e-11	-512525.9330637474	1.2464688111537524e8	0.
0.000022189518194596263	5.6590492596551725e-11	-432924.16193797346	1.1193139278384866e8	0.
0.000027204957238580352	5.6590492596551725e-11	-515043.0931081256	1.2502656738991593e8	0.
0.000022341501195929114	5.6590492596551725e-11	-435379.6228202183	1.1234635409097275e8	0.
0.0000273569402399132	5.6590492596551725e-11	-517561.7907535946	1.254052504038699e8	0.
0.000022493484197261966	5.6590492596551725e-11	-437837.4478151111	1.1276011945370087e8	0.
0.000027508923241246052	5.6590492596551725e-11	-520082.0064208719	1.2578293595943795e8	0.
0.000022645467198594818	5.6590492596551725e-11	-440297.60400261515	1.1317269566455573e8	0.
0.000027660906242578904	5.6590492596551725e-11	-522603.72083705093	1.261596298718652e8	0.
0.00002279745019992767	5.6590492596551725e-11	-442760.05900414614	1.1358408609811822e8	0.
0.000027812889243911756	5.6590492596551725e-11	-525126.9150301862	1.2653533791508192e8	0.
0.000022949433201260518	5.6590492596551725e-11	-445224.7809731878	1.1399430015519415e8	0.
0.000027964872245244608	5.6590492596551725e-11	-527651.5703239773	1.2691006451089716e8	0.
0.00002310141620259337	5.6590492596551725e-11	-447691.7385860487	1.1440334123491012e8	0.
0.000028116855246577456	5.6590492596551725e-11	-530177.6683325516	1.2728382015479684e8	0.
0.000023253399203926222	5.6590492596551725e-11	-450160.90103275946	1.1481121538353108e8	0.
0.000028268838247910308	5.6590492596551725e-11	-532705.1909553413	1.276566042200119e8	0.
0.000023405382205259074	5.6590492596551725e-11	-452632.2380081106	1.1521793122002849e8	0.
0.00002842082124924316	5.6590492596551725e-11	-535234.120372057	1.280284277173899e8	0.
0.000023557365206591925	5.6590492596551725e-11	-455105.71970282914	1.156234905727998e8	0.
0.00002857280425057601	5.6590492596551725e-11	-537764.4390377519	1.2839929045782484e8	0.
0.000023709348207924774	5.6590492596551725e-11	-457581.3167948951	1.1602790363658313e8	0.
0.000028724787251908863	5.6590492596551725e-11	-540296.1296779797	1.2876920241178222e8	0.
0.000023861331209257626	5.6590492596551725e-11	-460059.00044099544	1.164311756371557e8	0.
0.00002887677025324171	5.6590492596551725e-11	-542829.1752840405	1.2913817043874632e8	0.
0.000024013314210590477	5.6590492596551725e-11	-462538.74226811534	1.1683331109375578e8	0.
0.000029028753254574563	5.6590492596551725e-11	-545363.5591083149	1.2950619470006162e8	0.
0.00002416529721192333	5.6590492596551725e-11	-465020.5143652664	1.1723431614569432e8	0.
0.000029180736255907415	5.6590492596551725e-11	-547899.2646596865	1.2987328549399497e8	0.
0.00002431728021325618	5.6590492596551725e-11	-467504.28927534976	1.176342001104959e8	0.
0.000029332719257240267	5.6590492596551725e-11	-550436.275699047	1.3023944659405167e8	0.
0.00002446926321458903	5.6590492596551725e-11	-469990.0399871528	1.1803296320700756e8	0.
0.00002948470225857312	5.6590492596551725e-11	-552974.5762348876	1.3060468515656377e8	0.
0.00002462124621592188	5.6590492596551725e-11	-472477.7399274809	1.1843061836918196e8	0.
0.000029636685259905967	5.6590492596551725e-11	-555514.1505189701	1.3096900340912683e8	0.
0.000024773229217254733	5.6590492596551725e-11	-474967.3629534183	1.1882716490544598e8	0.
0.00002978866826123882	5.6590492596551725e-11	-558054.9830420811	1.3133240839384985e8	0.
0.000024925212218587585	5.6590492596551725e-11	-477458.88334472163	1.1922261394939432e8	0.
0.00002994065126257167	5.6590492596551725e-11	-560597.0585298636	1.3169490541834167e8	0.
0.000025077195219920433	5.6590492596551725e-11	-479952.2757963417	1.1961696993090428e8	0.
0.000030092634263904523	5.6590492596551725e-11	-563140.361938727	1.3205649980825596e8	0.
0.000025229178221253285	5.6590492596551725e-11	-482447.51541107346	1.2001023893605836e8	0.
0.000030244617265237375	5.6590492596551725e-11	-565684.8784518341	1.3241719530301663e8	0.
0.000025381161222586137	5.6590492596551725e-11	-484944.5776923315	1.2040242704211661e8	0.
0.000030396600266570223	5.6590492596551725e-11	-568230.5934751625	1.3277699913843848e8	0.
