# Filename	C:\Users\edmag\Documents\Work\2D-Comp-Model\computation\Turning Timeresults\2018-02-05T05-41-05.txt
# Source	C:\Users\edmag\Documents\Work\2D-Comp-Model\computation\Turning Time\turning.nb
# Note	1D calculation of turning time vs. field and orbit energy.
# Date	2018-02-05T05:41:05
# Dir	-1
# field	5.425686403586918e-11
# zi	-6.
W	field	zt	t	argt
-0.000030396600266570223	5.425686403586918e-11	-31164.78037727546	5.9939065140660135e6	0.
-0.000025229178221253285	5.425686403586918e-11	-36734.61178337795	7.614814614481123e6	0.
-0.000030244617265237375	5.425686403586918e-11	-31305.60536911948	6.03354810947857e6	0.
-0.000025077195219920433	5.425686403586918e-11	-36926.64144504197	7.6725268427395625e6	0.
-0.000030092634263904523	5.425686403586918e-11	-31447.64372960033	6.073604260145528e6	0.
-0.000024925212218587585	5.425686403586918e-11	-37120.54893034784	7.730919639344154e6	0.
-0.00002994065126257167	5.425686403586918e-11	-31590.91035677807	6.114083549982052e6	0.
-0.000024773229217254733	5.425686403586918e-11	-37316.35983224458	7.790002666685754e6	0.
-0.00002978866826123882	5.425686403586918e-11	-31735.420378710533	6.154989110472572e6	0.
-0.00002462124621592188	5.425686403586918e-11	-37514.10016939608	7.849787168286433e6	0.
-0.000029636685259905967	5.425686403586918e-11	-31881.18915758156	6.196329338680878e6	0.
-0.00002446926321458903	5.425686403586918e-11	-37713.79639402941	7.910283595255103e6	0.
-0.00002948470225857312	5.425686403586918e-11	-32028.232293908666	6.238109326940412e6	0.
-0.00002431728021325618	5.425686403586918e-11	-37915.47539992547	7.971502268322657e6	0.
-0.000029332719257240267	5.425686403586918e-11	-32176.565630833433	6.280335071328252e6	0.
-0.00002416529721192333	5.425686403586918e-11	-38119.164530553724	8.033455920329601e6	0.
-0.000029180736255907415	5.425686403586918e-11	-32326.205258495196	6.323013405658607e6	0.
-0.000024013314210590477	5.425686403586918e-11	-38324.89158735221	8.096153923143967e6	0.
-0.000029028753254574563	5.425686403586918e-11	-32477.16751848977	6.366150074411606e6	0.
-0.000023861331209257626	5.425686403586918e-11	-38532.68483815561	8.159609155451936e6	0.
-0.00002887677025324171	5.425686403586918e-11	-32629.469008415275	6.409752517414927e6	0.
-0.000023709348207924774	5.425686403586918e-11	-38742.57302577185	8.2238328493342865e6	0.
-0.000028724787251908863	5.425686403586918e-11	-32783.12658650596	6.453825874585448e6	0.
-0.000023557365206591925	5.425686403586918e-11	-38954.58537670976	8.288837195002505e6	0.
-0.00002857280425057601	5.425686403586918e-11	-32938.15737635673	6.498378268316328e6	0.
-0.000023405382205259074	5.425686403586918e-11	-39168.751610058775	8.3546342508478e6	0.
-0.00002842082124924316	5.425686403586918e-11	-33094.57877173874	6.543416000979512e6	0.
-0.000023253399203926222	5.425686403586918e-11	-39385.10194652247	8.421236164869566e6	0.
-0.000028268838247910308	5.425686403586918e-11	-33252.40844150913	6.588946234763637e6	0.
-0.00002310141620259337	5.425686403586918e-11	-39603.66711760725	8.488655954478776e6	0.
-0.000028116855246577456	5.425686403586918e-11	-33411.664334615554	6.634976433951825e6	0.
-0.000022949433201260518	5.425686403586918e-11	-39824.47837496733	8.556905724980172e6	0.
-0.000027964872245244608	5.425686403586918e-11	-33572.36468519782	6.681512632796204e6	0.
-0.00002279745019992767	5.425686403586918e-11	-40047.5674999078	8.625999986181399e6	0.
-0.000027812889243911756	5.425686403586918e-11	-33734.528017788536	6.72856293560139e6	0.
-0.000022645467198594818	5.425686403586918e-11	-40272.966813045954	8.69594997383848e6	0.
-0.000027660906242578904	5.425686403586918e-11	-33898.1731526139	6.776134860710705e6	0.
-0.000022493484197261966	5.425686403586918e-11	-40500.70918413324	8.76677052825478e6	0.
-0.000027508923241246052	5.425686403586918e-11	-34063.319210997026	6.824235204281077e6	0.
-0.000022341501195929114	5.425686403586918e-11	-40730.82804203739	8.838474390088905e6	0.
-0.0000273569402399132	5.425686403586918e-11	-34229.98562086564	6.8728726391854705e6	0.
-0.000022189518194596263	5.425686403586918e-11	-40963.35738488671	8.91107729075045e6	0.
-0.000027204957238580352	5.425686403586918e-11	-34398.19212236549	6.922055019032337e6	0.
-0.000022037535193263414	5.425686403586918e-11	-41198.33179037608	8.98459141650619e6	0.
-0.0000270529742372475	5.425686403586918e-11	-34567.958773581784	6.971790001245614e6	0.
-0.000021885552191930562	5.425686403586918e-11	-41435.78642623657	9.059032834938137e6	0.
-0.000026900991235914648	5.425686403586918e-11	-34739.305956370445	7.022085016807052e6	0.
-0.00002173356919059771	5.425686403586918e-11	-41675.75706086744	9.134415898574198e6	0.
-0.000026749008234581796	5.425686403586918e-11	-34912.254382301166	7.072949413155533e6	0.
-0.00002158158618926486	5.425686403586918e-11	-41918.280074132126	9.210755437894098e6	0.
-0.000026597025233248945	5.425686403586918e-11	-35086.82509871366	7.12439172165232e6	0.
-0.000021429603187932007	5.425686403586918e-11	-42163.392468317346	9.288066384666609e6	0.
-0.000026445042231916096	5.425686403586918e-11	-35263.03949488952	7.176419733167232e6	0.
-0.00002127762018659916	5.425686403586918e-11	-42411.1318792557	9.366365088746343e6	0.
-0.000026293059230583244	5.425686403586918e-11	-35440.91930834177	7.22904199096388e6	0.
-0.000021125637185266307	5.425686403586918e-11	-42661.53658761083	9.445667106108611e6	0.
-0.000026141076229250393	5.425686403586918e-11	-35620.486631223444	7.282268101431243e6	0.
-0.000020973654183933455	5.425686403586918e-11	-42914.64553032509	9.525988083808055e6	0.
-0.00002598909322791754	5.425686403586918e-11	-35801.7639168574	7.336106720104843e6	0.
-0.000020821671182600603	5.425686403586918e-11	-43170.49831222859	9.607344918115132e6	0.
-0.00002583711022658469	5.425686403586918e-11	-35984.77398638953	7.390567045174141e6	0.
-0.00002066968818126775	5.425686403586918e-11	-43429.13521780847	9.689754307944885e6	0.
-0.00002568512722525184	5.425686403586918e-11	-36169.54003556693	7.44565809598425e6	0.
-0.000020517705179934903	5.425686403586918e-11	-43690.597223137185	9.773233419686163e6	0.
-0.00002553314422391899	5.425686403586918e-11	-36356.08564164338	7.501390076671194e6	0.
-0.00002036572217860205	5.425686403586918e-11	-43954.92600795805	9.857799232770097e6	0.
-0.000025381161222586137	5.425686403586918e-11	-36544.43477041344	7.557772159474892e6	0.
-0.0000202137391772692	5.425686403586918e-11	-44222.1639679261	9.94346859592736e6	0.
-0.000020061756175936347	5.425686403586918e-11	-44492.354227002	1.003026062115551e7	0.
-0.00001489433413061941	5.425686403586918e-11	-55798.08171954519	1.3799625590006543e7	0.
-0.000019909773174603496	5.425686403586918e-11	-44765.540649996125	1.011819282369768e7	0.
-0.00001474235112928656	5.425686403586918e-11	-56205.41318837018	1.3939731868400887e7	0.
-0.000019757790173270647	5.425686403586918e-11	-45041.76785526019	1.0207284534201965e7	0.
-0.000014590368127953708	5.425686403586918e-11	-56617.847913779355	1.4081849480631657e7	0.
-0.000019605807171937795	5.425686403586918e-11	-45321.081227522445	1.029755368757711e7	0.
-0.000014438385126620856	5.425686403586918e-11	-57035.46548068026	1.4226010997272056e7	0.
-0.000019453824170604944	5.425686403586918e-11	-45603.526930863314	1.038901995244481e7	0.
-0.000014286402125288006	5.425686403586918e-11	-57458.34670684505	1.4372249949399421e7	0.
-0.000019301841169272092	5.425686403586918e-11	-45889.151921826386	1.048170288356508e7	0.
-0.000014134419123955154	5.425686403586918e-11	-57886.573652677165	1.4520598806171862e7	0.
-0.00001914985816793924	5.425686403586918e-11	-46178.00396266058	1.057562227136836e7	0.
-0.000013982436122622304	5.425686403586918e-11	-58320.229630406495	1.4671090983958416e7	0.
-0.00001899787516660639	5.425686403586918e-11	-46470.13163468804	1.0670798604483856e7	0.
-0.000013830453121289452	5.425686403586918e-11	-58759.39921266708	1.482376119033447e7	0.
-0.00001884589216527354	5.425686403586918e-11	-46765.58435179178	1.0767251544046544e7	0.
-0.0000136784701199566	5.425686403586918e-11	-59204.16824040952	1.497864371327905e7	0.
-0.000018693909163940688	5.425686403586918e-11	-47064.41237401721	1.086500310446966e7	0.
-0.00001352648711862375	5.425686403586918e-11	-59654.62383009881	1.5135773260434976e7	0.
-0.000018541926162607836	5.425686403586918e-11	-47366.6668212799	1.0964074277312241e7	0.
-0.000013374504117290898	5.425686403586918e-11	-60110.854380145654	1.529518513624643e7	0.
-0.000018389943161274984	5.425686403586918e-11	-47672.39968717271	1.106448558263227e7	0.
-0.000013222521115958048	5.425686403586918e-11	-60572.94957651769	1.5456915622786615e7	0.
-0.000018237960159942136	5.425686403586918e-11	-47981.663852863865	1.1166260622782968e7	0.
-0.000013070538114625196	5.425686403586918e-11	-61041.00039747483	1.5620999902549723e7	0.
-0.000018085977158609284	5.425686403586918e-11	-48294.513101076656	1.1269420944293186e7	0.
-0.000012918555113292345	5.425686403586918e-11	-61515.09911737139	1.5787474558132779e7	0.
-0.000017933994157276432	5.425686403586918e-11	-48611.00213014184	1.13739892481452e7	0.
-0.000012766572111959494	5.425686403586918e-11	-61995.33930946492	1.5956377186631579e7	0.
-0.00001778201115594358	5.425686403586918e-11	-48931.186568111894	1.1479988611025557e7	0.
-0.000012614589110626643	5.425686403586918e-11	-62481.81584767011	1.6127744545714393e7	0.
-0.00001763002815461073	5.425686403586918e-11	-49255.12298692617	1.1587443281159544e7	0.
-0.000012462606109293792	5.425686403586918e-11	-62974.62490719435	1.6301613942386173e7	0.
-0.00001747804515327788	5.425686403586918e-11	-49582.868916614636	1.1696376344395634e7	0.
-0.00001231062310796094	5.425686403586918e-11	-63473.863963989235	1.6478024256510207e7	0.
-0.00001732606215194503	5.425686403586918e-11	-49914.48285952794	1.1806813056267463e7	0.
-0.00001215864010662809	5.425686403586918e-11	-63979.63179295003	1.6657012297096526e7	0.
-0.000017174079150612177	5.425686403586918e-11	-50250.024304579085	1.1918777092337066e7	0.
-0.000012006657105295239	5.425686403586918e-11	-64492.02846479489	1.6838618118731655e7	0.
-0.000017022096149279325	5.425686403586918e-11	-50589.55374148298	1.2032294063932687e7	0.
-0.000011854674103962387	5.425686403586918e-11	-65011.1553415512	1.7022880013716843e7	0.
-0.000016870113147946473	5.425686403586918e-11	-50933.13267497716	1.2147389054311339e7	0.
-0.000011702691102629537	5.425686403586918e-11	-65537.11507057768	1.7209836733290177e7	0.
-0.000016718130146613624	5.425686403586918e-11	-51280.823639007576	1.2264088351230435e7	0.
-0.000011550708101296685	5.425686403586918e-11	-66070.01157704683	1.7399528367382728e7	0.
-0.000016566147145280773	5.425686403586918e-11	-51632.69021086104	1.2382418594414935e7	0.
-0.000011398725099963835	5.425686403586918e-11	-66609.95005481223	1.759199474281678e7	0.
-0.00001641416414394792	5.425686403586918e-11	-51988.797025225525	1.2502406377739407e7	0.
-0.000011246742098630983	5.425686403586918e-11	-67157.0369555834	1.778727514592497e7	0.
-0.00001626218114261507	5.425686403586918e-11	-52349.20978815804	1.2624078155968146e7	0.
-0.000011094759097298131	5.425686403586918e-11	-67711.37997632974	1.7985410523323316e7	0.
-0.000016110198141282217	5.425686403586918e-11	-52713.99529093873	1.2747462471812433e7	0.
-0.000010942776095965281	5.425686403586918e-11	-68273.08804483378	1.8186440339679655e7	0.
-0.00001595821513994937	5.425686403586918e-11	-53083.22142378794	1.2872586754453808e7	0.
-0.00001079079309463243	5.425686403586918e-11	-68842.27130331384	1.839040653602064e7	0.
-0.000015806232138616517	5.425686403586918e-11	-53456.95718942289	1.2999479926741477e7	0.
-0.00001063881009329958	5.425686403586918e-11	-69419.0410900341	1.8597348214804057e7	0.
-0.000015654249137283665	5.425686403586918e-11	-53835.272716427775	1.3128170287252624e7	0.
-0.000010486827091966727	5.425686403586918e-11	-70003.50991882174	1.880730702187415e7	0.
-0.000015502266135950813	5.425686403586918e-11	-54218.23927241089	1.3258687253737623e7	0.
-0.000010334844090633876	5.425686403586918e-11	-70595.79145640822	1.9020323923185553e7	0.
-0.00001535028313461796	5.425686403586918e-11	-54605.92927692012	1.3391061182426902e7	0.
-0.000010182861089301025	5.425686403586918e-11	-71196.00049751351	1.9236439916113712e7	0.
-0.000015198300133285111	5.425686403586918e-11	-54998.41631408681	1.3525321685668124e7	0.
-0.000010030878087968174	5.425686403586918e-11	-71804.25293759201	1.9455695275496185e7	0.
-0.000015046317131952261	5.425686403586918e-11	-55395.77514496681	1.3661499607258307e7	0.
-9.878895086635324e-6	5.425686403586918e-11	-72420.6657431591	1.967813188750129e7	0.
-9.726912085302472e-6	5.425686403586918e-11	-73045.35691961854	1.990379062797513e7	0.
-4.559490039985534e-6	5.425686403586918e-11	-100096.15645762315	2.976110326795422e7	0.
-9.57492908396962e-6	5.425686403586918e-11	-73678.4454765125	2.0132711505207393e7	0.
-4.407507038652682e-6	5.425686403586918e-11	-101088.96041304716	3.0121649099383015e7	0.
-9.42294608263677e-6	5.425686403586918e-11	-74320.05139011749	2.0364936318359766e7	0.
-4.255524037319831e-6	5.425686403586918e-11	-102094.46996189823	3.0486457154900506e7	0.
-9.270963081303918e-6	5.425686403586918e-11	-74970.29556331124	2.0600505531320013e7	0.
-4.10354103598698e-6	5.425686403586918e-11	-103112.79196047914	3.0855529420127824e7	0.
-9.118980079971068e-6	5.425686403586918e-11	-75629.29978263896	2.0839459301282015e7	0.
-3.951558034654129e-6	5.425686403586918e-11	-104144.03094322734	3.1228866935416482e7	0.
-8.966997078638216e-6	5.425686403586918e-11	-76297.18667250962	2.1081837424475882e7	0.
-3.799575033321278e-6	5.425686403586918e-11	-105188.28899515199	3.1606468653889403e7	0.
-8.815014077305364e-6	5.425686403586918e-11	-76974.07964645694	2.1327680755049493e7	0.
-3.647592031988427e-6	5.425686403586918e-11	-106245.66562484515	3.1988330341987778e7	0.
-8.663031075972514e-6	5.425686403586918e-11	-77660.10285540322	2.15770288468573e7	0.
-3.495609030655576e-6	5.425686403586918e-11	-107316.25763838978	3.237444652328914e7	0.
-8.511048074639662e-6	5.425686403586918e-11	-78355.38113286937	2.1829920572327353e7	0.
-3.3436260293227246e-6	5.425686403586918e-11	-108400.15901449518	3.276480854478584e7	0.
-8.359065073306812e-6	5.425686403586918e-11	-79060.03993707876	2.2086394251448233e7	0.
-3.1916430279898736e-6	5.425686403586918e-11	-109497.4607811968	3.3159404893465128e7	0.
-8.20708207197396e-6	5.425686403586918e-11	-79774.20528990898	2.234648952616847e7	0.
-3.0396600266570226e-6	5.425686403586918e-11	-110608.25089446327	3.355822414512034e7	0.
-8.055099070641109e-6	5.425686403586918e-11	-80498.0037126505	2.2610243969491728e7	0.
-2.8876770253241713e-6	5.425686403586918e-11	-111732.6141190556	3.396124924903296e7	0.
-7.903116069308259e-6	5.425686403586918e-11	-81231.56215853976	2.28776936967855e7	0.
-2.7356940239913203e-6	5.425686403586918e-11	-112870.63191198754	3.4368462801099725e7	0.
-7.751133067975407e-6	5.425686403586918e-11	-81975.0079420401	2.314887670094438e7	0.
-2.583711022658469e-6	5.425686403586918e-11	-114022.3823089348	3.4779843572825335e7	0.
-7.599150066642556e-6	5.425686403586918e-11	-82728.4686648522	2.342382832670013e7	0.
-2.431728021325618e-6	5.425686403586918e-11	-115187.93981394032	3.519536927344576e7	0.
-7.447167065309705e-6	5.425686403586918e-11	-83492.07213864535	2.3702585027959812e7	0.
-2.279745019992767e-6	5.425686403586918e-11	-116367.37529275984	3.561501436651298e7	0.
-7.295184063976854e-6	5.425686403586918e-11	-84265.94630450818	2.3985178779865406e7	0.
-2.1277620186599156e-6	5.425686403586918e-11	-117560.75587018646	3.603875143418784e7	0.
-7.143201062644003e-6	5.425686403586918e-11	-85050.21914912974	2.427164560035117e7	0.
-1.9757790173270646e-6	5.425686403586918e-11	-118768.14483168692	3.646654843736629e7	0.
-6.991218061311152e-6	5.425686403586918e-11	-85845.0186177293	2.456201699651357e7	0.
-1.8237960159942135e-6	5.425686403586918e-11	-119989.60152967353	3.689837326405128e7	0.
-6.8392350599783e-6	5.425686403586918e-11	-86650.47252376731	2.4856325158649012e7	0.
-1.6718130146613623e-6	5.425686403586918e-11	-121225.18129472458	3.7334189982954144e7	0.
-6.687252058645449e-6	5.425686403586918e-11	-87466.70845547886	2.5154599723276734e7	0.
-1.5198300133285113e-6	5.425686403586918e-11	-122474.93535205539	3.777396141838234e7	0.
-6.535269057312598e-6	5.425686403586918e-11	-88293.85367928537	2.5456871737160794e7	0.
-1.3678470119956601e-6	5.425686403586918e-11	-123738.91074352626	3.82176463230017e7	0.
-6.383286055979747e-6	5.425686403586918e-11	-89132.0350401507	2.5763168497022748e7	0.
-1.215864010662809e-6	5.425686403586918e-11	-125017.1502554598	3.866520195112089e7	0.
-6.231303054646896e-6	5.425686403586918e-11	-89981.37885896322	2.6073517069811568e7	0.
-1.0638810093299578e-6	5.425686403586918e-11	-126309.692352521	3.911658317236207e7	0.
-6.079320053314045e-6	5.425686403586918e-11	-90842.01082703704	2.6387943565499775e7	0.
-9.118980079971067e-7	5.425686403586918e-11	-127616.57111789552	3.9571742658075884e7	0.
-5.9273370519811935e-6	5.425686403586918e-11	-91714.05589784087	2.670647274265873e7	0.
-7.599150066642557e-7	5.425686403586918e-11	-128937.81619998095	4.003062990002961e7	0.
-5.7753540506483425e-6	5.425686403586918e-11	-92597.63817607646	2.702912705403016e7	0.
-6.079320053314045e-7	5.425686403586918e-11	-130273.45276578376	4.0493193574111685e7	0.
-5.6233710493154915e-6	5.425686403586918e-11	-93492.880804244	2.73559279520309e7	0.
-4.5594900399855336e-7	5.425686403586918e-11	-131623.50146119163	4.095937762365711e7	0.
-5.4713880479826406e-6	5.425686403586918e-11	-94399.90584684578	2.7686896124768216e7	0.
-3.0396600266570224e-7	5.425686403586918e-11	-132987.97837826732	4.142912735216501e7	0.
-5.31940504664979e-6	5.425686403586918e-11	-95318.83417239465	2.802204835762116e7	0.
-1.5198300133285112e-7	5.425686403586918e-11	-134366.89502968357	4.1902383104771934e7	0.
-5.167422045316938e-6	5.425686403586918e-11	-96249.78533340983	2.83614031980611e7	0.
0.	5.425686403586918e-11	-135760.2583303946	4.237908380975067e7	0.
-5.015439043984087e-6	5.425686403586918e-11	-97192.87744459529	2.8704974143435486e7	0.
1.5198300133285112e-7	5.425686403586918e-11	-137168.07058661172	4.285916786929874e7	0.
-4.863456042651236e-6	5.425686403586918e-11	-98148.22705941366	2.905277290173193e7	0.
3.0396600266570224e-7	5.425686403586918e-11	-138590.32949212362	4.334256962964832e7	0.
-4.711473041318385e-6	5.425686403586918e-11	-99115.94904528112	2.9404813540235747e7	0.
5.4713880479826406e-6	5.425686403586918e-11	-195242.22589625942	6.1212196385192335e7	0.
4.5594900399855336e-7	5.425686403586918e-11	-140027.0281319761	4.382922347909285e7	0.
5.6233710493154915e-6	5.425686403586918e-11	-197136.37641058577	6.176314199186795e7	0.
6.079320053314045e-7	5.425686403586918e-11	-141478.15499349637	4.431906038045589e7	0.
5.7753540506483425e-6	5.425686403586918e-11	-199042.3093393464	6.231460386844165e7	0.
7.599150066642557e-7	5.425686403586918e-11	-142943.69398462173	4.4812011634805776e7	0.
5.9273370519811935e-6	5.425686403586918e-11	-200959.90261803896	6.28665082245673e7	0.
9.118980079971067e-7	5.425686403586918e-11	-144423.62445946448	4.530800612571929e7	0.
6.079320053314045e-6	5.425686403586918e-11	-202889.0331041633	6.341878618310375e7	0.
1.0638810093299578e-6	5.425686403586918e-11	-145917.9212510181	4.5806969442407876e7	0.
6.231303054646896e-6	5.425686403586918e-11	-204829.57669301765	6.3971372198217764e7	0.
1.215864010662809e-6	5.425686403586918e-11	-147426.55471088504	4.6308828446230754e7	0.
6.383286055979747e-6	5.425686403586918e-11	-206781.40843113328	6.452419688169949e7	0.
1.3678470119956601e-6	5.425686403586918e-11	-148949.49075587967	4.681350828389566e7	0.
6.535269057312598e-6	5.425686403586918e-11	-208744.40262719608	6.507719660607733e7	0.
1.5198300133285113e-6	5.425686403586918e-11	-150486.69092133694	4.732093142522113e7	0.
6.687252058645449e-6	5.425686403586918e-11	-210718.43296031773	6.563030638313527e7	0.
1.6718130146613623e-6	5.425686403586918e-11	-152038.1124209343	4.783102017842643e7	0.
6.8392350599783e-6	5.425686403586918e-11	-212703.37258553435	6.61834659213736e7	0.
1.8237960159942135e-6	5.425686403586918e-11	-153603.7082128114	4.834369682138553e7	0.
6.991218061311152e-6	5.425686403586918e-11	-214699.0942364245	6.6736611570956774e7	0.
1.9757790173270646e-6	5.425686403586918e-11	-155183.42707175296	4.885888085469758e7	0.
7.143201062644003e-6	5.425686403586918e-11	-216705.4703247531	6.72896861143791e7	0.
2.1277620186599156e-6	5.425686403586918e-11	-156777.21366718065	4.9376492639573626e7	0.
7.295184063976854e-6	5.425686403586918e-11	-218722.37303705967	6.784262877033742e7	0.
2.279745019992767e-6	5.425686403586918e-11	-158385.0086466822	4.989645005474882e7	0.
7.447167065309705e-6	5.425686403586918e-11	-220749.674428125	6.839538462827997e7	0.
2.431728021325618e-6	5.425686403586918e-11	-160006.74872479084	5.041867305243209e7	0.
7.599150066642556e-6	5.425686403586918e-11	-222787.24651126002	6.894789753367707e7	0.
2.583711022658469e-6	5.425686403586918e-11	-161642.36677671346	5.094307842636724e7	0.
7.751133067975407e-6	5.425686403586918e-11	-224834.9613453761	6.950011593866497e7	0.
2.7356940239913203e-6	5.425686403586918e-11	-163291.79193669435	5.1469583780223586e7	0.
7.903116069308259e-6	5.425686403586918e-11	-226892.69111880392	7.005198375203928e7	0.
2.8876770253241713e-6	5.425686403586918e-11	-164954.94970069057	5.1998107202926345e7	0.
8.055099070641109e-6	5.425686403586918e-11	-228960.30822984278	7.060345210807379e7	0.
3.0396600266570226e-6	5.425686403586918e-11	-166631.76203302637	5.252856477527998e7	0.
8.20708207197396e-6	5.425686403586918e-11	-231037.68536402943	7.115447159418938e7	0.
3.1916430279898736e-6	5.425686403586918e-11	-168322.14747668811	5.3060875601184756e7	0.
8.359065073306812e-6	5.425686403586918e-11	-233124.69556812738	7.170499510653411e7	0.
3.3436260293227246e-6	5.425686403586918e-11	-170026.0212669146	5.359495474451707e7	0.
8.511048074639662e-6	5.425686403586918e-11	-235221.21232084613	7.225497537962864e7	0.
3.495609030655576e-6	5.425686403586918e-11	-171743.2954477374	5.413072012809655e7	0.
8.663031075972514e-6	5.425686403586918e-11	-237327.10960030812	7.280436548750244e7	0.
3.647592031988427e-6	5.425686403586918e-11	-173473.8789911209	5.466808879347428e7	0.
8.815014077305364e-6	5.425686403586918e-11	-239442.26194829002	7.335312582983603e7	0.
3.799575033321278e-6	5.425686403586918e-11	-175217.6779183559	5.5206979964787595e7	0.
8.966997078638216e-6	5.425686403586918e-11	-241566.54453127086	7.390121120424952e7	0.
3.951558034654129e-6	5.425686403586918e-11	-176974.59542335942	5.574730985405577e7	0.
9.118980079971068e-6	5.425686403586918e-11	-243699.83319832836	7.444858170513886e7	0.
4.10354103598698e-6	5.425686403586918e-11	-178744.53199753936	5.628899737160479e7	0.
9.270963081303918e-6	5.425686403586918e-11	-245842.0045359288	7.499519847627436e7	0.
4.255524037319831e-6	5.425686403586918e-11	-180527.38555588658	5.6831962094029084e7	0.
9.42294608263677e-6	5.425686403586918e-11	-247992.9359196632	7.554102193999088e7	0.
4.407507038652682e-6	5.425686403586918e-11	-182323.0515639637	5.7376124530908905e7	0.
9.57492908396962e-6	5.425686403586918e-11	-250152.50556298633	7.608601614044863e7	0.
4.559490039985534e-6	5.425686403586918e-11	-184131.42316546786	5.792140488587215e7	0.
9.726912085302472e-6	5.425686403586918e-11	-252320.59256302056	7.663014745582503e7	0.
4.711473041318385e-6	5.425686403586918e-11	-185952.39131005396	5.846772158690137e7	0.
9.878895086635324e-6	5.425686403586918e-11	-254497.0769434893	7.717338015298815e7	0.
4.863456042651236e-6	5.425686403586918e-11	-187785.8448811147	5.9015000681356706e7	0.
0.000010030878087968174	5.425686403586918e-11	-256681.83969485032	7.771568156683037e7	0.
5.015439043984087e-6	5.425686403586918e-11	-189631.6708232244	5.9563162621458836e7	0.
0.000010182861089301025	5.425686403586918e-11	-258874.76281169997	7.825702073455633e7	0.
5.167422045316938e-6	5.425686403586918e-11	-191489.75426896714	6.011213255358327e7	0.
0.000010334844090633876	5.425686403586918e-11	-261075.72932752283	7.879736788212839e7	0.
5.31940504664979e-6	5.425686403586918e-11	-193359.97866488012	6.0661834297467425e7	0.
0.000010486827091966727	5.425686403586918e-11	-263284.62334686454	7.933669447763044e7	0.
0.000015502266135950813	5.425686403586918e-11	-339938.1460790828	9.643374894737871e7	0.
0.00001063881009329958	5.425686403586918e-11	-265501.33007500507	7.987497120766488e7	0.
0.000015654249137283665	5.425686403586918e-11	-342356.3550800279	9.692827856142105e7	0.
0.00001079079309463243	5.425686403586918e-11	-267725.73584521294	8.041217231861651e7	0.
0.000015806232138616517	5.425686403586918e-11	-344779.2151099512	9.74213566624424e7	0.
0.000010942776095965281	5.425686403586918e-11	-269957.72814366105	8.094827201229224e7	0.
0.00001595821513994937	5.425686403586918e-11	-347206.6549012444	9.79129798710545e7	0.
0.000011094759097298131	5.425686403586918e-11	-272197.19563208515	8.148324690508842e7	0.
0.000016110198141282217	5.425686403586918e-11	-349638.6043253233	9.840315297771719e7	0.
0.000011246742098630983	5.425686403586918e-11	-274444.028168267	8.2017073884392e7	0.
0.00001626218114261507	5.425686403586918e-11	-352074.9943794707	9.889187312628697e7	0.
0.000011398725099963835	5.425686403586918e-11	-276698.116824424	8.254973050575949e7	0.
0.00001641416414394792	5.425686403586918e-11	-354515.7571734664	9.937914233821674e7	0.
0.000011550708101296685	5.425686403586918e-11	-278959.3539035867	8.30811937843935e7	0.
0.000016566147145280773	5.425686403586918e-11	-356960.82591603015	9.986496223508978e7	0.
0.000011702691102629537	5.425686403586918e-11	-281227.6329540457	8.361144747427192e7	0.
0.000016718130146613624	5.425686403586918e-11	-359410.13490110484	1.0034933039335172e8	0.
0.000011854674103962387	5.425686403586918e-11	-283502.84878194745	8.414047088136959e7	0.
0.000016870113147946473	5.425686403586918e-11	-361863.6194940025	1.0083224898701207e8	0.
0.000012006657105295239	5.425686403586918e-11	-285784.8974621193	8.466824542565997e7	0.
0.000017022096149279325	5.425686403586918e-11	-364321.2161174365	1.0131372160202952e8	0.
0.00001215864010662809	5.425686403586918e-11	-288073.67634720256	8.51947536575371e7	0.
0.000017174079150612177	5.425686403586918e-11	-366782.86223746074	1.0179374920393068e8	0.
0.00001231062310796094	5.425686403586918e-11	-290369.0840751699	8.571998225145563e7	0.
0.00001732606215194503	5.425686403586918e-11	-369248.49634933774	1.0227233257764566e8	0.
0.000012462606109293792	5.425686403586918e-11	-292671.02057530324	8.624391321359657e7	0.
0.00001747804515327788	5.425686403586918e-11	-371718.05796335265	1.0274947880777007e8	0.
0.000012614589110626643	5.425686403586918e-11	-294979.38707270706	8.676653214989199e7	0.
0.00001763002815461073	5.425686403586918e-11	-374191.4875905923	1.0322518610846034e8	0.
0.000012766572111959494	5.425686403586918e-11	-297294.0860914301	8.72878275798045e7	0.
0.00001778201115594358	5.425686403586918e-11	-376668.72672870615	1.0369945817414753e8	0.
0.000012918555113292345	5.425686403586918e-11	-299615.0214562647	8.780778671885954e7	0.
0.000017933994157276432	5.425686403586918e-11	-379149.7178476643	1.0417230077407272e8	0.
0.000013070538114625196	5.425686403586918e-11	-301942.0982932963	8.832639590228157e7	0.
0.000018085977158609284	5.425686403586918e-11	-381634.4043755273	1.0464371487645634e8	0.
0.000013222521115958048	5.425686403586918e-11	-304275.2230292673	8.884364322220351e7	0.
0.000018237960159942136	5.425686403586918e-11	-384122.7306842427	1.0511370501831129e8	0.
0.000013374504117290898	5.425686403586918e-11	-306614.3033898234	8.935952188755675e7	0.
0.000018389943161274984	5.425686403586918e-11	-386614.6420754796	1.0558227505417293e8	0.
0.00001352648711862375	5.425686403586918e-11	-308959.24839670473	8.987402134181215e7	0.
0.000018541926162607836	5.425686403586918e-11	-389110.08476651495	1.0604942829656063e8	0.
0.0000136784701199566	5.425686403586918e-11	-311309.9683639436	9.03871321182855e7	0.
0.000018693909163940688	5.425686403586918e-11	-391609.0058761804	1.0651517066451964e8	0.
0.000013830453121289452	5.425686403586918e-11	-313666.3748931293	9.089884294019975e7	0.
0.00001884589216527354	5.425686403586918e-11	-394111.3534108832	1.0697950664044642e8	0.
0.000013982436122622304	5.425686403586918e-11	-316028.3808677969	9.140915183045802e7	0.
0.00001899787516660639	5.425686403586918e-11	-396617.0762507076	1.074424382262937e8	0.
0.000014134419123955154	5.425686403586918e-11	-318395.9004469957	9.191804835163142e7	0.
0.00001914985816793924	5.425686403586918e-11	-399126.12413560826	1.079039727753539e8	0.
0.000014286402125288006	5.425686403586918e-11	-320768.8490580917	9.242552624563368e7	0.
0.000019301841169272092	5.425686403586918e-11	-401638.44765170227	1.0836411528154278e8	0.
0.000014438385126620856	5.425686403586918e-11	-323147.1433888551	9.293158232932022e7	0.
0.000019453824170604944	5.425686403586918e-11	-404153.99821766734	1.0882286806664544e8	0.
0.000014590368127953708	5.425686403586918e-11	-325530.7013788824	9.34362090240603e7	0.
0.000019605807171937795	5.425686403586918e-11	-406672.7280712546	1.0928023897819047e8	0.
0.00001474235112928656	5.425686403586918e-11	-327919.44221040135	9.39394016945472e7	0.
0.000019757790173270647	5.425686403586918e-11	-409194.59025592054	1.0973623248803829e8	0.
0.00001489433413061941	5.425686403586918e-11	-330313.2862985045	9.444115808457641e7	0.
0.000019909773174603496	5.425686403586918e-11	-411719.5386075846	1.1019085494674069e8	0.
0.000015046317131952261	5.425686403586918e-11	-332712.1552808543	9.494147469879822e7	0.
0.000020061756175936347	5.425686403586918e-11	-414247.5277415186	1.1064410910580839e8	0.
0.000015198300133285111	5.425686403586918e-11	-335115.97200690245	9.544034593715602e7	0.
0.0000202137391772692	5.425686403586918e-11	-416778.5130393709	1.110960026026543e8	0.
0.00001535028313461796	5.425686403586918e-11	-337524.66052666394	9.593777280650803e7	0.
0.00002036572217860205	5.425686403586918e-11	-419312.45063633105	1.1154654263019688e8	0.
0.000020517705179934903	5.425686403586918e-11	-421849.29740843835	1.1199573264914156e8	0.
0.00002553314422391899	5.425686403586918e-11	-506953.57920557365	1.2610358909677821e8	0.
0.00002066968818126775	5.425686403586918e-11	-424389.01096003776	1.1244358028722785e8	0.
0.00002568512722525184	5.425686403586918e-11	-509568.2091564254	1.2651072829684015e8	0.
0.000020821671182600603	5.425686403586918e-11	-426931.549611386	1.1289008874347556e8	0.
0.00002583711022658469	5.425686403586918e-11	-512184.6186641761	1.2691674671766698e8	0.
0.000020973654183933455	5.425686403586918e-11	-429476.87238641066	1.1333526613466768e8	0.
0.00002598909322791754	5.425686403586918e-11	-514802.78415157215	1.273216516824872e8	0.
0.000021125637185266307	5.425686403586918e-11	-432024.9390006246	1.1377911927413252e8	0.
0.000026141076229250393	5.425686403586918e-11	-517422.68242286635	1.2772544825734864e8	0.
0.00002127762018659916	5.425686403586918e-11	-434575.70984919765	1.14221654354903e8	0.
0.000026293059230583244	5.425686403586918e-11	-520044.2906569129	1.2812814455178513e8	0.
0.000021429603187932007	5.425686403586918e-11	-437129.1459951874	1.1466287603389306e8	0.
0.000026445042231916096	5.425686403586918e-11	-522667.58640038874	1.2852974364983869e8	0.
0.00002158158618926486	5.425686403586918e-11	-439685.2091579303	1.1510279064499144e8	0.
0.000026597025233248945	5.425686403586918e-11	-525292.5475611411	1.2893025789762749e8	0.
0.00002173356919059771	5.425686403586918e-11	-442243.8617015938	1.155414070308792e8	0.
0.000026749008234581796	5.425686403586918e-11	-527919.1524016567	1.2932968784138505e8	0.
0.000021885552191930562	5.425686403586918e-11	-444805.06662389106	1.1597872756002277e8	0.
0.000026900991235914648	5.425686403586918e-11	-530547.3795326542	1.2972804424133244e8	0.
0.000022037535193263414	5.425686403586918e-11	-447368.78754495876	1.1641476266772406e8	0.
0.0000270529742372475	5.425686403586918e-11	-533177.2079067937	1.3012532994523472e8	0.
0.000022189518194596263	5.425686403586918e-11	-449934.9886963976	1.1684951991886622e8	0.
0.000027204957238580352	5.425686403586918e-11	-535808.6168125055	1.3052155388287212e8	0.
0.000022341501195929114	5.425686403586918e-11	-452503.63491047634	1.1728299870337458e8	0.
0.0000273569402399132	5.425686403586918e-11	-538441.5858679338	1.3091672160752815e8	0.
0.000022493484197261966	5.425686403586918e-11	-455074.6916095004	1.1771521293235923e8	0.
0.000027508923241246052	5.425686403586918e-11	-541076.0950149933	1.313108394059803e8	0.
0.000022645467198594818	5.425686403586918e-11	-457648.1247953413	1.1814616462157653e8	0.
0.000027660906242578904	5.425686403586918e-11	-543712.1245135384	1.3170391437879866e8	0.
0.00002279745019992767	5.425686403586918e-11	-460223.9010391313	1.185758630020184e8	0.
0.000027812889243911756	5.425686403586918e-11	-546349.6549356412	1.3209595101859021e8	0.
0.000022949433201260518	5.425686403586918e-11	-462801.9874711189	1.1900431312011363e8	0.
0.000027964872245244608	5.425686403586918e-11	-548988.6671599786	1.3248695641650045e8	0.
0.00002310141620259337	5.425686403586918e-11	-465382.35177068703	1.1943152390268122e8	0.
0.000028116855246577456	5.425686403586918e-11	-551629.1423663244	1.328769349843563e8	0.
0.000023253399203926222	5.425686403586918e-11	-467964.9621565304	1.1985749977431944e8	0.
0.000028268838247910308	5.425686403586918e-11	-554271.0620301462	1.3326589720887211e8	0.
0.000023405382205259074	5.425686403586918e-11	-470549.7873769949	1.2028224815993294e8	0.
0.00002842082124924316	5.425686403586918e-11	-556914.407917304	1.3365384491756786e8	0.
0.000023557365206591925	5.425686403586918e-11	-473136.796700574	1.2070577422959249e8	0.
0.00002857280425057601	5.425686403586918e-11	-559559.1620788502	1.3404078852505773e8	0.
0.000023709348207924774	5.425686403586918e-11	-475725.9599065642	1.211280884119079e8	0.
0.000028724787251908863	5.425686403586918e-11	-562205.3068459275	1.344267278506339e8	0.
0.000023861331209257626	5.425686403586918e-11	-478317.2472758762	1.2154919530337527e8	0.
0.00002887677025324171	5.425686403586918e-11	-564852.824824765	1.348116751166388e8	0.
0.000024013314210590477	5.425686403586918e-11	-480910.6295820009	1.219690998970706e8	0.
0.000029028753254574563	5.425686403586918e-11	-567501.6988917676	1.351956312270156e8	0.
0.00002416529721192333	5.425686403586918e-11	-483506.07808213064	1.2238781311365452e8	0.
0.000029180736255907415	5.425686403586918e-11	-570151.9121887012	1.3557860614035589e8	0.
0.00002431728021325618	5.425686403586918e-11	-486103.56450843054	1.2280533637717146e8	0.
0.000029332719257240267	5.425686403586918e-11	-572803.4481179677	1.35960605745963e8	0.
0.00002446926321458903	5.425686403586918e-11	-488703.06105946255	1.2322167920056872e8	0.
0.00002948470225857312	5.425686403586918e-11	-575456.2903379711	1.3634163116539577e8	0.
0.00002462124621592188	5.425686403586918e-11	-491304.54039175744	1.2363685068850288e8	0.
0.000029636685259905967	5.425686403586918e-11	-578110.422758572	1.3672169289330187e8	0.
0.000024773229217254733	5.425686403586918e-11	-493907.97561153414	1.2405085328753877e8	0.
0.00002978866826123882	5.425686403586918e-11	-580765.8295366291	1.3710079526843885e8	0.
0.000024925212218587585	5.425686403586918e-11	-496513.3402665655	1.2446369441896155e8	0.
0.00002994065126257167	5.425686403586918e-11	-583422.4950716249	1.3747894401826686e8	0.
0.000025077195219920433	5.425686403586918e-11	-499120.60833818774	1.2487538107263817e8	0.
0.000030092634263904523	5.425686403586918e-11	-586080.4040013753	1.3785614481265554e8	0.
0.000025229178221253285	5.425686403586918e-11	-501729.7542334519	1.2528592283276328e8	0.
0.000030244617265237375	5.425686403586918e-11	-588739.5411978225	1.38232402055953e8	0.
0.000025381161222586137	5.425686403586918e-11	-504340.75277741556	1.2569532330493228e8	0.
0.000030396600266570223	5.425686403586918e-11	-591399.8917629067	1.386077240492844e8	0.
