# Filename	C:\Users\edmag\Documents\Work\2D-Comp-Model\computation\Turning Timeresults\2018-02-05T05-36-33.txt
# Source	C:\Users\edmag\Documents\Work\2D-Comp-Model\computation\Turning Time\turning.nb
# Note	1D calculation of turning time vs. field and orbit energy.
# Date	2018-02-05T05:36:33
# Dir	-1
# field	3.8310402204538457e-11
# zi	-6.
W	field	zt	t	argt
-0.000030396600266570223	3.8310402204538457e-11	-31636.93554819027	6.162452444559648e6	0.
-0.000025229178221253285	3.8310402204538457e-11	-37501.13205589828	7.908549324148038e6	0.
-0.000030244617265237375	3.8310402204538457e-11	-31784.093285805506	6.2046940110700745e6	0.
-0.000025077195219920433	3.8310402204538457e-11	-37704.989941573804	7.971447000744267e6	0.
-0.000030092634263904523	3.8310402204538457e-11	-31932.574706396914	6.247401080402887e6	0.
-0.000024925212218587585	3.8310402204538457e-11	-37910.960003624445	8.035138547227116e6	0.
-0.00002994065126257167	3.8310402204538457e-11	-32082.39704374271	6.290582669842847e6	0.
-0.000024773229217254733	3.8310402204538457e-11	-38119.073405695795	8.099636464132662e6	0.
-0.00002978866826123882	3.8310402204538457e-11	-32233.57781916847	6.334243569343436e6	0.
-0.00002462124621592188	3.8310402204538457e-11	-38329.3618888271	8.164955017247258e6	0.
-0.000029636685259905967	3.8310402204538457e-11	-32386.13484727314	6.378394337232408e6	0.
-0.00002446926321458903	3.8310402204538457e-11	-38541.85778385755	8.231106972856032e6	0.
-0.00002948470225857312	3.8310402204538457e-11	-32540.086241782516	6.423036319617903e6	0.
-0.00002431728021325618	3.8310402204538457e-11	-38756.59402412097	8.298107243948719e6	0.
-0.000029332719257240267	3.8310402204538457e-11	-32695.450421536818	6.468182409366441e6	0.
-0.00002416529721192333	3.8310402204538457e-11	-38973.604158434806	8.3659708804590255e6	0.
-0.000029180736255907415	3.8310402204538457e-11	-32852.2461166119	6.513838266279239e6	0.
-0.000024013314210590477	3.8310402204538457e-11	-39192.92236439018	8.434710237154115e6	0.
-0.000029028753254574563	3.8310402204538457e-11	-33010.492374580484	6.560012925306847e6	0.
-0.000023861331209257626	3.8310402204538457e-11	-39414.58346195054	8.504342475369884e6	0.
-0.00002887677025324171	3.8310402204538457e-11	-33170.20856691452	6.606710142877864e6	0.
-0.000023709348207924774	3.8310402204538457e-11	-39638.6229273642	8.574881806071775e6	0.
-0.000028724787251908863	3.8310402204538457e-11	-33331.41439553393	6.65394467294656e6	0.
-0.000023557365206591925	3.8310402204538457e-11	-39865.07690739945	8.646344277344657e6	0.
-0.00002857280425057601	3.8310402204538457e-11	-33494.12989950386	6.7017182295488e6	0.
-0.000023405382205259074	3.8310402204538457e-11	-40093.98223390794	8.718745660458392e6	0.
-0.00002842082124924316	3.8310402204538457e-11	-33658.37546188492	6.750043042731088e6	0.
-0.000023253399203926222	3.8310402204538457e-11	-40325.376438724285	8.792101974874403e6	0.
-0.000028268838247910308	3.8310402204538457e-11	-33824.17181673933	6.798926192244642e6	0.
-0.00002310141620259337	3.8310402204538457e-11	-40559.2977689089	8.866430050476925e6	0.
-0.000028116855246577456	3.8310402204538457e-11	-33991.54005629801	6.8483766350367e6	0.
-0.000022949433201260518	3.8310402204538457e-11	-40795.7852023412	8.941746136730546e6	0.
-0.000027964872245244608	3.8310402204538457e-11	-34160.501638291214	6.898403416232789e6	0.
-0.000027812889243911756	3.8310402204538457e-11	-34331.078393447315	6.949015151193219e6	0.
-0.00002279745019992767	3.8310402204538457e-11	-41034.87846367107	9.018068763324954e6	0.
-0.000027660906242578904	3.8310402204538457e-11	-34503.292533163876	7.000221238465221e6	0.
-0.000022645467198594818	3.8310402204538457e-11	-41276.61804063527	9.09541403237723e6	0.
-0.000027508923241246052	3.8310402204538457e-11	-34677.16665735485	7.052030883549269e6	0.
-0.000022493484197261966	3.8310402204538457e-11	-41521.04520074752	9.173800854931138e6	0.
-0.0000273569402399132	3.8310402204538457e-11	-34852.72376247842	7.1044536984639615e6	0.
-0.000027204957238580352	3.8310402204538457e-11	-35029.98724974974	7.157500310165675e6	0.
-0.000022341501195929114	3.8310402204538457e-11	-41768.20200836861	9.253247990231602e6	0.
-0.0000270529742372475	3.8310402204538457e-11	-35208.98093354294	7.211177748651458e6	0.
-0.000022189518194596263	3.8310402204538457e-11	-42018.13134216511	9.333772360457966e6	0.
-0.000026900991235914648	3.8310402204538457e-11	-35389.72904998739	7.265498951311753e6	0.
-0.000022037535193263414	3.8310402204538457e-11	-42270.876912964144	9.415394044094216e6	0.
-0.000026749008234581796	3.8310402204538457e-11	-35572.25626576211	7.320473066265535e6	0.
-0.000021885552191930562	3.8310402204538457e-11	-42526.48328201185	9.498132876922214e6	0.
-0.000026597025233248945	3.8310402204538457e-11	-35756.58768709398	7.37611164241662e6	0.
-0.00002173356919059771	3.8310402204538457e-11	-42784.99587964341	9.582009192469884e6	0.
-0.000026445042231916096	3.8310402204538457e-11	-35942.74886896367	7.432423383905106e6	0.
-0.00002158158618926486	3.8310402204538457e-11	-43046.46102437231	9.66704204064304e6	0.
-0.000026293059230583244	3.8310402204538457e-11	-36130.76582452554	7.489420754142407e6	0.
-0.000021429603187932007	3.8310402204538457e-11	-43310.92594240726	9.753253258702943e6	0.
-0.000026141076229250393	3.8310402204538457e-11	-36320.66503474506	7.547114509878831e6	0.
-0.00002127762018659916	3.8310402204538457e-11	-43578.43878760343	9.840663819597868e6	0.
-0.00002598909322791754	3.8310402204538457e-11	-36512.47345826025	7.605516145330546e6	0.
-0.000021125637185266307	3.8310402204538457e-11	-43849.048661856825	9.929294786910135e6	0.
-0.00002583711022658469	3.8310402204538457e-11	-36706.21854147157	7.664636336845362e6	0.
-0.000020973654183933455	3.8310402204538457e-11	-44122.80563594891	1.0019168119073942e7	0.
-0.00002568512722525184	3.8310402204538457e-11	-36901.92822886654	7.724488082190728e6	0.
-0.000020821671182600603	3.8310402204538457e-11	-44399.76077084953	1.0110307931367964e7	0.
-0.00002553314422391899	3.8310402204538457e-11	-37099.630973583415	7.785082724835993e6	0.
-0.00002066968818126775	3.8310402204538457e-11	-44679.966139484815	1.0202735939368047e7	0.
-0.000025381161222586137	3.8310402204538457e-11	-37299.35574822081	7.8464322203285685e6	0.
-0.000020517705179934903	3.8310402204538457e-11	-44963.47484897905	1.0296475257878391e7	0.
-0.00002036572217860205	3.8310402204538457e-11	-45250.34106337652	1.0391551971344229e7	0.
-0.000020061756175936347	3.8310402204538457e-11	-45834.3680874082	1.058580951426586e7	0.
-0.0000202137391772692	3.8310402204538457e-11	-45540.62002685057	1.0487987573216379e7	0.
-0.000019909773174603496	3.8310402204538457e-11	-46131.64272109509	1.068504268205415e7	0.
-0.000019757790173270647	3.8310402204538457e-11	-46432.50255670918	1.0785713669840511e7	0.
-0.00001489433413061941	3.8310402204538457e-11	-58374.75020544268	1.4955693521725774e7	0.
-0.000019605807171937795	3.8310402204538457e-11	-46737.00740102804	1.0887848122654133e7	0.
-0.00001474235112928656	3.8310402204538457e-11	-58836.04526604773	1.5122776349273821e7	0.
-0.000019453824170604944	3.8310402204538457e-11	-47045.21826455675	1.0991473620567663e7	0.
-0.000014590368127953708	3.8310402204538457e-11	-59303.81641452193	1.5292603111860456e7	0.
-0.000019301841169272092	3.8310402204538457e-11	-47357.1973878014	1.1096619185628861e7	0.
-0.000014438385126620856	3.8310402204538457e-11	-59778.18229437585	1.5465227506858556e7	0.
-0.00001914985816793924	3.8310402204538457e-11	-47673.008268073245	1.1203311758330826e7	0.
-0.000014286402125288006	3.8310402204538457e-11	-60259.26392963885	1.564070411377762e7	0.
-0.00001899787516660639	3.8310402204538457e-11	-47992.715686829164	1.1311579545196969e7	0.
-0.000014134419123955154	3.8310402204538457e-11	-60747.18476526211	1.5819089772232275e7	0.
-0.00001884589216527354	3.8310402204538457e-11	-48316.385737552	1.1421454651659532e7	0.
-0.000013982436122622304	3.8310402204538457e-11	-61242.070707405226	1.6000440566738112e7	0.
-0.000018693909163940688	3.8310402204538457e-11	-48644.08585417422	1.1532966038781468e7	0.
-0.000013830453121289452	3.8310402204538457e-11	-61744.05016353465	1.6184814067470608e7	0.
-0.000018541926162607836	3.8310402204538457e-11	-48975.8848400492	1.164614538098433e7	0.
-0.0000136784701199566	3.8310402204538457e-11	-62253.254082255764	1.6372270600662703e7	0.
-0.000018389943161274984	3.8310402204538457e-11	-49311.85289747144	1.1761022568686191e7	0.
-0.00001352648711862375	3.8310402204538457e-11	-62769.81599279506	1.656287014942585e7	0.
-0.000018237960159942136	3.8310402204538457e-11	-49652.06165774853	1.1877631700573465e7	0.
-0.000013374504117290898	3.8310402204538457e-11	-63293.872044043084	1.6756672232232545e7	0.
-0.000018085977158609284	3.8310402204538457e-11	-49996.5842118247	1.1996004144801205e7	0.
-0.000017933994157276432	3.8310402204538457e-11	-50345.49514145747	1.2116174928511113e7	0.
-0.000013222521115958048	3.8310402204538457e-11	-63825.56104306244	1.6953741703090977e7	0.
-0.00001778201115594358	3.8310402204538457e-11	-50698.8705509452	1.223817700123182e7	0.
-0.000013070538114625196	3.8310402204538457e-11	-64365.02449295758	1.7154140981246542e7	0.
-0.00001763002815461073	3.8310402204538457e-11	-51056.788099405254	1.2362047557606526e7	0.
-0.000012918555113292345	3.8310402204538457e-11	-64912.40662999791	1.7357933779711545e7	0.
-0.00001747804515327788	3.8310402204538457e-11	-51419.32703359807	1.2487819597312633e7	0.
-0.000012766572111959494	3.8310402204538457e-11	-65467.854459877475	1.7565188055553555e7	0.
-0.00001732606215194503	3.8310402204538457e-11	-51786.56822129522	1.261553175593743e7	0.
-0.000012614589110626643	3.8310402204538457e-11	-66031.51779298652	1.7775969390445776e7	0.
-0.000017174079150612177	3.8310402204538457e-11	-52158.594185183865	1.2745220637487654e7	0.
-0.000012462606109293792	3.8310402204538457e-11	-66603.5492785644	1.7990345410564344e7	0.
-0.000017022096149279325	3.8310402204538457e-11	-52535.489137302575	1.287692477372418e7	0.
-0.00001231062310796094	3.8310402204538457e-11	-67184.10443759346	1.820838589865437e7	0.
-0.000016870113147946473	3.8310402204538457e-11	-52917.339013999255	1.3010682612765696e7	0.
-0.00001215864010662809	3.8310402204538457e-11	-67773.34169428595	1.8430161480844293e7	0.
-0.000016718130146613624	3.8310402204538457e-11	-53304.231511401704	1.3146533728810925e7	0.
-0.000012006657105295239	3.8310402204538457e-11	-68371.42240600793	1.8655743656303458e7	0.
-0.000016566147145280773	3.8310402204538457e-11	-53696.256121389146	1.3284518880435158e7	0.
-0.000011854674103962387	3.8310402204538457e-11	-68978.51089147468	1.8885204121842373e7	0.
-0.00001641416414394792	3.8310402204538457e-11	-54093.504168051055	1.342468020694481e7	0.
-0.000011702691102629537	3.8310402204538457e-11	-69594.77445704406	1.911861692178962e7	0.
-0.00001626218114261507	3.8310402204538457e-11	-54496.06884461787	1.3567058914752718e7	0.
-0.000011550708101296685	3.8310402204538457e-11	-70220.38342092396	1.9356057864592407e7	0.
-0.000016110198141282217	3.8310402204538457e-11	-54904.04525084634	1.3711699285899123e7	0.
-0.00001595821513994937	3.8310402204538457e-11	-55317.53043083883	1.3858644781839004e7	0.
-0.000011398725099963835	3.8310402204538457e-11	-70855.51113510158	1.9597599869914748e7	0.
-0.000015806232138616517	3.8310402204538457e-11	-55736.62341127486	1.400793909848234e7	0.
-0.000011246742098630983	3.8310402204538457e-11	-71500.33400479329	1.984332324470992e7	0.
-0.000015654249137283665	3.8310402204538457e-11	-56161.42524002973	1.4159629885165982e7	0.
-0.000011094759097298131	3.8310402204538457e-11	-72155.03150520189	2.0093303753191e7	0.
-0.000015502266135950813	3.8310402204538457e-11	-56592.03902515201	1.4313763280579193e7	0.
-0.000010942776095965281	3.8310402204538457e-11	-72819.78619536216	2.0347621257696576e7	0.
-0.00001535028313461796	3.8310402204538457e-11	-57028.56997416979	1.447038696696003e7	0.
-0.00001079079309463243	3.8310402204538457e-11	-73494.7837288424	2.0606356898480613e7	0.
-0.000015198300133285111	3.8310402204538457e-11	-57471.12543369132	1.4629550388277452e7	0.
-0.00001063881009329958	3.8310402204538457e-11	-74180.21286106197	2.0869589013420586e7	0.
-0.000015046317131952261	3.8310402204538457e-11	-57919.81492926279	1.4791302350250125e7	0.
-0.000010486827091966727	3.8310402204538457e-11	-74876.26545297552	2.113740049724238e7	0.
-0.000010334844090633876	3.8310402204538457e-11	-75583.13647086377	2.1409876005774517e7	0.
-9.726912085302472e-6	3.8310402204538457e-11	-78522.81244282523	2.254808962657806e7	0.
-0.000010182861089301025	3.8310402204538457e-11	-76301.02398196232	2.1687097229717627e7	0.
-9.57492908396962e-6	3.8310402204538457e-11	-79286.80820858448	2.284514947627338e7	0.
-0.000010030878087968174	3.8310402204538457e-11	-77030.12914565206	2.1969149364999e7	0.
-9.42294608263677e-6	3.8310402204538457e-11	-80062.85683810845	2.314738632704109e7	0.
-9.878895086635324e-6	3.8310402204538457e-11	-77770.65619992396	2.225611781360876e7	0.
-9.270963081303918e-6	3.8310402204538457e-11	-80851.17464353495	2.3454887614577174e7	0.
-9.118980079971068e-6	3.8310402204538457e-11	-81651.98086652282	2.3767741541940633e7	0.
-4.559490039985534e-6	3.8310402204538457e-11	-112666.19087622467	3.607328803545287e7	0.
-8.966997078638216e-6	3.8310402204538457e-11	-82465.49762995512	2.4086037364255242e7	0.
-4.407507038652682e-6	3.8310402204538457e-11	-113974.29557114128	3.6593641980228275e7	0.
-8.815014077305364e-6	3.8310402204538457e-11	-83291.94988272841	2.440986469404215e7	0.
-4.255524037319831e-6	3.8310402204538457e-11	-115302.76116348633	3.712173446927686e7	0.
-8.663031075972514e-6	3.8310402204538457e-11	-84131.56533729976	2.4739312743490897e7	0.
-8.511048074639662e-6	3.8310402204538457e-11	-84984.57439966274	2.507447131405522e7	0.
-4.10354103598698e-6	3.8310402204538457e-11	-116651.82275215712	3.7657595230471686e7	0.
-8.359065073306812e-6	3.8310402204538457e-11	-85851.21009142442	2.5415429470297392e7	0.
-8.20708207197396e-6	3.8310402204538457e-11	-86731.70796365962	2.5762277395432625e7	0.
-3.951558034654129e-6	3.8310402204538457e-11	-118021.71150748299	3.820125045885917e7	0.
-8.055099070641109e-6	3.8310402204538457e-11	-87626.30600222197	2.611510407735892e7	0.
-7.903116069308259e-6	3.8310402204538457e-11	-88535.24452420033	2.6473999567336332e7	0.
-3.799575033321278e-6	3.8310402204538457e-11	-119412.65431419914	3.875271883558915e7	0.
-7.751133067975407e-6	3.8310402204538457e-11	-89458.76606521665	2.683905305321724e7	0.
-3.647592031988427e-6	3.8310402204538457e-11	-120824.8734113212	3.93120159875491e7	0.
-7.599150066642556e-6	3.8310402204538457e-11	-90397.11525727405	2.721035157320811e7	0.
-3.495609030655576e-6	3.8310402204538457e-11	-122258.58602999459	3.9879151739243254e7	0.
-7.447167065309705e-6	3.8310402204538457e-11	-91350.5386968784	2.7587983967068806e7	0.
-3.3436260293227246e-6	3.8310402204538457e-11	-123714.00403045543	4.0454129639739074e7	0.
-7.295184063976854e-6	3.8310402204538457e-11	-92319.28480317227	2.7972036928566262e7	0.
-3.1916430279898736e-6	3.8310402204538457e-11	-125191.33353929411	4.103694745196695e7	0.
-7.143201062644003e-6	3.8310402204538457e-11	-93303.60366584176	2.8362596252824318e7	0.
-3.0396600266570226e-6	3.8310402204538457e-11	-126690.77458826541	4.1627597532266006e7	0.
-6.991218061311152e-6	3.8310402204538457e-11	-94303.74688257837	2.8759748222479124e7	0.
-2.8876770253241713e-6	3.8310402204538457e-11	-128212.52075593318	4.222606742026055e7	0.
-6.8392350599783e-6	3.8310402204538457e-11	-95319.96738590434	2.916357475320552e7	0.
-2.7356940239913203e-6	3.8310402204538457e-11	-129756.75881347604	4.2832336075572774e7	0.
-6.687252058645449e-6	3.8310402204538457e-11	-96352.51925919966	2.9574159819932584e7	0.
-2.583711022658469e-6	3.8310402204538457e-11	-131323.66837601335	4.3446378221801616e7	0.
-6.535269057312598e-6	3.8310402204538457e-11	-97401.6575418008	2.9991583802673813e7	0.
-2.431728021325618e-6	3.8310402204538457e-11	-132913.42156083087	4.406816024827168e7	0.
-6.383286055979747e-6	3.8310402204538457e-11	-98467.63802307789	3.0415925852849882e7	0.
-2.279745019992767e-6	3.8310402204538457e-11	-134526.18265390358	4.469764486869013e7	0.
-6.231303054646896e-6	3.8310402204538457e-11	-99550.71702543626	3.0847263054671764e7	0.
-2.1277620186599156e-6	3.8310402204538457e-11	-136162.10778611485	4.533478628989705e7	0.
-6.079320053314045e-6	3.8310402204538457e-11	-100651.15117623135	3.128567110137237e7	0.
-1.9757790173270646e-6	3.8310402204538457e-11	-137821.3446205696	4.5979531953925095e7	0.
-5.9273370519811935e-6	3.8310402204538457e-11	-101769.1971686324	3.1731222256580148e7	0.
-1.8237960159942135e-6	3.8310402204538457e-11	-139504.03205238332	4.6631825756866716e7	0.
-5.7753540506483425e-6	3.8310402204538457e-11	-102905.11151152058	3.218398748388592e7	0.
-1.6718130146613623e-6	3.8310402204538457e-11	-141210.29992230376	4.7291600629209794e7	0.
-5.6233710493154915e-6	3.8310402204538457e-11	-104059.15026855982	3.2644034207322177e7	0.
-1.5198300133285113e-6	3.8310402204538457e-11	-142940.26874548878	4.79587873101546e7	0.
-5.4713880479826406e-6	3.8310402204538457e-11	-105231.568786636	3.311142802637713e7	0.
-1.3678470119956601e-6	3.8310402204538457e-11	-144694.04945671576	4.863330669977631e7	0.
-5.31940504664979e-6	3.8310402204538457e-11	-106422.62141391847	3.3586229194250725e7	0.
-1.215864010662809e-6	3.8310402204538457e-11	-146471.74317324438	4.9315074617261365e7	0.
-5.167422045316938e-6	3.8310402204538457e-11	-107632.56120786203	3.4068498086638376e7	0.
-1.0638810093299578e-6	3.8310402204538457e-11	-148273.44097648657	5.000400194631446e7	0.
-5.015439043984087e-6	3.8310402204538457e-11	-108861.6396335298	3.4558288623145275e7	0.
-9.118980079971067e-7	3.8310402204538457e-11	-150099.22371356195	5.069998997488004e7	0.
-4.863456042651236e-6	3.8310402204538457e-11	-110110.10625268766	3.505565286240797e7	0.
-7.599150066642557e-7	3.8310402204538457e-11	-151949.16181973272	5.1402937132436976e7	0.
-4.711473041318385e-6	3.8310402204538457e-11	-111378.2084041869	3.556063780840763e7	0.
-6.079320053314045e-7	3.8310402204538457e-11	-153823.31516261527	5.2112734160619706e7	0.
-4.5594900399855336e-7	3.8310402204538457e-11	-155721.73290896614	5.282926541039134e7	0.
4.5594900399855336e-7	3.8310402204538457e-11	-167623.17423459492	5.7262747305113725e7	0.
-3.0396600266570224e-7	3.8310402204538457e-11	-157644.45341472863	5.355241089474751e7	0.
6.079320053314045e-7	3.8310402204538457e-11	-169691.90359678696	5.8022746069215275e7	0.
-1.5198300133285112e-7	3.8310402204538457e-11	-159591.50413891082	5.428204418376885e7	0.
7.599150066642557e-7	3.8310402204538457e-11	-171784.89736244734	5.878837086428343e7	0.
0.	3.8310402204538457e-11	-161562.90158174522	5.501803414888385e7	0.
9.118980079971067e-7	3.8310402204538457e-11	-173902.1063648195	5.955946263461545e7	0.
1.5198300133285112e-7	3.8310402204538457e-11	-163558.65124745376	5.576024278532739e7	0.
1.0638810093299578e-6	3.8310402204538457e-11	-176043.470736287	6.033585871190383e7	0.
3.0396600266570224e-7	3.8310402204538457e-11	-165578.74763181448	5.650852920886841e7	0.
1.215864010662809e-6	3.8310402204538457e-11	-178208.9200415878	6.11173937304477e7	0.
1.3678470119956601e-6	3.8310402204538457e-11	-180398.37343360204	6.190389872561176e7	0.
5.4713880479826406e-6	3.8310402204538457e-11	-248048.86469418116	8.437220978626475e7	0.
1.5198300133285113e-6	3.8310402204538457e-11	-182611.739830918	6.269520358511332e7	0.
5.6233710493154915e-6	3.8310402204538457e-11	-250843.5932846479	8.52267435311428e7	0.
1.6718130146613623e-6	3.8310402204538457e-11	-184848.91811627586	6.3491131465836555e7	0.
5.7753540506483425e-6	3.8310402204538457e-11	-253656.70163615164	8.608136519642389e7	0.
1.8237960159942135e-6	3.8310402204538457e-11	-187109.79735489836	6.42915109718008e7	0.
5.9273370519811935e-6	3.8310402204538457e-11	-256487.93440180636	8.693593472483677e7	0.
1.9757790173270646e-6	3.8310402204538457e-11	-189394.2570316276	6.509616293182834e7	0.
6.079320053314045e-6	3.8310402204538457e-11	-259337.03551794827	8.779033108831185e7	0.
2.1277620186599156e-6	3.8310402204538457e-11	-191702.16730571576	6.590490690999019e7	0.
6.231303054646896e-6	3.8310402204538457e-11	-262203.7484756961	8.864442069267336e7	0.
2.279745019992767e-6	3.8310402204538457e-11	-194033.38928204743	6.6717564695940964e7	0.
6.383286055979747e-6	3.8310402204538457e-11	-265087.8165818806	8.949808683315429e7	0.
2.431728021325618e-6	3.8310402204538457e-11	-196387.7752975176	6.753395344256812e7	0.
6.535269057312598e-6	3.8310402204538457e-11	-267988.9832091464	9.035120929540816e7	0.
2.583711022658469e-6	3.8310402204538457e-11	-198765.169221243	6.835389504081208e7	0.
6.687252058645449e-6	3.8310402204538457e-11	-270906.9920350882	9.120367514081898e7	0.
2.7356940239913203e-6	3.8310402204538457e-11	-201165.40676724867	6.917720581031364e7	0.
6.8392350599783e-6	3.8310402204538457e-11	-273841.5872703358	9.20553746660318e7	0.
2.8876770253241713e-6	3.8310402204538457e-11	-203588.31581824867	7.0003704993002e7	0.
6.991218061311152e-6	3.8310402204538457e-11	-276792.5138755528	9.290619853311431e7	0.
3.0396600266570226e-6	3.8310402204538457e-11	-206033.71675912387	7.083321168449141e7	0.
7.143201062644003e-6	3.8310402204538457e-11	-279759.5177673591	9.375604523142235e7	0.
3.1916430279898736e-6	3.8310402204538457e-11	-208501.42281869546	7.166554562993129e7	0.
7.295184063976854e-6	3.8310402204538457e-11	-282742.34601323254	9.460481505419499e7	0.
3.3436260293227246e-6	3.8310402204538457e-11	-210991.24041839968	7.250052756650089e7	0.
7.447167065309705e-6	3.8310402204538457e-11	-285740.7470154815	9.545241231076299e7	0.
3.495609030655576e-6	3.8310402204538457e-11	-213502.96952648181	7.333798011370523e7	0.
7.599150066642556e-6	3.8310402204538457e-11	-288754.47068442014	9.629874942261389e7	0.
3.647592031988427e-6	3.8310402204538457e-11	-216036.40401635133	7.417772468198773e7	0.
7.751133067975407e-6	3.8310402204538457e-11	-291783.26860090566	9.714373503593735e7	0.
3.799575033321278e-6	3.8310402204538457e-11	-218591.3320277722	7.501958905095166e7	0.
7.903116069308259e-6	3.8310402204538457e-11	-294826.8941684323	9.798728387298644e7	0.
3.951558034654129e-6	3.8310402204538457e-11	-221167.53632959895	7.586339755089279e7	0.
8.055099070641109e-6	3.8310402204538457e-11	-297885.1027549968	9.882931662429209e7	0.
4.10354103598698e-6	3.8310402204538457e-11	-223764.79468281602	7.670898141586307e7	0.
8.20708207197396e-6	3.8310402204538457e-11	-300957.6518249774	9.96697578083395e7	0.
4.255524037319831e-6	3.8310402204538457e-11	-226382.88020268816	7.755617224722013e7	0.
8.359065073306812e-6	3.8310402204538457e-11	-304044.30106128514	1.0050852954680929e8	0.
4.407507038652682e-6	3.8310402204538457e-11	-229021.56171888602	7.840480193094642e7	0.
8.511048074639662e-6	3.8310402204538457e-11	-307144.81247806636	1.0134556413280362e8	0.
4.559490039985534e-6	3.8310402204538457e-11	-231680.60413251238	7.925470940152247e7	0.
8.663031075972514e-6	3.8310402204538457e-11	-310258.9505242463	1.0218079293660416e8	0.
4.711473041318385e-6	3.8310402204538457e-11	-234359.7687690175	8.01057335311703e7	0.
8.815014077305364e-6	3.8310402204538457e-11	-313386.48217821785	1.0301415331021541e8	0.
4.863456042651236e-6	3.8310402204538457e-11	-237058.81372606117	8.095771705047995e7	0.
8.966997078638216e-6	3.8310402204538457e-11	-316527.17703398754	1.0384558443344137e8	0.
5.015439043984087e-6	3.8310402204538457e-11	-239777.49421544626	8.181050573557532e7	0.
9.118980079971068e-6	3.8310402204538457e-11	-319680.80737909814	1.0467502716344902e8	0.
5.167422045316938e-6	3.8310402204538457e-11	-242515.56289832137	8.266394861649106e7	0.
9.270963081303918e-6	3.8310402204538457e-11	-322847.1482646532	1.0550242912080453e8	0.
5.31940504664979e-6	3.8310402204538457e-11	-245272.77021292076	8.351789756819975e7	0.
9.42294608263677e-6	3.8310402204538457e-11	-326025.9775677696	1.0632773274443066e8	0.
9.57492908396962e-6	3.8310402204538457e-11	-329217.07604678854	1.0715089547518694e8	0.
0.000010486827091966727	3.8310402204538457e-11	-348609.41594243713	1.1204245612707569e8	0.
9.726912085302472e-6	3.8310402204538457e-11	-332420.22738957225	1.0797186934408155e8	0.
0.00001063881009329958	3.8310402204538457e-11	-351880.51045906654	1.1284946813407664e8	0.
9.878895086635324e-6	3.8310402204538457e-11	-335635.2182552139	1.0879060940525427e8	0.
0.00001079079309463243	3.8310402204538457e-11	-355162.2284353899	1.136540346651599e8	0.
0.000010030878087968174	3.8310402204538457e-11	-338861.8383094849	1.0960707478006487e8	0.
0.000010942776095965281	3.8310402204538457e-11	-358454.37801045255	1.144561318040751e8	0.
0.000010182861089301025	3.8310402204538457e-11	-342099.88025433815	1.1042122914104758e8	0.
0.000011094759097298131	3.8310402204538457e-11	-361756.7704288352	1.152557360574436e8	0.
0.000010334844090633876	3.8310402204538457e-11	-345349.1398517825	1.1123303430294338e8	0.
0.000011246742098630983	3.8310402204538457e-11	-365069.2200369695	1.160528222428882e8	0.
0.000011398725099963835	3.8310402204538457e-11	-368391.5442758208	1.1684737008385955e8	0.
0.000015502266135950813	3.8310402204538457e-11	-461241.04409653	1.373050720004249e8	0.
0.000011550708101296685	3.8310402204538457e-11	-371723.56367018603	1.1763935963249978e8	0.
0.000015654249137283665	3.8310402204538457e-11	-464777.5774199506	1.3802576486977404e8	0.
0.000011702691102629537	3.8310402204538457e-11	-375065.10181484907	1.1842877421673848e8	0.
0.000015806232138616517	3.8310402204538457e-11	-468319.9226997387	1.387438668024443e8	0.
0.000011854674103962387	3.8310402204538457e-11	-378415.9853578226	1.1921559949731548e8	0.
0.00001595821513994937	3.8310402204538457e-11	-471867.9768278457	1.394593878296691e8	0.
0.000012006657105295239	3.8310402204538457e-11	-381776.0439808988	1.1999981927089e8	0.
0.000016110198141282217	3.8310402204538457e-11	-475421.638756396	1.4017233820414478e8	0.
0.00001215864010662809	3.8310402204538457e-11	-385145.11037771974	1.2078142099399143e8	0.
0.00001626218114261507	3.8310402204538457e-11	-478980.8094587105	1.4088272885513297e8	0.
0.00001231062310796094	3.8310402204538457e-11	-388523.02022957016	1.215603950621885e8	0.
0.00001641416414394792	3.8310402204538457e-11	-482545.3918906866	1.4159057083034867e8	0.
0.000012462606109293792	3.8310402204538457e-11	-391909.61217908404	1.2233673112853509e8	0.
0.000016566147145280773	3.8310402204538457e-11	-486115.2909525676	1.4229587433616892e8	0.
0.000012614589110626643	3.8310402204538457e-11	-395304.727802049	1.2311042099447516e8	0.
0.000016718130146613624	3.8310402204538457e-11	-489690.41345112317	1.4299865500215682e8	0.
0.000012766572111959494	3.8310402204538457e-11	-398708.2115774829	1.2388145779274313e8	0.
0.000016870113147946473	3.8310402204538457e-11	-493270.6680622636	1.436989210552241e8	0.
0.000012918555113292345	3.8310402204538457e-11	-402119.9108561463	1.24649835867585e8	0.
0.000017022096149279325	3.8310402204538457e-11	-496855.9652941098	1.4439668610536435e8	0.
0.000013070538114625196	3.8310402204538457e-11	-405539.67582764884	1.2541555075426884e8	0.
0.000017174079150612177	3.8310402204538457e-11	-500446.2174505341	1.4509196286366794e8	0.
0.000013222521115958048	3.8310402204538457e-11	-408967.35948629666	1.2617859919857144e8	0.
0.00001732606215194503	3.8310402204538457e-11	-504041.33859518834	1.457847626954853e8	0.
0.000013374504117290898	3.8310402204538457e-11	-412402.81759582023	1.2693897898186536e8	0.
0.00001747804515327788	3.8310402204538457e-11	-507641.2445160342	1.4647510276455805e8	0.
0.00001352648711862375	3.8310402204538457e-11	-415845.90865311516	1.2769669065965658e8	0.
0.00001763002815461073	3.8310402204538457e-11	-511245.8526903842	1.471629939007664e8	0.
0.0000136784701199566	3.8310402204538457e-11	-419296.4938511188	1.2845172914771509e8	0.
0.00001778201115594358	3.8310402204538457e-11	-514855.08225046704	1.4784844466222677e8	0.
0.000013830453121289452	3.8310402204538457e-11	-422754.43704094057	1.2920409883274871e8	0.
0.000017933994157276432	3.8310402204538457e-11	-518468.85394952225	1.4853147767534488e8	0.
0.000013982436122622304	3.8310402204538457e-11	-426219.6046933541	1.2995380546608262e8	0.
0.000018085977158609284	3.8310402204538457e-11	-522087.09012843244	1.4921209954862893e8	0.
0.000014134419123955154	3.8310402204538457e-11	-429691.86585975386	1.3070084259857863e8	0.
0.000018237960159942136	3.8310402204538457e-11	-525709.7146828992	1.4989032833303693e8	0.
0.000014286402125288006	3.8310402204538457e-11	-433171.09213267354	1.3144521998336765e8	0.
0.000018389943161274984	3.8310402204538457e-11	-529336.6530311649	1.5056617661367816e8	0.
0.000014438385126620856	3.8310402204538457e-11	-436657.15760595346	1.3218694183175781e8	0.
0.000018541926162607836	3.8310402204538457e-11	-532967.8320822857	1.5123966004615778e8	0.
0.000014590368127953708	3.8310402204538457e-11	-440149.93883464247	1.3292600961600442e8	0.
0.000018693909163940688	3.8310402204538457e-11	-536603.1802049536	1.519107886079844e8	0.
0.00001474235112928656	3.8310402204538457e-11	-443649.3147947112	1.3366242896421215e8	0.
0.00001884589216527354	3.8310402204538457e-11	-540242.6271968744	1.5257958079266095e8	0.
0.00001489433413061941	3.8310402204538457e-11	-447155.166842649	1.343962081284911e8	0.
0.00001899787516660639	3.8310402204538457e-11	-543886.1042546945	1.5324605284362084e8	0.
0.000015046317131952261	3.8310402204538457e-11	-450667.3786750121	1.3512735650878793e8	0.
0.00001914985816793924	3.8310402204538457e-11	-547533.5439444814	1.539102128974842e8	0.
0.000015198300133285111	3.8310402204538457e-11	-454185.8362879835	1.358558773858161e8	0.
0.000019301841169272092	3.8310402204538457e-11	-551184.8801727525	1.54572078588765e8	0.
0.00001535028313461796	3.8310402204538457e-11	-457710.42793700483	1.3658177754124504e8	0.
0.000019453824170604944	3.8310402204538457e-11	-554840.0481580509	1.5523166458470747e8	0.
0.000019605807171937795	3.8310402204538457e-11	-558498.9844030649	1.5588898206690815e8	0.
0.000020517705179934903	3.8310402204538457e-11	-580528.3345022736	1.5978615941409633e8	0.
0.000019757790173270647	3.8310402204538457e-11	-562161.6266672891	1.56544053827405e8	0.
0.00002066968818126775	3.8310402204538457e-11	-584211.9729013222	1.6042803340524825e8	0.
0.000019909773174603496	3.8310402204538457e-11	-565827.9139402178	1.5719688553091523e8	0.
0.000020821671182600603	3.8310402204538457e-11	-587898.9146412299	1.6106776210771042e8	0.
0.000020061756175936347	3.8310402204538457e-11	-569497.7864150739	1.5784750002310994e8	0.
0.000020973654183933455	3.8310402204538457e-11	-591589.1066148721	1.6170535377657577e8	0.
0.0000202137391772692	3.8310402204538457e-11	-573171.1854630592	1.584959067701039e8	0.
0.000021125637185266307	3.8310402204538457e-11	-595282.4967493231	1.623408317107115e8	0.
0.00002036572217860205	3.8310402204538457e-11	-576848.0536081281	1.5914212166787875e8	0.
0.00002127762018659916	3.8310402204538457e-11	-598979.0339836125	1.6297420162864357e8	0.
0.000021429603187932007	3.8310402204538457e-11	-602678.6682469592	1.6360548324747965e8	0.
0.00002553314422391899	3.8310402204538457e-11	-703580.3452087943	1.7991147320232913e8	0.
0.00002158158618926486	3.8310402204538457e-11	-606381.3504374672	1.6423468970907965e8	0.
0.00002568512722525184	3.8310402204538457e-11	-707349.7895726204	1.8048986334372568e8	0.
0.00002173356919059771	3.8310402204538457e-11	-610087.0324012813	1.6486183673028886e8	0.
0.00002583711022658469	3.8310402204538457e-11	-711121.2269937682	1.810665532216608e8	0.
0.000021885552191930562	3.8310402204538457e-11	-613795.6669121927	1.6548693597431222e8	0.
0.00002598909322791754	3.8310402204538457e-11	-714894.6290190999	1.816415549155116e8	0.
0.000022037535193263414	3.8310402204538457e-11	-617507.2076516879	1.6611000174645993e8	0.
0.000026141076229250393	3.8310402204538457e-11	-718669.9677041277	1.8221488047067696e8	0.
0.000022189518194596263	3.8310402204538457e-11	-621221.6091894316	1.6673105087149632e8	0.
0.000026293059230583244	3.8310402204538457e-11	-722447.2156024511	1.827865418320569e8	0.
0.000022341501195929114	3.8310402204538457e-11	-624938.8269641781	1.6735009766761315e8	0.
0.000026445042231916096	3.8310402204538457e-11	-726226.3457554322	1.8335655069411683e8	0.
0.000022493484197261966	3.8310402204538457e-11	-628658.8172651	1.6796715203586438e8	0.
0.000026597025233248945	3.8310402204538457e-11	-730007.3316821053	1.8392492020983142e8	0.
0.000022645467198594818	3.8310402204538457e-11	-632381.5372135306	1.6858223101344445e8	0.
0.000026749008234581796	3.8310402204538457e-11	-733790.1473693163	1.8449165656422672e8	0.
0.00002279745019992767	3.8310402204538457e-11	-636106.9447451094	1.6919535077374622e8	0.
0.000026900991235914648	3.8310402204538457e-11	-737574.7672620846	1.8505677799982977e8	0.
0.000022949433201260518	3.8310402204538457e-11	-639834.9985923225	1.6980652298988217e8	0.
0.0000270529742372475	3.8310402204538457e-11	-741361.166254183	1.8562029213105705e8	0.
0.00002310141620259337	3.8310402204538457e-11	-643565.658267433	1.7041575837880948e8	0.
0.000027204957238580352	3.8310402204538457e-11	-745149.3196789329	1.8618221483555016e8	0.
0.000023253399203926222	3.8310402204538457e-11	-647298.8840457913	1.7102307500430697e8	0.
0.0000273569402399132	3.8310402204538457e-11	-748939.2033002044	1.8674255035253462e8	0.
0.000023405382205259074	3.8310402204538457e-11	-651034.6369495179	1.7162848267906043e8	0.
0.000027508923241246052	3.8310402204538457e-11	-752730.7933036237	1.873013134583442e8	0.
0.000023557365206591925	3.8310402204538457e-11	-654772.8787315525	1.7223200208964226e8	0.
0.000027660906242578904	3.8310402204538457e-11	-756524.0662879756	1.8785851626460397e8	0.
0.000023709348207924774	3.8310402204538457e-11	-658513.57186006	1.728336372272248e8	0.
0.000027812889243911756	3.8310402204538457e-11	-760318.9992568021	1.8841417098906344e8	0.
0.000023861331209257626	3.8310402204538457e-11	-662256.6795031893	1.7343340969936708e8	0.
0.000027964872245244608	3.8310402204538457e-11	-764115.5696101888	1.8896828119405627e8	0.
0.000024013314210590477	3.8310402204538457e-11	-666002.1655141718	1.740313271992191e8	0.
0.000028116855246577456	3.8310402204538457e-11	-767913.7551367385	1.895208649481779e8	0.
0.00002416529721192333	3.8310402204538457e-11	-669749.9944167595	1.746274073189451e8	0.
0.000028268838247910308	3.8310402204538457e-11	-771713.5340057228	1.9007193154938442e8	0.
0.00002431728021325618	3.8310402204538457e-11	-673500.1313909886	1.7522165985227552e8	0.
0.00002842082124924316	3.8310402204538457e-11	-775514.8847594113	1.9062148825351653e8	0.
0.00002446926321458903	3.8310402204538457e-11	-677252.542259268	1.7581409894225997e8	0.
0.00002857280425057601	3.8310402204538457e-11	-779317.7863055732	1.911695488598416e8	0.
0.00002462124621592188	3.8310402204538457e-11	-681007.1934727805	1.764047389203236e8	0.
0.000028724787251908863	3.8310402204538457e-11	-783122.2179101462	1.9171612382381904e8	0.
0.000024773229217254733	3.8310402204538457e-11	-684764.052098192	1.7699358863370034e8	0.
0.00002887677025324171	3.8310402204538457e-11	-786928.1591900698	1.922612239001702e8	0.
0.000024925212218587585	3.8310402204538457e-11	-688523.0858046637	1.7758066488680822e8	0.
0.000029028753254574563	3.8310402204538457e-11	-790735.5901062787	1.9280485339493862e8	0.
0.000025077195219920433	3.8310402204538457e-11	-692284.262851156	1.7816597889055735e8	0.
0.000029180736255907415	3.8310402204538457e-11	-794544.490956853	1.9334702814513013e8	0.
0.000025229178221253285	3.8310402204538457e-11	-696047.5520740233	1.787495421739791e8	0.
0.000029332719257240267	3.8310402204538457e-11	-798354.8423703207	1.9388775309300017e8	0.
0.000025381161222586137	3.8310402204538457e-11	-699812.9228748888	1.7933136945739856e8	0.
0.00002948470225857312	3.8310402204538457e-11	-802166.6252991094	1.944270454516918e8	0.
0.000029636685259905967	3.8310402204538457e-11	-805979.8210131429	1.9496491350625798e8	0.
0.00002978866826123882	3.8310402204538457e-11	-809794.4110935812	1.9550136272463602e8	0.
0.00002994065126257167	3.8310402204538457e-11	-813610.3774266985	1.9603640494036362e8	0.
0.000030092634263904523	3.8310402204538457e-11	-817427.7021978955	1.9657004966845775e8	0.
0.000030244617265237375	3.8310402204538457e-11	-821246.367885847	1.9710230419461274e8	0.
0.000030396600266570223	3.8310402204538457e-11	-825066.3572567747	1.9763318249638528e8	0.
