# Filename	C:\Users\edmag\Documents\Work\2D-Comp-Model\computation\Turning Timeresults\2018-02-05T05-30-36.txt
# Source	C:\Users\edmag\Documents\Work\2D-Comp-Model\computation\Turning Time\turning.nb
# Note	1D calculation of turning time vs. field and orbit energy.
# Date	2018-02-05T05:30:36
# Dir	-1
# field	1.750221420511909e-11
# zi	-6.
W	field	zt	t	argt
-0.000025229178221253285	1.750221420511909e-11	-38602.863823893655	8.3432236016019685e6	0.
-0.000030396600266570223	1.750221420511909e-11	-32297.77735864609	6.403440994054084e6	0.
-0.000025077195219920433	1.750221420511909e-11	-38824.82588291814	8.414357353282956e6	0.
-0.000030244617265237375	1.750221420511909e-11	-32454.21580510885	6.449599497900238e6	0.
-0.000024925212218587585	1.750221420511909e-11	-39049.28848145951	8.486482534906793e6	0.
-0.000030092634263904523	1.750221420511909e-11	-32612.149258313308	6.496303561890031e6	-2.0688765537671582e-7
-0.000024773229217254733	1.750221420511909e-11	-39276.292967761874	8.55961491896112e6	0.
-0.00002994065126257167	1.750221420511909e-11	-32771.59884718894	6.543565693321754e6	0.
-0.00002462124621592188	1.750221420511909e-11	-39505.88158036949	8.633777305054098e6	0.
-0.00002978866826123882	1.750221420511909e-11	-32932.5860928278	6.591391003628159e6	0.
-0.00002446926321458903	1.750221420511909e-11	-39738.0974714545	8.708984595431792e6	0.
-0.000029636685259905967	1.750221420511909e-11	-33095.13291743256	6.639792445918629e6	0.
-0.00002431728021325618	1.750221420511909e-11	-39972.984730856515	8.78526116665383e6	0.
-0.00002948470225857312	1.750221420511909e-11	-33259.26165350426	6.6887748659766605e6	-3.554920601935633e-7
-0.00002416529721192333	1.750221420511909e-11	-40210.58841085638	8.862625057098268e6	-3.5466022575170087e-7
-0.000029332719257240267	1.750221420511909e-11	-33424.995053280014	6.738354122764049e6	0.
-0.000024013314210590477	1.750221420511909e-11	-40450.95455171008	8.941101935303971e6	0.
-0.000029180736255907415	1.750221420511909e-11	-33592.35629842446	6.788534565776699e6	0.
-0.000023861331209257626	1.750221420511909e-11	-40694.13020797011	9.020707639252681e6	-4.4759300672494876e-7
-0.000029028753254574563	1.750221420511909e-11	-33761.36900998515	6.839329519870734e6	0.
-0.000023709348207924774	1.750221420511909e-11	-40940.1634756181	9.10147017299996e6	0.
-0.00002887677025324171	1.750221420511909e-11	-33932.05725861909	6.890748505649657e6	0.
-0.000023557365206591925	1.750221420511909e-11	-41189.10352004141	9.183409193621488e6	0.
-0.000028724787251908863	1.750221420511909e-11	-34104.44557509978	6.9428001071675485e6	-4.785842651041994e-7
-0.000023405382205259074	1.750221420511909e-11	-41441.00060487799	9.26654755344593e6	0.
-0.00002857280425057601	1.750221420511909e-11	-34278.55896111237	6.995499291201775e6	0.
-0.000023253399203926222	1.750221420511909e-11	-41695.906121763874	9.350909509766268e6	0.
-0.00002842082124924316	1.750221420511909e-11	-34454.42290034742	7.048854391097861e6	0.
-0.00002310141620259337	1.750221420511909e-11	-41953.872621012066	9.436520739534343e6	0.
-0.000028268838247910308	1.750221420511909e-11	-34632.063369900105	7.102875330219577e6	-7.256172063273145e-7
-0.000022949433201260518	1.750221420511909e-11	-42214.95384325634	9.523406220344195e6	0.
-0.000028116855246577456	1.750221420511909e-11	-34811.50685198775	7.157577904395633e6	0.
-0.00002279745019992767	1.750221420511909e-11	-42479.204752093676	9.611592076604439e6	0.
-0.000027964872245244608	1.750221420511909e-11	-34992.780345993575	7.212969538549075e6	0.
-0.000022645467198594818	1.750221420511909e-11	-42746.68156776008	9.701103433240797e6	0.
-0.000027812889243911756	1.750221420511909e-11	-35175.91138084726	7.269063336080085e6	-3.0254205847472545e-7
-0.000022493484197261966	1.750221420511909e-11	-43017.441801876856	9.791973392377134e6	0.
-0.000027660906242578904	1.750221420511909e-11	-35360.928027753114	7.32587432191793e6	0.
-0.000022341501195929114	1.750221420511909e-11	-43291.54429330341	9.884216211555533e6	0.
-0.000027508923241246052	1.750221420511909e-11	-35547.85891327863	7.3834112020902755e6	-6.220430379829518e-7
-0.000022189518194596263	1.750221420511909e-11	-43569.04924513826	9.977870547144827e6	-4.332491753518059e-7
-0.0000273569402399132	1.750221420511909e-11	-35736.73323281124	7.441689474744031e6	0.
-0.000022037535193263414	1.750221420511909e-11	-43850.01826290578	1.0072967835375182e7	0.
-0.000027204957238580352	1.750221420511909e-11	-35927.580764399725	7.500720330445068e6	-6.61480640635229e-7
-0.000021885552191930562	1.750221420511909e-11	-44134.51439397408	1.016953337588962e7	0.
-0.0000270529742372475	1.750221420511909e-11	-36120.43188298806	7.560519129063799e6	0.
-0.00002173356919059771	1.750221420511909e-11	-44422.60216824402	1.0267598285760282e7	0.
-0.000026900991235914648	1.750221420511909e-11	-36315.317575058776	7.621098156347232e6	0.
-0.00002158158618926486	1.750221420511909e-11	-44714.34764015867	1.0367195807866037e7	0.
-0.000026749008234581796	1.750221420511909e-11	-36512.26945369516	7.682470912718641e6	0.
-0.000021429603187932007	1.750221420511909e-11	-45009.81843207653	1.0468356859763712e7	0.
-0.000026597025233248945	1.750221420511909e-11	-36711.319774079246	7.744653739446879e6	0.
-0.00002127762018659916	1.750221420511909e-11	-45309.08377906052	1.0571116262037074e7	0.
-0.000026445042231916096	1.750221420511909e-11	-36912.50144943688	7.807658937110794e6	0.
-0.000021125637185266307	1.750221420511909e-11	-45612.21457513042	1.067550725764636e7	0.
-0.000026293059230583244	1.750221420511909e-11	-37115.84806744768	7.87150355172955e6	0.
-0.000020973654183933455	1.750221420511909e-11	-45919.28342103375	1.0781564628922129e7	0.
-0.000026141076229250393	1.750221420511909e-11	-37321.39390713164	7.936201516268824e6	0.
-0.000020821671182600603	1.750221420511909e-11	-46230.36467358839	1.088933063925166e7	0.
-0.00002598909322791754	1.750221420511909e-11	-37529.17395623137	8.001768748750604e6	0.
-0.00002066968818126775	1.750221420511909e-11	-46545.534496652246	1.0998826405835072e7	0.
-0.00002583711022658469	1.750221420511909e-11	-37739.22392910427	8.068222647610331e6	0.
-0.000020517705179934903	1.750221420511909e-11	-46864.87091378245	1.1110105566908736e7	0.
-0.00002568512722525184	1.750221420511909e-11	-37951.58028514169	8.135577036244559e6	0.
-0.00002036572217860205	1.750221420511909e-11	-47188.45386263941	1.1223203022886e7	0.
-0.00002553314422391899	1.750221420511909e-11	-38166.280247734525	8.203850157359767e6	-6.011483270838717e-7
-0.0000202137391772692	1.750221420511909e-11	-47516.36525120347	1.1338155534073511e7	0.
-0.000025381161222586137	1.750221420511909e-11	-38383.361823800245	8.273061690785352e6	0.
-0.00001489433413061941	1.750221420511909e-11	-62543.089528284196	1.694511342662869e7	0.
-0.000020061756175936347	1.750221420511909e-11	-47848.68901586726	1.1455006984250257e7	0.
-0.00001474235112928656	1.750221420511909e-11	-63104.16800144761	1.71661545331262e7	0.
-0.000019909773174603496	1.750221420511909e-11	-48185.511181471506	1.157379817022244e7	0.
-0.000014590368127953708	1.750221420511909e-11	-63674.731469204446	1.7391713302416265e7	0.
-0.000019757790173270647	1.750221420511909e-11	-48526.91992335546	1.1694574952321278e7	0.
-0.000014438385126620856	1.750221420511909e-11	-64255.00503078345	1.762191053442302e7	0.
-0.000019605807171937795	1.750221420511909e-11	-48873.00563149367	1.1817380907120574e7	0.
-0.000014286402125288006	1.750221420511909e-11	-64845.220357303704	1.7856867650086686e7	0.
-0.000019453824170604944	1.750221420511909e-11	-49223.86097679556	1.1942260200609675e7	0.
-0.000014134419123955154	1.750221420511909e-11	-65445.6159066589	1.809671663376566e7	0.
-0.000019301841169272092	1.750221420511909e-11	-49579.58097964542	1.2069261226796944e7	0.
-0.000013982436122622304	1.750221420511909e-11	-66056.43714544196	1.8341585008546792e7	0.
-0.00001914985816793924	1.750221420511909e-11	-49940.26308076392	1.219843380685076e7	0.
-0.000013830453121289452	1.750221420511909e-11	-66677.93677808727	1.859161235104393e7	0.
-0.00001899787516660639	1.750221420511909e-11	-50306.00721447465	1.2329826340640845e7	0.
-0.0000136784701199566	1.750221420511909e-11	-67310.3749833979	1.8846937690790087e7	0.
-0.00001884589216527354	1.750221420511909e-11	-50676.91588446373	1.2463491662795248e7	0.
-0.00001352648711862375	1.750221420511909e-11	-67954.01965862597	1.9107704885554843e7	0.
-0.000018693909163940688	1.750221420511909e-11	-51053.0942421206	1.2599479616239194e7	0.
-0.000013374504117290898	1.750221420511909e-11	-68609.1466712651	1.9374066549022347e7	0.
-0.000018541926162607836	1.750221420511909e-11	-51434.65016755527	1.2737846953119988e7	0.
-0.000013222521115958048	1.750221420511909e-11	-69276.04011870663	1.9646171596358705e7	0.
-0.000018389943161274984	1.750221420511909e-11	-51821.6943533861	1.2878649770477735e7	0.
-0.000013070538114625196	1.750221420511909e-11	-69954.99259590427	1.9924182335282948e7	0.
-0.000018237960159942136	1.750221420511909e-11	-52214.34039139912	1.3021943238122785e7	0.
-0.000012918555113292345	1.750221420511909e-11	-70646.30547117759	2.020826371356777e7	0.
-0.000018085977158609284	1.750221420511909e-11	-52612.704862181985	1.316778782411207e7	0.
-0.000012766572111959494	1.750221420511909e-11	-71350.28917027378	2.0498584391154215e7	0.
-0.000017933994157276432	1.750221420511909e-11	-53016.90742783782	1.3316243685388962e7	0.
-0.000012614589110626643	1.750221420511909e-11	-72067.26346879186	2.0795314521942593e7	0.
-0.00001778201115594358	1.750221420511909e-11	-53427.07092789013	1.3467372913382145e7	0.
-0.000012462606109293792	1.750221420511909e-11	-72797.55779305442	2.1098639845331237e7	0.
-0.00001763002815461073	1.750221420511909e-11	-53843.32147849199	1.3621243327380534e7	0.
-0.00001231062310796094	1.750221420511909e-11	-73541.51152949111	2.140874367968583e7	0.
-0.00001747804515327788	1.750221420511909e-11	-54265.78857505584	1.377791607894685e7	0.
-0.00001215864010662809	1.750221420511909e-11	-74299.47434257633	2.1725817069052506e7	0.
-0.00001732606215194503	1.750221420511909e-11	-54694.60519842679	1.3937459905694218e7	0.
-0.000012006657105295239	1.750221420511909e-11	-75071.80650133458	2.2050059380974576e7	0.
-0.000017174079150612177	1.750221420511909e-11	-55129.90792472243	1.4099949908395812e7	0.
-0.000011854674103962387	1.750221420511909e-11	-75858.87921439562	2.2381672134308964e7	0.
-0.000017022096149279325	1.750221420511909e-11	-55571.83703896731	1.4265453398039937e7	0.
-0.000011702691102629537	1.750221420511909e-11	-76661.07497354977	2.2720869039086588e7	0.
-0.000016870113147946473	1.750221420511909e-11	-56020.536652656905	1.44340471253926e7	0.
-0.000011550708101296685	1.750221420511909e-11	-77478.7879057092	2.3067862557966165e7	0.
-0.000016718130146613624	1.750221420511909e-11	-56476.154825384096	1.4605805510082837e7	0.
-0.000011398725099963835	1.750221420511909e-11	-78312.42413314318	2.3422880050953574e7	0.
-0.000016566147145280773	1.750221420511909e-11	-56938.84369067047	1.478080957343766e7	0.
-0.000011246742098630983	1.750221420511909e-11	-79162.4021417988	2.378614968164476e7	0.
-0.00001641416414394792	1.750221420511909e-11	-57408.75958614458	1.495914040043214e7	0.
-0.000011094759097298131	1.750221420511909e-11	-80029.15315746985	2.4157911485271912e7	0.
-0.00001626218114261507	1.750221420511909e-11	-57886.0631882158	1.5140880502177643e7	0.
-0.000010942776095965281	1.750221420511909e-11	-80913.12152950981	2.4538407924292743e7	0.
-0.000016110198141282217	1.750221420511909e-11	-58370.9196513948	1.5326116870305914e7	0.
-0.00001079079309463243	1.750221420511909e-11	-81814.7651217208	2.4927894058564443e7	0.
-0.00001595821513994937	1.750221420511909e-11	-58863.49875241501	1.5514938615052441e7	0.
-0.00001063881009329958	1.750221420511909e-11	-82734.55570997095	2.5326629019642457e7	0.
-0.000015806232138616517	1.750221420511909e-11	-59363.975039314115	1.5707435507314647e7	0.
-0.000010486827091966727	1.750221420511909e-11	-83672.97938601303	2.5734882767388813e7	0.
-0.000015654249137283665	1.750221420511909e-11	-59872.5279856373	1.5903707133162245e7	0.
-0.000010334844090633876	1.750221420511909e-11	-84630.53696688185	2.6152929802369546e7	0.
-0.000015502266135950813	1.750221420511909e-11	-60389.34214992662	1.6103840085264616e7	0.
-0.000010182861089301025	1.750221420511909e-11	-85607.74440915041	2.6581055765394483e7	0.
-0.00001535028313461796	1.750221420511909e-11	-60914.60734066608	1.6307944255768474e7	0.
-0.000010030878087968174	1.750221420511909e-11	-86605.13322721154	2.7019554111172035e7	0.
-0.000015198300133285111	1.750221420511909e-11	-61448.518786851026	1.6516119030384606e7	0.
-9.878895086635324e-6	1.750221420511909e-11	-87623.25091463265	2.7468727282691155e7	0.
-0.000015046317131952261	1.750221420511909e-11	-61991.27731435742	1.672847288518738e7	0.
-9.726912085302472e-6	1.750221420511909e-11	-88662.66136749984	2.792888525756599e7	0.
-4.559490039985534e-6	1.750221420511909e-11	-141961.9880713122	5.293497934555472e7	0.
-9.57492908396962e-6	1.750221420511909e-11	-89723.94530852386	2.8400348112820383e7	0.
-4.407507038652682e-6	1.750221420511909e-11	-144253.1662007179	5.404370198814081e7	0.
-9.42294608263677e-6	1.750221420511909e-11	-90807.7007105261	2.8883445612300396e7	0.
-4.255524037319831e-6	1.750221420511909e-11	-146598.965544607	5.517970586389001e7	0.
-9.270963081303918e-6	1.750221420511909e-11	-91914.54321775497	2.9378514641707692e7	0.
-4.10354103598698e-6	1.750221420511909e-11	-149000.61465178817	5.634343373689519e7	0.
-9.118980079971068e-6	1.750221420511909e-11	-93045.10656330326	2.9885903916495267e7	0.
-3.951558034654129e-6	1.750221420511909e-11	-151459.3432533047	5.7535314802426465e7	0.
-8.966997078638216e-6	1.750221420511909e-11	-94200.04298070213	3.0405971132709097e7	0.
-3.799575033321278e-6	1.750221420511909e-11	-153976.37966112123	5.875575404273329e7	0.
-8.815014077305364e-6	1.750221420511909e-11	-95380.02360756007	3.0939080056663997e7	0.
-3.647592031988427e-6	1.750221420511909e-11	-156552.94799921865	6.000513341290469e7	0.
-8.663031075972514e-6	1.750221420511909e-11	-96585.73887889445	3.1485611094253175e7	0.
-3.495609030655576e-6	1.750221420511909e-11	-159190.2652719936	6.1283808376876324e7	0.
-8.511048074639662e-6	1.750221420511909e-11	-97817.89890756461	3.204594894061172e7	0.
-3.3436260293227246e-6	1.750221420511909e-11	-161889.53827693115	6.259210638337943e7	0.
-8.359065073306812e-6	1.750221420511909e-11	-99077.23384896903	3.262048802255879e7	0.
-3.1916430279898736e-6	1.750221420511909e-11	-164651.96037072016	6.393032212702543e7	0.
-8.20708207197396e-6	1.750221420511909e-11	-100364.49424690306	3.320963641842129e7	0.
-3.0396600266570226e-6	1.750221420511909e-11	-167478.70810028742	6.529871560382691e7	0.
-8.055099070641109e-6	1.750221420511909e-11	-101680.45135719654	3.3813808259935126e7	0.
-2.8876770253241713e-6	1.750221420511909e-11	-170370.93771261207	6.6697511705170624e7	0.
-7.903116069308259e-6	1.750221420511909e-11	-103025.8974454634	3.443342867210635e7	0.
-2.7356940239913203e-6	1.750221420511909e-11	-173329.7815596054	6.81268940614819e7	0.
-7.751133067975407e-6	1.750221420511909e-11	-104401.64605499228	3.5068932502961196e7	0.
-2.583711022658469e-6	1.750221420511909e-11	-176356.34441676812	6.958700607475668e7	0.
-7.599150066642556e-6	1.750221420511909e-11	-105808.5322404975	3.5720764134118184e7	0.
-2.431728021325618e-6	1.750221420511909e-11	-179451.6997367144	7.107794708871356e7	0.
-7.447167065309705e-6	1.750221420511909e-11	-107247.41276313152	3.638937553952786e7	0.
-2.279745019992767e-6	1.750221420511909e-11	-182616.88586093637	7.259976843212074e7	0.
-7.295184063976854e-6	1.750221420511909e-11	-108719.1662418353	3.707523022456583e7	0.
-2.1277620186599156e-6	1.750221420511909e-11	-185852.90221531419	7.41524738246281e7	0.
-7.143201062644003e-6	1.750221420511909e-11	-110224.6932557758	3.7778796132152714e7	0.
-1.9757790173270646e-6	1.750221420511909e-11	-189160.70551680235	7.573601647737388e7	0.
-6.991218061311152e-6	1.750221420511909e-11	-111764.91639229583	3.850055373901171e7	0.
-1.8237960159942135e-6	1.750221420511909e-11	-192541.206020387	7.735029946269408e7	0.
-6.8392350599783e-6	1.750221420511909e-11	-113340.78023447758	3.924098988579289e7	0.
-1.6718130146613623e-6	1.750221420511909e-11	-195995.26383675204	7.899516857382616e7	0.
-6.687252058645449e-6	1.750221420511909e-11	-114953.25128211301	4.000059759904679e7	0.
-1.5198300133285113e-6	1.750221420511909e-11	-199523.68535206676	8.06704180245683e7	0.
-6.535269057312598e-6	1.750221420511909e-11	-116603.31779957692	4.077987656998099e7	0.
-1.3678470119956601e-6	1.750221420511909e-11	-203127.21978185946	8.237578521931256e7	0.
-6.383286055979747e-6	1.750221420511909e-11	-118291.98958382553	4.15793337606373e7	0.
-1.215864010662809e-6	1.750221420511909e-11	-206806.5558910381	8.411095321900441e7	0.
-6.231303054646896e-6	1.750221420511909e-11	-120020.29764549815	4.2399480367173366e7	0.
-1.0638810093299578e-6	1.750221420511909e-11	-210562.3189117182	8.587554698737133e7	0.
-6.079320053314045e-6	1.750221420511909e-11	-121789.29379589228	4.32408324149788e7	0.
-9.118980079971067e-7	1.750221420511909e-11	-214395.0676896079	8.766913522798015e7	0.
-5.9273370519811935e-6	1.750221420511909e-11	-123600.05013242048	4.410390836149584e7	0.
-7.599150066642557e-7	1.750221420511909e-11	-218305.2920882625	8.949123422309086e7	0.
-5.7753540506483425e-6	1.750221420511909e-11	-125453.65841505078	4.4989229635685444e7	0.
-6.079320053314045e-7	1.750221420511909e-11	-222293.41067856373	9.134130106932223e7	0.
-5.6233710493154915e-6	1.750221420511909e-11	-127351.22932619252	4.589732030686945e7	0.
-4.5594900399855336e-7	1.750221420511909e-11	-226359.76873832112	9.321873981917621e7	0.
-5.4713880479826406e-6	1.750221420511909e-11	-129293.89160652511	4.6828701687442325e7	0.
-3.0396600266570224e-7	1.750221420511909e-11	-230504.6365839588	9.512290776886168e7	0.
-5.31940504664979e-6	1.750221420511909e-11	-131282.7910593939	4.778389497725835e7	0.
-1.5198300133285112e-7	1.750221420511909e-11	-234728.20825289277	9.705310530424085e7	0.
-5.167422045316938e-6	1.750221420511909e-11	-133319.0894166212	4.876341685629058e7	0.
0.	1.750221420511909e-11	-239030.60055147752	9.900859050741109e7	0.
-5.015439043984087e-6	1.750221420511909e-11	-135403.96305892072	4.976778459464315e7	0.
1.5198300133285112e-7	1.750221420511909e-11	-243411.8524793701	1.0098857252955808e8	0.
-4.863456042651236e-6	1.750221420511909e-11	-137538.60158456521	5.079750210404704e7	0.
3.0396600266570224e-7	1.750221420511909e-11	-247871.92503691337	1.0299221783465265e8	0.
-4.711473041318385e-6	1.750221420511909e-11	-139724.20622055908	5.185307044995359e7	0.
5.4713880479826406e-6	1.750221420511909e-11	-441905.08375970734	1.782458495227426e8	0.
4.5594900399855336e-7	1.750221420511909e-11	-252410.70141775298	1.0501865601796941e8	0.
5.6233710493154915e-6	1.750221420511909e-11	-448646.06570585206	1.804812600494577e8	0.
6.079320053314045e-7	1.750221420511909e-11	-257027.98758447284	1.0706698225452928e8	0.
5.7753540506483425e-6	1.750221420511909e-11	-455432.1390211876	1.8270989493147323e8	0.
7.599150066642557e-7	1.750221420511909e-11	-261723.51322064892	1.0913625463959119e8	0.
5.9273370519811935e-6	1.750221420511909e-11	-462262.17496503465	1.8493136193814397e8	0.
9.118980079971067e-7	1.750221420511909e-11	-266496.93304847163	1.112255056868344e8	0.
6.079320053314045e-6	1.750221420511909e-11	-469135.06285498367	1.8714529881215093e8	0.
1.0638810093299578e-6	1.750221420511909e-11	-271347.8284970592	1.1333374270779113e8	0.
6.231303054646896e-6	1.750221420511909e-11	-476049.7109310669	1.8935137122098938e8	0.
1.215864010662809e-6	1.750221420511909e-11	-276275.7097028564	1.1545995229473287e8	0.
6.383286055979747e-6	1.750221420511909e-11	-483005.0470958714	1.9154925992855152e8	0.
1.3678470119956601e-6	1.750221420511909e-11	-281280.017820155	1.1760310359037611e8	0.
6.535269057312598e-6	1.750221420511909e-11	-490000.0195381001	1.9373868309540313e8	0.
1.5198300133285113e-6	1.750221420511909e-11	-286360.1276168396	1.1976215591024691e8	0.
6.687252058645449e-6	1.750221420511909e-11	-497033.5972471136	1.9591937729313752e8	0.
1.6718130146613623e-6	1.750221420511909e-11	-291515.3503280022	1.2193605506704636e8	0.
6.8392350599783e-6	1.750221420511909e-11	-504104.77042595536	1.9809109597075883e8	0.
1.8237960159942135e-6	1.750221420511909e-11	-296744.9367381144	1.2412374769119102e8	0.
6.991218061311152e-6	1.750221420511909e-11	-511212.5508102509	2.0025362576275447e8	0.
1.9757790173270646e-6	1.750221420511909e-11	-302048.0804610071	1.2632417400712904e8	0.
7.143201062644003e-6	1.750221420511909e-11	-518355.97190020815	2.0240676628644174e8	0.
2.1277620186599156e-6	1.750221420511909e-11	-307423.92138599616	1.2853628273916364e8	0.
7.295184063976854e-6	1.750221420511909e-11	-525534.089112745	2.0455034076110852e8	0.
2.279745019992767e-6	1.750221420511909e-11	-312871.5492580957	1.3075902499554127e8	0.
7.447167065309705e-6	1.750221420511909e-11	-532745.9798605184	2.0668418146070054e8	0.
2.431728021325618e-6	1.750221420511909e-11	-318390.007360351	1.329913619559641e8	0.
7.599150066642556e-6	1.750221420511909e-11	-539990.7435643617	2.088081571829861e8	0.
2.583711022658469e-6	1.750221420511909e-11	-323978.296266882	1.3523226876523268e8	0.
7.751133067975407e-6	1.750221420511909e-11	-547267.5016053338	2.109221351816546e8	0.
2.7356940239913203e-6	1.750221420511909e-11	-329635.37763619656	1.3748073754527187e8	0.
7.903116069308259e-6	1.750221420511909e-11	-554575.3972222822	2.130260075928518e8	0.
2.8876770253241713e-6	1.750221420511909e-11	-335360.17801568046	1.3973577895253962e8	0.
8.055099070641109e-6	1.750221420511909e-11	-561913.5953604926	2.1511967960982764e8	0.
3.0396600266570226e-6	1.750221420511909e-11	-341151.59262983315	1.4199642333057475e8	0.
8.20708207197396e-6	1.750221420511909e-11	-569281.2824766764	2.1720306725866047e8	0.
3.1916430279898736e-6	1.750221420511909e-11	-347008.48912674317	1.4426172609789062e8	0.
8.359065073306812e-6	1.750221420511909e-11	-576677.6663052196	2.1927610980174378e8	0.
3.3436260293227246e-6	1.750221420511909e-11	-352929.71125943144	1.4653076580126393e8	0.
8.511048074639662e-6	1.750221420511909e-11	-584101.9755902925	2.2133875071684587e8	0.
3.495609030655576e-6	1.750221420511909e-11	-358914.0824809712	1.4880265048837793e8	0.
8.663031075972514e-6	1.750221420511909e-11	-591553.4597880997	2.233909455386236e8	0.
3.647592031988427e-6	1.750221420511909e-11	-364960.40943467343	1.5107651452209145e8	0.
8.815014077305364e-6	1.750221420511909e-11	-599031.3887432425	2.254326562415363e8	0.
3.799575033321278e-6	1.750221420511909e-11	-371067.4853230534	1.5335152892165637e8	0.
8.966997078638216e-6	1.750221420511909e-11	-606535.0523428619	2.2746386973920876e8	0.
3.951558034654129e-6	1.750221420511909e-11	-377234.09314171405	1.556268832029201e8	0.
9.118980079971068e-6	1.750221420511909e-11	-614063.7601519404	2.2948457166096103e8	0.
4.10354103598698e-6	1.750221420511909e-11	-383459.00876667484	1.5790181263797617e8	0.
9.270963081303918e-6	1.750221420511909e-11	-621616.8410328693	2.3149475351764166e8	0.
4.255524037319831e-6	1.750221420511909e-11	-389741.003885971	1.601755784195278e8	0.
9.42294608263677e-6	1.750221420511909e-11	-629193.6427521178	2.3349442865165094e8	0.
4.407507038652682e-6	1.750221420511909e-11	-396078.84876855917	1.624474676339746e8	0.
9.57492908396962e-6	1.750221420511909e-11	-636793.5315765927	2.3548359676866812e8	0.
4.559490039985534e-6	1.750221420511909e-11	-402471.31486563076	1.6471681486861813e8	0.
9.726912085302472e-6	1.750221420511909e-11	-644415.8918620461	2.3746229043107644e8	0.
4.711473041318385e-6	1.750221420511909e-11	-408917.1772413549	1.6698297182762203e8	0.
9.878895086635324e-6	1.750221420511909e-11	-652060.1256356563	2.3943052855795777e8	0.
4.863456042651236e-6	1.750221420511909e-11	-415415.2168318383	1.6924533808532026e8	0.
0.000010030878087968174	1.750221420511909e-11	-659725.6521747123	2.4138834186438942e8	0.
5.015439043984087e-6	1.750221420511909e-11	-421964.2225326711	1.7150333776853737e8	0.
0.000010182861089301025	1.750221420511909e-11	-667411.9075831285	2.43335776566938e8	0.
5.167422045316938e-6	1.750221420511909e-11	-428562.99311684887	1.7375642366620597e8	0.
0.000010334844090633876	1.750221420511909e-11	-675118.3443673372	2.4527286934595394e8	0.
5.31940504664979e-6	1.750221420511909e-11	-435210.3389860989	1.760040889334515e8	0.
0.000010486827091966727	1.750221420511909e-11	-682844.4310129457	2.4719967178651386e8	0.
0.000015502266135950813	1.750221420511909e-11	-946121.0532506095	3.054769244662553e8	0.
0.00001063881009329958	1.750221420511909e-11	-690589.6515633808	2.4911622879428947e8	0.
0.000015654249137283665	1.750221420511909e-11	-954287.8833127976	3.070982250070961e8	0.
0.00001079079309463243	1.750221420511909e-11	-698353.5052016081	2.5102260737602004e8	0.
0.000015806232138616517	1.750221420511909e-11	-962462.9745929517	3.0871198228188616e8	0.
0.000010942776095965281	1.750221420511909e-11	-706135.5058358744	2.529188607576153e8	0.
0.00001595821513994937	1.750221420511909e-11	-970646.14253253	3.103182759351307e8	0.
0.000011094759097298131	1.750221420511909e-11	-713935.1816903116	2.5480505379252297e8	0.
0.000016110198141282217	1.750221420511909e-11	-978837.2076579869	3.119171843862268e8	0.
0.000011246742098630983	1.750221420511909e-11	-721752.074901118	2.5668125302522433e8	0.
0.00001626218114261507	1.750221420511909e-11	-987035.9954212852	3.1350878213982654e8	0.
0.000011398725099963835	1.750221420511909e-11	-729585.7411189396	2.5854752740782735e8	0.
0.00001641416414394792	1.750221420511909e-11	-995242.3360456913	3.150931557725319e8	0.
0.000011550708101296685	1.750221420511909e-11	-737435.7491179828	2.6040394530201253e8	0.
0.000016566147145280773	1.750221420511909e-11	-1.0034560643766946e6	3.166703690045751e8	0.
0.000011702691102629537	1.750221420511909e-11	-745301.6804123007	2.6225059026342702e8	0.
0.000016718130146613624	1.750221420511909e-11	-1.0116770197378853e6	3.1824050386865777e8	0.
0.000011854674103962387	1.750221420511909e-11	-753183.1288796237	2.6408752341212773e8	0.
0.000016870113147946473	1.750221420511909e-11	-1.0199050457916354e6	3.198036400709824e8	0.
0.000012006657105295239	1.750221420511909e-11	-761079.7003930401	2.6591483792447913e8	0.
0.000017022096149279325	1.750221420511909e-11	-1.0281399904044231e6	3.213598432593295e8	0.
0.00001215864010662809	1.750221420511909e-11	-768991.0124607591	2.6773260046615866e8	0.
0.000017174079150612177	1.750221420511909e-11	-1.0363817055166557e6	3.229091926648336e8	0.
0.00001231062310796094	1.750221420511909e-11	-776916.6938741512	2.695408992230828e8	0.
0.00001732606215194503	1.750221420511909e-11	-1.0446300470168374e6	3.244517536855316e8	0.
0.000012462606109293792	1.750221420511909e-11	-784856.3843641918	2.7133981072471356e8	0.
0.00001747804515327788	1.750221420511909e-11	-1.0528848746199436e6	3.2598759772895926e8	0.
0.000012614589110626643	1.750221420511909e-11	-792809.7342664065	2.7312941902969354e8	0.
0.00001763002815461073	1.750221420511909e-11	-1.0611460517498571e6	3.27516805602977e8	0.
0.000012766572111959494	1.750221420511909e-11	-800776.4041943657	2.749098093628532e8	0.
0.00001778201115594358	1.750221420511909e-11	-1.0694134454257323e6	3.2903943025239617e8	0.
0.000012918555113292345	1.750221420511909e-11	-808756.0647217467	2.766810583481736e8	0.
0.000017933994157276432	1.750221420511909e-11	-1.0776869261521574e6	3.305555597245553e8	0.
0.000013070538114625196	1.750221420511909e-11	-816748.3960729507	2.784432579263076e8	0.
0.000018085977158609284	1.750221420511909e-11	-1.085966367812979e6	3.320652533402641e8	0.
0.000013222521115958048	1.750221420511909e-11	-824753.0878222304	2.8019649407264376e8	0.
0.000018237960159942136	1.750221420511909e-11	-1.0942516475686734e6	3.3356857081354034e8	0.
0.000013374504117290898	1.750221420511909e-11	-832769.8386012662	2.819408491136635e8	0.
0.000018389943161274984	1.750221420511909e-11	-1.1025426457571373e6	3.35065586084507e8	0.
0.00001352648711862375	1.750221420511909e-11	-840798.3558151043	2.836764033565575e8	0.
0.000018541926162607836	1.750221420511909e-11	-1.1108392457977838e6	3.365563669762059e8	0.
0.0000136784701199566	1.750221420511909e-11	-848838.3553663534	2.8540325043486834e8	0.
0.000018693909163940688	1.750221420511909e-11	-1.1191413340988266e6	3.380409819768709e8	0.
0.000013830453121289452	1.750221420511909e-11	-856889.5613875202	2.871214743567985e8	0.
0.00001884589216527354	1.750221420511909e-11	-1.127448799967647e6	3.395194783724844e8	0.
0.000013982436122622304	1.750221420511909e-11	-864951.7059813521	2.8883115431849194e8	0.
0.00001899787516660639	1.750221420511909e-11	-1.1357615355241355e6	3.4099193012804353e8	0.
0.000014134419123955154	1.750221420511909e-11	-873024.5289690463	2.905323847313727e8	0.
0.00001914985816793924	1.750221420511909e-11	-1.1440794356169016e6	3.424583988115931e8	0.
0.000014286402125288006	1.750221420511909e-11	-881107.7776461685	2.922252445516939e8	0.
0.000019301841169272092	1.750221420511909e-11	-1.1524023977422605e6	3.4391894850454426e8	0.
0.000014438385126620856	1.750221420511909e-11	-889201.2065461255	2.939098203281638e8	0.
0.000019453824170604944	1.750221420511909e-11	-1.160730321965888e6	3.453736373692079e8	0.
0.000014590368127953708	1.750221420511909e-11	-897304.5772110238	2.9558619615046155e8	0.
0.000019605807171937795	1.750221420511909e-11	-1.1690631108470634e6	3.4682252508881485e8	0.
0.00001474235112928656	1.750221420511909e-11	-905417.6579697443	2.9725445974887174e8	0.
0.000019757790173270647	1.750221420511909e-11	-1.1774006693654025e6	3.482656734868023e8	0.
0.00001489433413061941	1.750221420511909e-11	-913540.223723058	2.989146810695201e8	0.
0.000019909773174603496	1.750221420511909e-11	-1.1857429048499956e6	3.497031330671106e8	0.
0.000015046317131952261	1.750221420511909e-11	-921672.0557356087	3.005669625287184e8	0.
0.000020061756175936347	1.750221420511909e-11	-1.1940897269108687e6	3.5113496929589623e8	0.
0.000015198300133285111	1.750221420511909e-11	-929812.9414345796	3.022113743601321e8	0.
0.0000202137391772692	1.750221420511909e-11	-1.2024410473726825e6	3.5256123909443957e8	0.
0.00001535028313461796	1.750221420511909e-11	-937962.6742148717	3.038480011909487e8	0.
0.00002036572217860205	1.750221420511909e-11	-1.2107967802105956e6	3.5398199294359183e8	0.
0.000020517705179934903	1.750221420511909e-11	-1.219156841488216e6	3.5539729215875614e8	0.
0.00002553314422391899	1.750221420511909e-11	-1.4970185102959184e6	3.993618966487237e8	0.
0.00002066968818126775	1.750221420511909e-11	-1.227521149297563e6	3.568071789739815e8	0.
0.00002568512722525184	1.750221420511909e-11	-1.5054874545598028e6	4.0061976311600304e8	0.
0.000020821671182600603	1.750221420511909e-11	-1.2358896237009764e6	3.5821172508564466e8	0.
0.00002583711022658469	1.750221420511909e-11	-1.5139587424302425e6	4.018737060664498e8	0.
0.000020973654183933455	1.750221420511909e-11	-1.2442621866748992e6	3.596109720856171e8	0.
0.00002598909322791754	1.750221420511909e-11	-1.522432336683847e6	4.031237571186359e8	0.
0.000021125637185266307	1.750221420511909e-11	-1.252638762055473e6	3.610049750339792e8	0.
0.000026141076229250393	1.750221420511909e-11	-1.5309082008612247e6	4.043699523840233e8	0.
0.00002127762018659916	1.750221420511909e-11	-1.2610192754858804e6	3.623937858642591e8	0.
0.000026293059230583244	1.750221420511909e-11	-1.539386299248018e6	4.056123200574953e8	0.
0.000021429603187932007	1.750221420511909e-11	-1.2694036543653738e6	3.6377745879837453e8	0.
0.000026445042231916096	1.750221420511909e-11	-1.5478665968564847e6	4.068508954507154e8	0.
0.00002158158618926486	1.750221420511909e-11	-1.2777918277999333e6	3.6515603739890105e8	0.
0.000026597025233248945	1.750221420511909e-11	-1.556349059407604e6	4.0808570837597e8	0.
0.00002173356919059771	1.750221420511909e-11	-1.2861837265544957e6	3.6652956849811834e8	0.
0.000026749008234581796	1.750221420511909e-11	-1.5648336533136973e6	4.0931679848858273e8	0.
0.000021885552191930562	1.750221420511909e-11	-1.294579283006703e6	3.678981162227717e8	0.
0.000026900991235914648	1.750221420511909e-11	-1.5733203456615382e6	4.1054418950227505e8	0.
0.000022037535193263414	1.750221420511909e-11	-1.3029784311021122e6	3.692617117413456e8	0.
0.0000270529742372475	1.750221420511909e-11	-1.5818091041959447e6	4.1176791526231384e8	0.
0.000022189518194596263	1.750221420511909e-11	-1.3113811063108218e6	3.706204188327983e8	0.
0.000027204957238580352	1.750221420511909e-11	-1.5902998973038336e6	4.129880038110637e8	0.
0.000022341501195929114	1.750221420511909e-11	-1.3197872455854644e6	3.719742739213453e8	0.
0.0000273569402399132	1.750221420511909e-11	-1.5987926939987224e6	4.142044909189771e8	0.
0.000022493484197261966	1.750221420511909e-11	-1.3281967873205151e6	3.7332332599867576e8	0.
0.000027508923241246052	1.750221420511909e-11	-1.607287463905667e6	4.1541740131872386e8	0.
0.000022645467198594818	1.750221420511909e-11	-1.3366096713128756e6	3.746676208047535e8	0.
0.000027660906242578904	1.750221420511909e-11	-1.6157841772466188e6	4.166267694148223e8	0.
0.00002279745019992767	1.750221420511909e-11	-1.3450258387236865e6	3.760072034029948e8	0.
0.000027812889243911756	1.750221420511909e-11	-1.6242828048261905e6	4.1783262732861805e8	0.
0.000022949433201260518	1.750221420511909e-11	-1.3534452320413264e6	3.7734211852742594e8	0.
0.000027964872245244608	1.750221420511909e-11	-1.632783318017814e6	4.1903499087279624e8	0.
0.00002310141620259337	1.750221420511909e-11	-1.3618677950455593e6	3.7867240725799423e8	0.
0.000028116855246577456	1.750221420511909e-11	-1.6412856887502852e6	4.2023389653044856e8	0.
0.000023253399203926222	1.750221420511909e-11	-1.3702934727727885e6	3.7999812088255733e8	0.
0.000028268838247910308	1.750221420511909e-11	-1.649789889494675e6	4.2142937470722777e8	0.
0.000023405382205259074	1.750221420511909e-11	-1.3787222114823798e6	3.8131929416434324e8	0.
0.00002842082124924316	1.750221420511909e-11	-1.6582958932515997e6	4.2262145311564064e8	0.
0.000023557365206591925	1.750221420511909e-11	-1.3871539586240207e6	3.8263597216366565e8	0.
0.00002857280425057601	1.750221420511909e-11	-1.666803673538842e6	4.238101519374074e8	0.
0.000023709348207924774	1.750221420511909e-11	-1.3955886628060744e6	3.839481935504496e8	0.
0.000028724787251908863	1.750221420511909e-11	-1.6753132043793066e6	4.249955056041894e8	0.
0.000023861331209257626	1.750221420511909e-11	-1.404026273764904e6	3.8525600768303233e8	0.
0.00002887677025324171	1.750221420511909e-11	-1.6838244602893032e6	4.2617754095007104e8	0.
0.000024013314210590477	1.750221420511909e-11	-1.4124667423351211e6	3.8655944674110866e8	0.
0.000029028753254574563	1.750221420511909e-11	-1.6923374162671466e6	4.273562769854397e8	0.
0.00002416529721192333	1.750221420511909e-11	-1.4209100204207448e6	3.878585535107408e8	0.
0.000029180736255907415	1.750221420511909e-11	-1.700852047782063e6	4.285317469709077e8	0.
0.00002431728021325618	1.750221420511909e-11	-1.4293560609672223e6	3.891533674991505e8	0.
0.000029332719257240267	1.750221420511909e-11	-1.709368330763396e6	4.297039771854583e8	0.
0.00002446926321458903	1.750221420511909e-11	-1.4378048179342973e6	3.904439275051106e8	0.
0.00002948470225857312	1.750221420511909e-11	-1.7178862415900975e6	4.308729878239396e8	0.
0.00002462124621592188	1.750221420511909e-11	-1.4462562462696894e6	3.917302668082353e8	0.
0.000029636685259905967	1.750221420511909e-11	-1.726405757080503e6	4.320388066396259e8	0.
0.000024773229217254733	1.750221420511909e-11	-1.4547103018835592e6	3.930124359691952e8	0.
0.00002978866826123882	1.750221420511909e-11	-1.7349268544823756e6	4.332014537309041e8	0.
0.000024925212218587585	1.750221420511909e-11	-1.463166941623734e6	3.942904600471786e8	0.
0.00002994065126257167	1.750221420511909e-11	-1.743449511463214e6	4.343609654625145e8	0.
0.000025077195219920433	1.750221420511909e-11	-1.47162612325167e6	3.955643856410231e8	0.
0.000030092634263904523	1.750221420511909e-11	-1.7519737061008157e6	4.3551735940849465e8	0.
0.000025229178221253285	1.750221420511909e-11	-1.4800878054191228e6	3.968342394592237e8	0.
0.000030244617265237375	1.750221420511909e-11	-1.7604994168740886e6	4.366706565428228e8	0.
0.000025381161222586137	1.750221420511909e-11	-1.4885519476455068e6	3.981000670145485e8	0.
0.000030396600266570223	1.750221420511909e-11	-1.769026622654103e6	4.3782087861050576e8	0.
