# Filename	C:\Users\edmag\Documents\Work\2D-Comp-Model\computation\Turning Timeresults\2018-02-05T05-26-19.txt
# Source	C:\Users\edmag\Documents\Work\2D-Comp-Model\computation\Turning Time\turning.nb
# Note	1D calculation of turning time vs. field and orbit energy.
# Date	2018-02-05T05:26:19
# Dir	-1
# field	2.528097607406091e-12
# zi	-6.
W	field	zt	t	argt
-0.000030396600266570223	2.528097607406091e-12	-32808.889424271525	6.594000490120209e6	0.
-0.000025229178221253285	2.528097607406091e-12	-39480.45511061753	8.700356713395635e6	0.
-0.000030244617265237375	2.528097607406091e-12	-32972.85662733312	6.643426201879637e6	0.
-0.000025077195219920433	2.528097607406091e-12	-39717.835308319416	8.778786480747689e6	0.
-0.000030092634263904523	2.528097607406091e-12	-33138.466401938145	6.693471264224919e6	0.
-0.000024925212218587585	2.528097607406091e-12	-39958.07577217513	8.858398797778035e6	0.
-0.00002994065126257167	2.528097607406091e-12	-33305.74348492172	6.744145003978139e6	0.
-0.000024773229217254733	2.528097607406091e-12	-40201.22829938096	8.939216829070993e6	0.
-0.00002978866826123882	2.528097607406091e-12	-33474.71311090983	6.795460135951233e6	0.
-0.00002462124621592188	2.528097607406091e-12	-40447.34594016014	9.02125891161461e6	-1.206074005728111e-7
-0.000029636685259905967	2.528097607406091e-12	-33645.40102487564	6.847427278024838e6	-1.0145552644554021e-7
-0.00002446926321458903	2.528097607406091e-12	-40696.48303571911	9.104563954329023e6	0.
-0.00002948470225857312	2.528097607406091e-12	-33817.83349505816	6.9000586068943245e6	0.
-0.00002431728021325618	2.528097607406091e-12	-40948.69525759072	9.189160229008125e6	0.
-0.000029332719257240267	2.528097607406091e-12	-33992.03732629522	6.953365449148136e6	0.
-0.00002416529721192333	2.528097607406091e-12	-41204.03964840959	9.275057304628352e6	0.
-0.000029180736255907415	2.528097607406091e-12	-34168.03987374694	7.007360012689246e6	0.
-0.000024013314210590477	2.528097607406091e-12	-41462.5746641998	9.362297144247184e6	0.
-0.000029028753254574563	2.528097607406091e-12	-34345.86905705289	7.062055569323811e6	0.
-0.000023861331209257626	2.528097607406091e-12	-41724.360218225185	9.450910170262415e6	0.
-0.00002887677025324171	2.528097607406091e-12	-34525.5533749207	7.117463002527965e6	0.
-0.000023709348207924774	2.528097607406091e-12	-41989.45772647212	9.540923417773243e6	0.
-0.000028724787251908863	2.528097607406091e-12	-34707.12192017038	7.173597725085588e6	0.
-0.000023557365206591925	2.528097607406091e-12	-42257.930154844275	9.632367647597943e6	0.
-0.00002857280425057601	2.528097607406091e-12	-34890.60439525236	7.230471237978295e6	0.
-0.000023405382205259074	2.528097607406091e-12	-42529.84206813652	9.725275317359958e6	-1.5968363978013498e-7
-0.00002842082124924316	2.528097607406091e-12	-35076.0311282447	7.288098506968023e6	0.
-0.000023253399203926222	2.528097607406091e-12	-42805.25968086364	9.819680130651325e6	0.
-0.000028268838247910308	2.528097607406091e-12	-35263.433089360864	7.346492578435757e6	0.
-0.00002310141620259337	2.528097607406091e-12	-43084.250910042436	9.91561396420535e6	-5.724648666649687e-7
-0.000028116855246577456	2.528097607406091e-12	-35452.841907980874	7.405667713456958e6	0.
-0.000022949433201260518	2.528097607406091e-12	-43366.88542998872	1.0013114126231275e7	0.
-0.000027964872245244608	2.528097607406091e-12	-35644.289890224536	7.465638809632731e6	-4.390003766522072e-7
-0.00002279745019992767	2.528097607406091e-12	-43653.23472924723	1.0112215144732175e7	0.
-0.000027812889243911756	2.528097607406091e-12	-35837.81003708622	7.526422060533342e6	0.
-0.000022645467198594818	2.528097607406091e-12	-43943.372169728274	1.021295034679801e7	0.
-0.000027660906242578904	2.528097607406091e-12	-36033.43606315939	7.588030971433571e6	-9.014653092770805e-7
-0.000022493484197261966	2.528097607406091e-12	-44237.37304816474	1.031536295020449e7	-2.1746792047830786e-7
-0.000027508923241246052	2.528097607406091e-12	-36231.202415960026	7.650482670769509e6	-5.049889758118903e-7
-0.000022341501195929114	2.528097607406091e-12	-44535.314659993004	1.0419490877463652e7	0.
-0.0000273569402399132	2.528097607406091e-12	-36431.144295886865	7.713792867579411e6	-2.7319412918459937e-7
-0.000022189518194596263	2.528097607406091e-12	-44837.27636576537	1.0525372063255513e7	-1.3334513738375005e-7
-0.000027204957238580352	2.528097607406091e-12	-36633.29767683008	7.77798030897221e6	0.
-0.000022037535193263414	2.528097607406091e-12	-45143.33966021206	1.0633050783754148e7	0.
-0.0000270529742372475	2.528097607406091e-12	-36837.69932746028	7.843055816735469e6	0.
-0.000021885552191930562	2.528097607406091e-12	-45453.58824408685	1.0742567151319144e7	-3.1714757448064217e-7
-0.000026900991235914648	2.528097607406091e-12	-37044.38683322298	7.909042078836713e6	0.
-0.00002173356919059771	2.528097607406091e-12	-45768.10809890542	1.0853967506077902e7	0.
-0.000026749008234581796	2.528097607406091e-12	-37253.39861905957	7.975956397221219e6	0.
-0.00002158158618926486	2.528097607406091e-12	-46086.98756474071	1.0967296460891532e7	0.
-0.000026597025233248945	2.528097607406091e-12	-37464.77397289877	8.043815411145382e6	0.
-0.000021429603187932007	2.528097607406091e-12	-46410.31742119125	1.1082599048309345e7	0.
-0.000026445042231916096	2.528097607406091e-12	-37678.55306992423	8.112641053580763e6	0.
-0.00002127762018659916	2.528097607406091e-12	-46738.19097169849	1.1199925756898507e7	-3.4342098020441557e-7
-0.000026293059230583244	2.528097607406091e-12	-37894.776997676854	8.182446997502241e6	0.
-0.000021125637185266307	2.528097607406091e-12	-47070.70413136479	1.1319326986860352e7	0.
-0.000026141076229250393	2.528097607406091e-12	-38113.48778200028	8.253256958032238e6	0.
-0.000020973654183933455	2.528097607406091e-12	-47407.95551843554	1.144085157431786e7	0.
-0.00002598909322791754	2.528097607406091e-12	-38334.72841387951	8.325095106096389e6	0.
-0.000020821671182600603	2.528097607406091e-12	-47750.04654963483	1.1564553242052868e7	0.
-0.00002583711022658469	2.528097607406091e-12	-38558.54287719759	8.397968635270277e6	0.
-0.00002066968818126775	2.528097607406091e-12	-48097.081539539984	1.1690487702578405e7	0.
-0.00002568512722525184	2.528097607406091e-12	-38784.976177459255	8.471912335119018e6	0.
-0.000020517705179934903	2.528097607406091e-12	-48449.167804191595	1.1818711148364725e7	0.
-0.00002553314422391899	2.528097607406091e-12	-39014.07437150424	8.54694285258145e6	0.
-0.00002036572217860205	2.528097607406091e-12	-48806.41576915446	1.1949280542943029e7	0.
-0.000025381161222586137	2.528097607406091e-12	-39245.884598268065	8.6230827620389e6	-1.732838544072207e-7
-0.0000202137391772692	2.528097607406091e-12	-49168.93908225236	1.2082257178230751e7	-1.119575523566639e-7
-0.000020061756175936347	2.528097607406091e-12	-49536.854731203886	1.221770620841151e7	0.
-0.00001489433413061941	2.528097607406091e-12	-66391.45980792234	1.8921998733336873e7	0.
-0.000019909773174603496	2.528097607406091e-12	-49910.28316642617	1.2355685315722432e7	0.
-0.00001474235112928656	2.528097607406091e-12	-67060.59464585142	1.920716885566542e7	0.
-0.000019757790173270647	2.528097607406091e-12	-50289.34842925079	1.2496264541925432e7	-1.0085994226355382e-7
-0.000014590368127953708	2.528097607406091e-12	-67743.19846530363	1.9499491736721046e7	0.
-0.000019605807171937795	2.528097607406091e-12	-50674.17828584237	1.2639513653560722e7	-1.5270331967798646e-7
-0.000014438385126620856	2.528097607406091e-12	-68439.67721427197	1.9799218125245105e7	0.
-0.000019453824170604944	2.528097607406091e-12	-51064.90436711772	1.2785502628067933e7	-1.0009869627647584e-7
-0.000014286402125288006	2.528097607406091e-12	-69150.45311608729	2.0106606814330254e7	0.
-0.000019301841169272092	2.528097607406091e-12	-51461.66231496734	1.2934305214540334e7	0.
-0.000014134419123955154	2.528097607406091e-12	-69875.96548255022	2.0421935423650008e7	0.
-0.00001914985816793924	2.528097607406091e-12	-51864.591935127566	1.3085995876957312e7	-3.6627192203135763e-7
-0.000013982436122622304	2.528097607406091e-12	-70616.67157561128	2.0745487843181964e7	0.
-0.00001899787516660639	2.528097607406091e-12	-52273.83735703241	1.3240655649947667e7	0.
-0.000013830453121289452	2.528097607406091e-12	-71373.04752096882	2.107756347481363e7	0.
-0.00001884589216527354	2.528097607406091e-12	-52689.54720104924	1.3398364858741725e7	0.
-0.0000136784701199566	2.528097607406091e-12	-72145.58927720877	2.1418477289984584e7	0.
-0.000018693909163940688	2.528097607406091e-12	-53111.874753460674	1.3559205484300056e7	0.
-0.00001352648711862375	2.528097607406091e-12	-72934.81366440347	2.1768554006047133e7	-5.238293066048361e-7
-0.000018541926162607836	2.528097607406091e-12	-53540.97814964182	1.3723270059797155e7	0.
-0.000013374504117290898	2.528097607406091e-12	-73741.25945639813	2.2128145158936482e7	0.
-0.000018389943161274984	2.528097607406091e-12	-53977.02056585759	1.3890639721839381e7	0.
-0.000013222521115958048	2.528097607406091e-12	-74565.48854135803	2.2497604960170224e7	0.
-0.000018237960159942136	2.528097607406091e-12	-54420.17042017126	1.4061415956381373e7	-2.243276973752233e-7
-0.000013070538114625196	2.528097607406091e-12	-75408.08715550945	2.287731011656888e7	0.
-0.000018085977158609284	2.528097607406091e-12	-54870.60158295084	1.4235694516696438e7	-1.437542910187275e-7
-0.000012918555113292345	2.528097607406091e-12	-76269.66719543148	2.3267658314318676e7	-2.202707287467265e-7
-0.000017933994157276432	2.528097607406091e-12	-55328.49359752674	1.4413576218324652e7	0.
-0.000012766572111959494	2.528097607406091e-12	-77150.86761467475	2.3669071166540895e7	0.
-0.00001778201115594358	2.528097607406091e-12	-55794.03191155818	1.4595171283023164e7	0.
-0.000012614589110626643	2.528097607406091e-12	-78052.35591099192	2.4081976667865414e7	-2.44086665983742e-7
-0.00001763002815461073	2.528097607406091e-12	-56267.40811971482	1.478056267304824e7	-3.518095628228134e-7
-0.000012462606109293792	2.528097607406091e-12	-78974.82971095825	2.4506846139855027e7	0.
-0.00001747804515327788	2.528097607406091e-12	-56748.82021832835	1.496989157908483e7	0.
-0.00001231062310796094	2.528097607406091e-12	-79919.01845937727	2.494414660011889e7	0.
-0.00001732606215194503	2.528097607406091e-12	-57238.472872692764	1.5163262735217184e7	0.
-0.00001215864010662809	2.528097607406091e-12	-80885.68522145665	2.5394393064316653e7	0.
-0.000017174079150612177	2.528097607406091e-12	-57736.577697746405	1.5360795203705966e7	-1.297802805379409e-7
-0.000012006657105295239	2.528097607406091e-12	-81875.62860645872	2.585811787579689e7	0.
-0.000017022096149279325	2.528097607406091e-12	-58243.35355292125	1.556261890883073e7	-1.5297313856372327e-7
-0.000011854674103962387	2.528097607406091e-12	-82889.68482227046	2.633588664764113e7	0.
-0.000016870113147946473	2.528097607406091e-12	-58759.02685198948	1.5768863231724445e7	0.
-0.000011702691102629537	2.528097607406091e-12	-83928.72987116918	2.6828281750985343e7	0.
-0.000016718130146613624	2.528097607406091e-12	-59283.83188879677	1.5979662740011996e7	0.
-0.000011550708101296685	2.528097607406091e-12	-84993.6818979722	2.733593104532893e7	-2.3446975856151268e-7
-0.000016566147145280773	2.528097607406091e-12	-59818.011179824265	1.6195156896186141e7	0.
-0.000011398725099963835	2.528097607406091e-12	-86085.50370274486	2.7859499880912356e7	0.
-0.00001641416414394792	2.528097607406091e-12	-60361.81582460797	1.6415494177002788e7	0.
-0.000011246742098630983	2.528097607406091e-12	-87205.20543135275	2.8399667635621943e7	-2.06783729770733e-7
-0.00001626218114261507	2.528097607406091e-12	-60915.505885080944	1.6640824514226949e7	-3.3898124174279473e-7
-0.000011094759097298131	2.528097607406091e-12	-88353.84745832082	2.8957178606213532e7	-4.989838589973165e-7
-0.000016110198141282217	2.528097607406091e-12	-61479.3507850063	1.6871311194542784e7	0.
-0.000010942776095965281	2.528097607406091e-12	-89532.5434778144	2.9532800513610806e7	0.
-0.00001595821513994937	2.528097607406091e-12	-62053.62973073929	1.7107115228534654e7	0.
-0.00001079079309463243	2.528097607406091e-12	-90742.46381998115	3.012734667342028e7	0.
-0.000015806232138616517	2.528097607406091e-12	-62638.63215463529	1.7348407636238977e7	0.
-0.00001063881009329958	2.528097607406091e-12	-91984.839011513	3.0741681466819312e7	0.
-0.000015654249137283665	2.528097607406091e-12	-63234.658182533654	1.759536531006868e7	-1.4695493808518245e-7
-0.000010486827091966727	2.528097607406091e-12	-93260.96360104227	3.1376738694673393e7	0.
-0.000015502266135950813	2.528097607406091e-12	-63842.01912682775	1.7848181628739502e7	0.
-0.000010334844090633876	2.528097607406091e-12	-94572.20027192362	3.2033432710782014e7	0.
-0.00001535028313461796	2.528097607406091e-12	-64461.038006762334	1.810704458906594e7	-1.1318872628875899e-7
-0.000010182861089301025	2.528097607406091e-12	-95919.98426710501	3.2712842420641493e7	0.
-0.000015198300133285111	2.528097607406091e-12	-65092.05009768544	1.8372161047108185e7	0.
-0.000010030878087968174	2.528097607406091e-12	-97305.82815313354	3.3416031876001608e7	0.
-0.000015046317131952261	2.528097607406091e-12	-65735.4035111614	1.864374161042222e7	0.
-9.878895086635324e-6	2.528097607406091e-12	-98731.32695296856	3.414416180083983e7	0.
-9.726912085302472e-6	2.528097607406091e-12	-100198.16368012744	3.48984404172657e7	0.
-4.559490039985534e-6	2.528097607406091e-12	-197659.95519066282	9.420038631908943e7	0.
-9.57492908396962e-6	2.528097607406091e-12	-101708.11530988321	3.568017381465157e7	-5.76473249655726e-7
-4.407507038652682e-6	2.528097607406091e-12	-203201.6215098525	9.799978764770459e7	0.
-9.42294608263677e-6	2.528097607406091e-12	-103263.0592267222	3.64907548686034e7	0.
-4.255524037319831e-6	2.528097607406091e-12	-209031.18105618557	1.0203430559647362e8	0.
-9.270963081303918e-6	2.528097607406091e-12	-104864.98019116292	3.733163750769088e7	0.
-4.10354103598698e-6	2.528097607406091e-12	-215169.01499905266	1.0632216677041839e8	0.
-9.118980079971068e-6	2.528097607406091e-12	-106515.97787329763	3.8204385565526575e7	0.
-3.951558034654129e-6	2.528097607406091e-12	-221637.1764151506	1.108831103727151e8	0.
-8.966997078638216e-6	2.528097607406091e-12	-108218.27500517028	3.911066685703617e7	0.
-3.799575033321278e-6	2.528097607406091e-12	-228459.5223061457	1.1573850752078824e8	0.
-8.815014077305364e-6	2.528097607406091e-12	-109974.22620931605	4.0052273965192065e7	0.
-3.647592031988427e-6	2.528097607406091e-12	-235661.8503816945	1.209114334535297e8	0.
-8.663031075972514e-6	2.528097607406091e-12	-111786.32756657366	4.103104314084711e7	0.
-3.495609030655576e-6	2.528097607406091e-12	-243272.03871580333	1.2642680257912657e8	0.
-8.511048074639662e-6	2.528097607406091e-12	-113657.22699266784	4.2049053607141666e7	0.
-3.3436260293227246e-6	2.528097607406091e-12	-251320.185610036	1.3231139347392072e8	0.
-8.359065073306812e-6	2.528097607406091e-12	-115589.73550009116	4.31084375187394e7	0.
-3.1916430279898736e-6	2.528097607406091e-12	-259838.74603815193	1.385939553929536e8	0.
-8.20708207197396e-6	2.528097607406091e-12	-117586.83942961815	4.42115112500917e7	0.
-3.0396600266570226e-6	2.528097607406091e-12	-268862.65988270316	1.4530522159004614e8	0.
-8.055099070641109e-6	2.528097607406091e-12	-119651.71374433895	4.536072722045033e7	0.
-2.8876770253241713e-6	2.528097607406091e-12	-278429.46579259523	1.5247790938139832e8	0.
-7.903116069308259e-6	2.528097607406091e-12	-121787.73648857101	4.655874319182805e7	0.
-2.7356940239913203e-6	2.528097607406091e-12	-288579.39289425605	1.6014664171800965e8	0.
-7.751133067975407e-6	2.528097607406091e-12	-123998.50452439388	4.7808383592133984e7	0.
-2.583711022658469e-6	2.528097607406091e-12	-299355.4208048781	1.6834787157142913e8	0.
-7.599150066642556e-6	2.528097607406091e-12	-126287.8506699883	4.911269370097798e7	0.
-2.431728021325618e-6	2.528097607406091e-12	-310803.29648743616	1.7711964210701537e8	0.
-7.447167065309705e-6	2.528097607406091e-12	-128659.86237647802	5.047492321336522e7	0.
-2.279745019992767e-6	2.528097607406091e-12	-322971.49456749065	1.8650130266490865e8	0.
-7.295184063976854e-6	2.528097607406091e-12	-131118.90209368282	5.189857058269387e7	0.
-2.1277620186599156e-6	2.528097607406091e-12	-335911.10598021594	1.9653308772770795e8	0.
-7.143201062644003e-6	2.528097607406091e-12	-133669.62949011844	5.338740788199051e7	0.
-1.9757790173270646e-6	2.528097607406091e-12	-349675.6384904783	2.0725556665848273e8	0.
-6.991218061311152e-6	2.528097607406091e-12	-136317.0257088083	5.494548392366727e7	0.
-1.8237960159942135e-6	2.528097607406091e-12	-364320.71207262785	2.1870893125520882e8	0.
-6.8392350599783e-6	2.528097607406091e-12	-139066.41985801098	5.657714451099067e7	0.
-1.6718130146613623e-6	2.528097607406091e-12	-379903.6327731554	2.3093215023235753e8	0.
-6.687252058645449e-6	2.528097607406091e-12	-141923.51795481937	5.8287097438281514e7	0.
-1.5198300133285113e-6	2.528097607406091e-12	-396482.8309839693	2.439619182946839e8	0.
-6.535269057312598e-6	2.528097607406091e-12	-144894.4345596918	6.008040244172001e7	0.
-1.3678470119956601e-6	2.528097607406091e-12	-414117.15449718025	2.5783151528437033e8	0.
-6.383286055979747e-6	2.528097607406091e-12	-147985.72736124476	6.196252863797974e7	0.
-1.215864010662809e-6	2.528097607406091e-12	-432865.0136660286	2.7256949013407075e8	0.
-6.231303054646896e-6	2.528097607406091e-12	-151204.43499282736	6.3939372035144225e7	0.
-1.0638810093299578e-6	2.528097607406091e-12	-452783.3856073855	2.881982747695719e8	0.
-6.079320053314045e-6	2.528097607406091e-12	-154558.1183852265	6.6017300452629015e7	0.
-9.118980079971067e-7	2.528097607406091e-12	-473926.6964229037	3.047328030176177e8	0.
-5.9273370519811935e-6	2.528097607406091e-12	-158054.90598280332	6.820323098907891e7	0.
-7.599150066642557e-7	2.528097607406091e-12	-496345.6141553432	3.221792086766305e8	0.
-5.7753540506483425e-6	2.528097607406091e-12	-161703.54317276058	7.050461979835051e7	0.
-6.079320053314045e-7	2.528097607406091e-12	-520085.79932120955	3.405336687087329e8	0.
-5.6233710493154915e-6	2.528097607406091e-12	-165513.4462981149	7.292955311585268e7	0.
-4.5594900399855336e-7	2.528097607406091e-12	-545186.6725240337	3.597815078033483e8	0.
-5.4713880479826406e-6	2.528097607406091e-12	-169494.76164294413	7.548677963236302e7	0.
-3.0396600266570224e-7	2.528097607406091e-12	-571680.2676824187	3.798967196131882e8	0.
-5.31940504664979e-6	2.528097607406091e-12	-173658.42979183377	7.81857970948928e7	0.
-1.5198300133285112e-7	2.528097607406091e-12	-599590.2426836147	4.0084188578140336e8	0.
-5.167422045316938e-6	2.528097607406091e-12	-178016.25577173784	8.103690579877187e7	0.
0.	2.528097607406091e-12	-628931.1152203457	4.225686465649486e8	0.
-5.015439043984087e-6	2.528097607406091e-12	-182580.9853805817	8.405127243589585e7	0.
1.5198300133285112e-7	2.528097607406091e-12	-659707.7796361498	4.45018604565509e8	0.
-4.863456042651236e-6	2.528097607406091e-12	-187366.3880887731	8.724101394666354e7	0.
3.0396600266570224e-7	2.528097607406091e-12	-691915.3415874888	4.681247738824664e8	0.
-4.711473041318385e-6	2.528097607406091e-12	-192387.3468621058	9.061929490884869e7	0.
5.4713880479826406e-6	2.528097607406091e-12	-2.3337260919342064e6	1.2524137111458194e9	0.
4.5594900399855336e-7	2.528097607406091e-12	-725539.2833816389	4.918132898083577e8	0.
5.6233710493154915e-6	2.528097607406091e-12	-2.389862313541912e6	1.2711902455717318e9	0.
6.079320053314045e-7	2.528097607406091e-12	-760555.9471313498	5.1600547790625703e8	0.
5.7753540506483425e-6	2.528097607406091e-12	-2.4461699473690926e6	1.2897303164813042e9	0.
7.599150066642557e-7	2.528097607406091e-12	-796933.2989180185	5.406199940795423e8	0.
5.9273370519811935e-6	2.528097607406091e-12	-2.5026388471316705e6	1.3080403168060293e9	0.
9.118980079971067e-7	2.528097607406091e-12	-834631.9181381139	5.655749224280212e8	0.
6.079320053314045e-6	2.528097607406091e-12	-2.559259596486629e6	1.3261265236783826e9	0.
1.0638810093299578e-6	2.528097607406091e-12	-873606.1442751308	5.907897365018368e8	0.
6.231303054646896e-6	2.528097607406091e-12	-2.6160234500467647e6	1.3439950627491677e9	0.
1.215864010662809e-6	2.528097607406091e-12	-913805.3092863089	6.161869895013651e8	0.
6.383286055979747e-6	2.528097607406091e-12	-2.672922279367717e6	1.3616519369965062e9	0.
1.3678470119956601e-6	2.528097607406091e-12	-955174.9870699958	6.416937773059881e8	0.
6.535269057312598e-6	2.528097607406091e-12	-2.729948523518699e6	1.3791029590127592e9	0.
1.5198300133285113e-6	2.528097607406091e-12	-997658.20050932	6.672426744953712e8	0.
6.687252058645449e-6	2.528097607406091e-12	-2.7870951438663616e6	1.3963537764173949e9	0.
1.6718130146613623e-6	2.528097607406091e-12	-1.041196539251041e6	6.927724932474e8	0.
6.8392350599783e-6	2.528097607406091e-12	-2.844355582722088e6	1.4134098871257284e9	0.
1.8237960159942135e-6	2.528097607406091e-12	-1.0857311555030486e6	7.182287041514823e8	0.
6.991218061311152e-6	2.528097607406091e-12	-2.901723725525421e6	1.4302766348737502e9	0.
1.9757790173270646e-6	2.528097607406091e-12	-1.131203618873434e6	7.435634061851308e8	0.
7.143201062644003e-6	2.528097607406091e-12	-2.959193866259266e6	1.4469591039253912e9	0.
2.1277620186599156e-6	2.528097607406091e-12	-1.1775566233157068e6	7.687353827737085e8	0.
7.295184063976854e-6	2.528097607406091e-12	-3.0167606758153653e6	1.4634623292258031e9	0.
2.279745019992767e-6	2.528097607406091e-12	-1.2247345488555166e6	7.937095860095046e8	0.
7.447167065309705e-6	2.528097607406091e-12	-3.0744191730506956e6	1.4797911148046758e9	0.
2.431728021325618e-6	2.528097607406091e-12	-1.272683887727997e6	8.184569058371017e8	0.
7.599150066642556e-6	2.528097607406091e-12	-3.1321646982967407e6	1.4959500940238123e9	0.
2.583711022658469e-6	2.528097607406091e-12	-1.321353548997974e6	8.429535802825471e8	0.
7.751133067975407e-6	2.528097607406091e-12	-3.1899928891036813e6	1.511943749632523e9	0.
2.7356940239913203e-6	2.528097607406091e-12	-1.370695058039887e6	8.671806895688622e8	0.
7.903116069308259e-6	2.528097607406091e-12	-3.247899658020394e6	1.5277764705409627e9	0.
2.8876770253241713e-6	2.528097607406091e-12	-1.420662667890761e6	8.911235729242855e8	0.
8.055099070641109e-6	2.528097607406091e-12	-3.3058811722286963e6	1.5434523718679574e9	0.
3.0396600266570226e-6	2.528097607406091e-12	-1.4712133989334044e6	9.147713621681008e8	0.
8.20708207197396e-6	2.528097607406091e-12	-3.363933834866511e6	1.5589755458595812e9	0.
3.1916430279898736e-6	2.528097607406091e-12	-1.522307022041388e6	9.381164191242362e8	0.
8.359065073306812e-6	2.528097607406091e-12	-3.422054267889519e6	1.5743498722641106e9	0.
3.3436260293227246e-6	2.528097607406091e-12	-1.5739059985658072e6	9.611538950648717e8	0.
8.511048074639662e-6	2.528097607406091e-12	-3.480239296334631e6	1.5895791126068082e9	0.
3.495609030655576e-6	2.528097607406091e-12	-1.6259753886241096e6	9.838812985230758e8	0.
8.663031075972514e-6	2.528097607406091e-12	-3.5384859338610717e6	1.6046668789054558e9	0.
3.647592031988427e-6	2.528097607406091e-12	-1.6784827372425357e6	1.0062981045457342e9	0.
8.815014077305364e-6	2.528097607406091e-12	-3.5967913694563494e6	1.619616741365447e9	0.
3.799575033321278e-6	2.528097607406091e-12	-1.731397946119522e6	1.0284054599760611e9	0.
8.966997078638216e-6	2.528097607406091e-12	-3.6551529552047383e6	1.6344319530337775e9	0.
3.951558034654129e-6	2.528097607406091e-12	-1.7846931371810623e6	1.0502058345654324e9	0.
9.118980079971068e-6	2.528097607406091e-12	-3.713568195025401e6	1.6491159020582662e9	0.
4.10354103598698e-6	2.528097607406091e-12	-1.8383425127174992e6	1.0717027536410503e9	0.
9.270963081303918e-6	2.528097607406091e-12	-3.7720347342958013e6	1.663671648430475e9	0.
4.255524037319831e-6	2.528097607406091e-12	-1.8923222157271667e6	1.0929006695640361e9	0.
9.42294608263677e-6	2.528097607406091e-12	-3.8305503502838956e6	1.6781022804246926e9	0.
4.407507038652682e-6	2.528097607406091e-12	-1.946610193133369e6	1.113804724523544e9	0.
9.57492908396962e-6	2.528097607406091e-12	-3.889112943319591e6	1.6924107162672336e9	0.
4.559490039985534e-6	2.528097607406091e-12	-2.0011860637667147e6	1.1344204746530821e9	0.
9.726912085302472e-6	2.528097607406091e-12	-3.9477205286423704e6	1.706599772322403e9	0.
4.711473041318385e-6	2.528097607406091e-12	-2.0560309923906925e6	1.154754011829164e9	0.
9.878895086635324e-6	2.528097607406091e-12	-4.006371228867747e6	1.7206722165065935e9	0.
4.863456042651236e-6	2.528097607406091e-12	-2.1111275705698947e6	1.1748116156062458e9	0.
0.000010030878087968174	2.528097607406091e-12	-4.065063267020447e6	1.7346306912831144e9	0.
5.015439043984087e-6	2.528097607406091e-12	-2.166459704814238e6	1.194599764400494e9	0.
0.000010182861089301025	2.528097607406091e-12	-4.123794960086954e6	1.7484777221314077e9	0.
5.167422045316938e-6	2.528097607406091e-12	-2.2220125121579296e6	1.2141250824249663e9	0.
0.000010334844090633876	2.528097607406091e-12	-4.1825647130443067e6	1.7622157770719647e9	0.
5.31940504664979e-6	2.528097607406091e-12	-2.277772223130561e6	1.233394172733284e9	0.
0.000010486827091966727	2.528097607406091e-12	-4.241371013325961e6	1.775847291430942e9	0.
0.000015502266135950813	2.528097607406091e-12	-6.195830788285403e6	2.1778611846767154e9	0.
0.00001063881009329958	2.528097607406091e-12	-4.300212425688967e6	1.7893745256150658e9	0.
0.000015654249137283665	2.528097607406091e-12	-6.255340964293644e6	2.188872726229877e9	0.
0.00001079079309463243	2.528097607406091e-12	-4.35908758744997e6	1.8027997280357041e9	0.
0.000015806232138616517	2.528097607406091e-12	-6.31486247521828e6	2.199828033016119e9	0.
0.000010942776095965281	2.528097607406091e-12	-4.417995204060338e6	1.8161250604243848e9	0.
0.00001595821513994937	2.528097607406091e-12	-6.374395009746919e6	2.210727999324812e9	0.
0.000011094759097298131	2.528097607406091e-12	-4.47693404499338e6	1.8293526336411066e9	0.
0.000016110198141282217	2.528097607406091e-12	-6.433938267753722e6	2.2215734487238183e9	0.
0.000011246742098630983	2.528097607406091e-12	-4.5359029399189465e6	1.8424843801998196e9	0.
0.00001626218114261507	2.528097607406091e-12	-6.493491959806331e6	2.2323651332786555e9	0.
0.000011398725099963835	2.528097607406091e-12	-4.594900775142875e6	1.8555223821511693e9	0.
0.00001641416414394792	2.528097607406091e-12	-6.553055806698394e6	2.243103862334901e9	0.
0.000011550708101296685	2.528097607406091e-12	-4.653926490290636e6	1.868468487979687e9	0.
0.000016566147145280773	2.528097607406091e-12	-6.612629539006146e6	2.2537903762509828e9	0.
0.000011702691102629537	2.528097607406091e-12	-4.712979075216369e6	1.8813245514525065e9	0.
0.000016718130146613624	2.528097607406091e-12	-6.672212896667653e6	2.2644254723308883e9	0.
0.000011854674103962387	2.528097607406091e-12	-4.772057567120004e6	1.8940923108065794e9	0.
0.000016870113147946473	2.528097607406091e-12	-6.731805628583381e6	2.275009857809018e9	0.
0.000012006657105295239	2.528097607406091e-12	-4.831161047856728e6	1.9067735257251756e9	0.
0.000017022096149279325	2.528097607406091e-12	-6.791407492236847e6	2.2855442443758416e9	0.
0.00001215864010662809	2.528097607406091e-12	-4.890288641424261e6	1.9193698956667738e9	0.
0.000017174079150612177	2.528097607406091e-12	-6.851018253334207e6	2.2960293301532807e9	0.
0.00001231062310796094	2.528097607406091e-12	-4.949439511614717e6	1.931883008020208e9	0.
0.00001732606215194503	2.528097607406091e-12	-6.910637685461689e6	2.3064657960510097e9	0.
0.000012462606109293792	2.528097607406091e-12	-5.008612859818833e6	1.9443144507955549e9	0.
0.00001747804515327788	2.528097607406091e-12	-6.970265569759861e6	2.316854310180428e9	0.
0.000012614589110626643	2.528097607406091e-12	-5.067807922971401e6	1.9566657712554643e9	0.
0.00001763002815461073	2.528097607406091e-12	-7.029901694613781e6	2.3271955223951635e9	0.
0.000012766572111959494	2.528097607406091e-12	-5.127023971627619e6	1.9689383929279103e9	0.
0.00001778201115594358	2.528097607406091e-12	-7.08954585535816e6	2.3374900703410697e9	0.
0.000012918555113292345	2.528097607406091e-12	-5.186260308160911e6	1.9811338831095183e9	0.
0.000017933994157276432	2.528097607406091e-12	-7.149197853996663e6	2.3477385773041716e9	0.
0.000013070538114625196	2.528097607406091e-12	-5.245516265073524e6	1.9932534516621869e9	0.
0.000018085977158609284	2.528097607406091e-12	-7.208857498934623e6	2.357941653029091e9	0.
0.000013222521115958048	2.528097607406091e-12	-5.304791203411908e6	2.0052986326696472e9	0.
0.000018237960159942136	2.528097607406091e-12	-7.268524604724378e6	2.36809989348687e9	0.
0.000013374504117290898	2.528097607406091e-12	-5.364084511279482e6	2.0172706867068353e9	0.
0.000018389943161274984	2.528097607406091e-12	-7.328198991822599e6	2.3782138842449923e9	0.
0.00001352648711862375	2.528097607406091e-12	-5.423395602440024e6	2.029170926711297e9	0.
0.000018541926162607836	2.528097607406091e-12	-7.387880486358918e6	2.388284194537042e9	0.
0.0000136784701199566	2.528097607406091e-12	-5.4827239150053635e6	2.0410005322353399e9	0.
0.000018693909163940688	2.528097607406091e-12	-7.447568919915272e6	2.398311362221967e9	0.
0.000013830453121289452	2.528097607406091e-12	-5.5420689102016585e6	2.0527607757874029e9	0.
0.00001884589216527354	2.528097607406091e-12	-7.507264129315396e6	2.4082959808566365e9	0.
0.000013982436122622304	2.528097607406091e-12	-5.6014300712088365e6	2.0644528249635882e9	0.
0.00001899787516660639	2.528097607406091e-12	-7.566965956423915e6	2.4182385637084904e9	0.
0.000014134419123955154	2.528097607406091e-12	-5.66080690206831e6	2.0760778444167607e9	0.
0.00001914985816793924	2.528097607406091e-12	-7.626674247954544e6	2.4281396364868045e9	0.
0.000014286402125288006	2.528097607406091e-12	-5.720198926654382e6	2.0876368825164416e9	0.
0.000019301841169272092	2.528097607406091e-12	-7.6863888552869195e6	2.437999713691791e9	0.
0.000014438385126620856	2.528097607406091e-12	-5.779605687705102e6	2.0991311515058033e9	0.
0.000019453824170604944	2.528097607406091e-12	-7.746109634291605e6	2.447819324094801e9	0.
0.000014590368127953708	2.528097607406091e-12	-5.839026745908669e6	2.1105616356309009e9	0.
0.000019605807171937795	2.528097607406091e-12	-7.8058364451628635e6	2.457598887520615e9	0.
0.00001474235112928656	2.528097607406091e-12	-5.898461679041752e6	2.1219293462676337e9	0.
0.000019757790173270647	2.528097607406091e-12	-7.865569152258809e6	2.467338989009653e9	0.
0.00001489433413061941	2.528097607406091e-12	-5.957910081156357e6	2.1332353121757421e9	0.
0.000019909773174603496	2.528097607406091e-12	-7.925307623948518e6	2.4770400023697696e9	0.
0.000015046317131952261	2.528097607406091e-12	-6.017371561812132e6	2.1444805493870475e9	0.
0.000020061756175936347	2.528097607406091e-12	-7.98505173246583e6	2.4867024459678535e9	0.
0.000015198300133285111	2.528097607406091e-12	-6.076845745351191e6	2.1556660002138143e9	0.
0.0000202137391772692	2.528097607406091e-12	-8.044801353769414e6	2.4963267950102367e9	0.
0.00001535028313461796	2.528097607406091e-12	-6.136332270212803e6	2.166792603774865e9	0.
0.00002036572217860205	2.528097607406091e-12	-8.104556367408852e6	2.5059134963570905e9	0.
0.000020517705179934903	2.528097607406091e-12	-8.164316656396424e6	2.5154629468380513e9	0.
0.00002553314422391899	2.528097607406091e-12	-1.0138760282397393e7	2.812158527578309e9	0.
0.00002066968818126775	2.528097607406091e-12	-8.224082107084308e6	2.5249755979089136e9	0.
0.00002568512722525184	2.528097607406091e-12	-1.0198648721155884e7	2.820654145546626e9	0.
0.000020821671182600603	2.528097607406091e-12	-8.283852609046938e6	2.534451871906964e9	0.
0.00002583711022658469	2.528097607406091e-12	-1.0258539824808156e7	2.829123842745783e9	0.
0.000020973654183933455	2.528097607406091e-12	-8.343628054968273e6	2.5438921828061104e9	0.
0.00002598909322791754	2.528097607406091e-12	-1.0318433547297373e7	2.837567858312332e9	0.
0.000021125637185266307	2.528097607406091e-12	-8.403408340533737e6	2.5532969158326526e9	0.
0.000026141076229250393	2.528097607406091e-12	-1.037832984361803e7	2.845986445558345e9	0.
0.00002127762018659916	2.528097607406091e-12	-8.463193364326606e6	2.562666535906919e9	0.
0.000026293059230583244	2.528097607406091e-12	-1.043822866978624e7	2.854379730967107e9	0.
0.000021429603187932007	2.528097607406091e-12	-8.522983027728634e6	2.572001370633861e9	0.
0.000026445042231916096	2.528097607406091e-12	-1.0498129982811024e7	2.862748099216124e9	0.
0.00002158158618926486	2.528097607406091e-12	-8.582777234824717e6	2.58130178223909e9	0.
0.000026597025233248945	2.528097607406091e-12	-1.0558033740666533e7	2.8710916990230675e9	0.
0.00002173356919059771	2.528097607406091e-12	-8.642575892311418e6	2.590568272913638e9	0.
0.000026749008234581796	2.528097607406091e-12	-1.061793990226523e7	2.879410728007094e9	0.
0.000021885552191930562	2.528097607406091e-12	-8.702378909409136e6	2.5998010920452023e9	0.
0.000026900991235914648	2.528097607406091e-12	-1.0677848427431926e7	2.8877054004056134e9	0.
0.000022037535193263414	2.528097607406091e-12	-8.762186197777795e6	2.609000619539984e9	0.
0.0000270529742372475	2.528097607406091e-12	-1.07377592768787e7	2.8959759726667724e9	0.
0.000022189518194596263	2.528097607406091e-12	-8.821997671435883e6	2.618167283304127e9	0.
0.000027204957238580352	2.528097607406091e-12	-1.0797672412180604e7	2.9042226156240463e9	0.
0.000022341501195929114	2.528097607406091e-12	-8.881813246682646e6	2.6273013418622766e9	0.
0.0000273569402399132	2.528097607406091e-12	-1.0857587795752196e7	2.912445589408046e9	0.
0.000022493484197261966	2.528097607406091e-12	-8.941632842023352e6	2.6364032338082986e9	0.
0.000027508923241246052	2.528097607406091e-12	-1.0917505390824804e7	2.92064504556698e9	0.
0.000022645467198594818	2.528097607406091e-12	-9.001456378097452e6	2.6454732284399548e9	0.
0.000027660906242578904	2.528097607406091e-12	-1.097742516142454e7	2.9288212240902205e9	0.
0.00002279745019992767	2.528097607406091e-12	-9.061283777609507e6	2.6545116384964724e9	0.
0.000027812889243911756	2.528097607406091e-12	-1.1037347072351001e7	2.936974258560151e9	0.
0.000022949433201260518	2.528097607406091e-12	-9.12111496526278e6	2.663518860444838e9	0.
0.000027964872245244608	2.528097607406091e-12	-1.1097271089156674e7	2.9451044102185793e9	0.
0.00002310141620259337	2.528097607406091e-12	-9.18094986769537e6	2.672495246629555e9	0.
0.000028116855246577456	2.528097607406091e-12	-1.1157197178126965e7	2.9532118489048295e9	0.
0.000023253399203926222	2.528097607406091e-12	-9.240788413418727e6	2.681440999897873e9	0.
0.000028268838247910308	2.528097607406091e-12	-1.121712530626088e7	2.961296748724533e9	0.
0.000023405382205259074	2.528097607406091e-12	-9.300630532758536e6	2.6903565312947984e9	0.
0.00002842082124924316	2.528097607406091e-12	-1.1277055441252299e7	2.969359331472687e9	0.
0.000023557365206591925	2.528097607406091e-12	-9.360476157797778e6	2.699242062726472e9	0.
0.00002857280425057601	2.528097607406091e-12	-1.1336987551471842e7	2.977399782847082e9	0.
0.000023709348207924774	2.528097607406091e-12	-9.42032522232194e6	2.70809795854361e9	0.
0.000028724787251908863	2.528097607406091e-12	-1.1396921605949296e7	2.98541823110976e9	0.
0.000023861331209257626	2.528097607406091e-12	-9.48017766176623e6	2.7169245150950003e9	0.
0.00002887677025324171	2.528097607406091e-12	-1.145685757435658e7	2.993414929086823e9	0.
0.000024013314210590477	2.528097607406091e-12	-9.540033413164739e6	2.7257219584292293e9	0.
0.000029028753254574563	2.528097607406091e-12	-1.1516795426991249e7	3.0013899997209215e9	0.
0.00002416529721192333	2.528097607406091e-12	-9.599892415101483e6	2.7344906401911697e9	0.
0.000029180736255907415	2.528097607406091e-12	-1.1576735134760477e7	3.0093436160238023e9	0.
0.00002431728021325618	2.528097607406091e-12	-9.6597546076632e6	2.7432308194498043e9	0.
0.000029332719257240267	2.528097607406091e-12	-1.1636676669165561e7	3.017276008023052e9	0.
0.00002446926321458903	2.528097607406091e-12	-9.719619932393862e6	2.7519427738697767e9	0.
0.00002948470225857312	2.528097607406091e-12	-1.1696620002286859e7	3.0251872910448666e9	0.
0.00002462124621592188	2.528097607406091e-12	-9.77948833225084e6	2.7606267986717706e9	0.
0.000029636685259905967	2.528097607406091e-12	-1.175656510676921e7	3.033077629719857e9	0.
0.000024773229217254733	2.528097607406091e-12	-9.839359751562595e6	2.769283117603613e9	0.
0.00002978866826123882	2.528097607406091e-12	-1.1816511955807779e7	3.0409471990585275e9	0.
0.000024925212218587585	2.528097607406091e-12	-9.899234135987924e6	2.777911993866542e9	0.
0.00002994065126257167	2.528097607406091e-12	-1.1876460523134327e7	3.048796222829128e9	0.
0.000025077195219920433	2.528097607406091e-12	-9.959111432476602e6	2.786513733102857e9	0.
0.000030092634263904523	2.528097607406091e-12	-1.193641078300388e7	3.0566248175720835e9	0.
0.000025229178221253285	2.528097607406091e-12	-1.0018991589231435e7	2.795088566929874e9	0.
0.000030244617265237375	2.528097607406091e-12	-1.199636271018181e7	3.0644331221630216e9	0.
0.000025381161222586137	2.528097607406091e-12	-1.0078874555671621e7	2.8036367489387293e9	0.
0.000030396600266570223	2.528097607406091e-12	-1.205631627993128e7	3.072221293062949e9	0.
