# Filename	C:\Users\edmag\Documents\Work\2D-Comp-Model\computation\Turning Timeresults\2018-02-05T05-33-52.txt
# Source	C:\Users\edmag\Documents\Work\2D-Comp-Model\computation\Turning Time\turning.nb
# Note	1D calculation of turning time vs. field and orbit energy.
# Date	2018-02-05T05:33:52
# Dir	-1
# field	2.8975887961808274e-11
# zi	-6.
W	field	zt	t	argt
-0.000030396600266570223	2.8975887961808274e-11	-31926.74121330862	6.26739517615447e6	-6.18987132116259e-7
-0.000025229178221253285	2.8975887961808274e-11	-37979.95117420128	8.095625294211122e6	0.
-0.000030244617265237375	2.8975887961808274e-11	-32077.907616904187	6.31131440110365e6	0.
-0.000025077195219920433	2.8975887961808274e-11	-38191.512416688565	8.16198349276459e6	0.
-0.000030092634263904523	2.8975887961808274e-11	-32230.47028480175	6.35573222751331e6	0.
-0.000024925212218587585	2.8975887961808274e-11	-38405.346652987435	8.229216390834192e6	0.
-0.00002994065126257167	2.8975887961808274e-11	-32384.448061761872	6.400658483208409e6	0.
-0.000024773229217254733	2.8975887961808274e-11	-38621.489122571336	8.297337081513136e6	0.
-0.00002978866826123882	2.8975887961808274e-11	-32539.86012210505	6.446100095520456e6	0.
-0.00002462124621592188	2.8975887961808274e-11	-38839.97576231604	8.366362477391001e6	0.
-0.000029636685259905967	2.8975887961808274e-11	-32696.725976686143	6.492065742656471e6	0.
-0.00002446926321458903	2.8975887961808274e-11	-39060.84322287753	8.436309174774447e6	0.
-0.00002948470225857312	2.8975887961808274e-11	-32855.065480038356	6.538562991919691e6	0.
-0.00002431728021325618	2.8975887961808274e-11	-39284.128885501734	8.507193190568041e6	0.
-0.000029332719257240267	2.8975887961808274e-11	-33014.89883769313	6.585601161161159e6	0.
-0.00002416529721192333	2.8975887961808274e-11	-39509.8708792782	8.579031306306208e6	0.
-0.000029180736255907415	2.8975887961808274e-11	-33176.2466136787	6.633187145223875e6	-4.4220697686317144e-7
-0.000024013314210590477	2.8975887961808274e-11	-39738.10809884963	8.651841270973427e6	0.
-0.000029028753254574563	2.8975887961808274e-11	-33339.12973820411	6.681333310904065e6	0.
-0.000023861331209257626	2.8975887961808274e-11	-39968.88022259018	8.725639466029042e6	0.
-0.00002887677025324171	2.8975887961808274e-11	-33503.56951553306	6.730043895755234e6	0.
-0.000023709348207924774	2.8975887961808274e-11	-40202.22773126601	8.800445358097536e6	0.
-0.000028724787251908863	2.8975887961808274e-11	-33669.58763205199	6.7793294257384725e6	-3.3620549488926996e-7
-0.000023557365206591925	2.8975887961808274e-11	-40438.19192719042	8.876276829459928e6	0.
-0.00002857280425057601	2.8975887961808274e-11	-33837.20616453846	6.829200924635104e6	-8.077458532556625e-7
-0.000023405382205259074	2.8975887961808274e-11	-40676.81495388857	8.953151798331426e6	0.
-0.00002842082124924316	2.8975887961808274e-11	-34006.44758863596	6.879669267318456e6	0.
-0.000023253399203926222	2.8975887961808274e-11	-40918.13981628521	9.031090692171425e6	0.
-0.000028268838247910308	2.8975887961808274e-11	-34177.334787539294	6.930736322958982e6	-8.039141547813363e-7
-0.00002310141620259337	2.8975887961808274e-11	-41162.21040142965	9.110112491773594e6	0.
-0.000028116855246577456	2.8975887961808274e-11	-34349.89106089741	6.982424368006251e6	0.
-0.000022949433201260518	2.8975887961808274e-11	-41409.07149977361	9.190238601489265e6	0.
-0.000027964872245244608	2.8975887961808274e-11	-34524.140133939516	7.034728077052047e6	0.
-0.00002279745019992767	2.8975887961808274e-11	-41658.76882701628	9.271488435470618e6	0.
-0.000027812889243911756	2.8975887961808274e-11	-34700.106166830454	7.08766995715659e6	0.
-0.000022645467198594818	2.8975887961808274e-11	-41911.34904653307	9.353880352247661e6	0.
-0.000027660906242578904	2.8975887961808274e-11	-34877.81376426134	7.141253702559536e6	0.
-0.000022493484197261966	2.8975887961808274e-11	-42166.85979240322	9.437439794866089e6	0.
-0.000027508923241246052	2.8975887961808274e-11	-35057.28798528333	7.195492849546764e6	-7.942755113466606e-7
-0.000022341501195929114	2.8975887961808274e-11	-42425.3496930531	9.522190930600781e6	0.
-0.0000273569402399132	2.8975887961808274e-11	-35238.55435338873	7.250399814564792e6	0.
-0.000022189518194596263	2.8975887961808274e-11	-42686.86839553172	9.608147782446723e6	0.
-0.000027204957238580352	2.8975887961808274e-11	-35421.638866849884	7.305982853414896e6	0.
-0.000022037535193263414	2.8975887961808274e-11	-42951.46659043598	9.69533760259557e6	0.
-0.0000270529742372475	2.8975887961808274e-11	-35606.5680093189	7.362253528253376e6	0.
-0.000021885552191930562	2.8975887961808274e-11	-43219.196037502916	9.783788137135226e6	0.
-0.000026900991235914648	2.8975887961808274e-11	-35793.36876069919	7.419226154020002e6	0.
-0.00002173356919059771	2.8975887961808274e-11	-43490.10959188617	9.873516990395242e6	0.
-0.000026749008234581796	2.8975887961808274e-11	-35982.06860829353	7.476906670761289e6	0.
-0.00002158158618926486	2.8975887961808274e-11	-43764.26123113715	9.964553440430354e6	0.
-0.000026597025233248945	2.8975887961808274e-11	-36172.69555823857	7.535311706801638e6	0.
-0.000021429603187932007	2.8975887961808274e-11	-44041.706082906676	1.0056921079073243e7	0.
-0.000026445042231916096	2.8975887961808274e-11	-36365.27814723195	7.59445232202878e6	0.
-0.00002127762018659916	2.8975887961808274e-11	-44322.50045338881	1.0150645002077572e7	0.
-0.000026293059230583244	2.8975887961808274e-11	-36559.84545456149	7.6543415985322315e6	0.
-0.000021125637185266307	2.8975887961808274e-11	-44606.701856525055	1.0245751854330255e7	0.
-0.000026141076229250393	2.8975887961808274e-11	-36756.42711444405	7.714992058635348e6	0.
-0.000020973654183933455	2.8975887961808274e-11	-44894.36904398895	1.0342269069947444e7	0.
-0.00002598909322791754	2.8975887961808274e-11	-36955.05332868322	7.7764163238347005e6	0.
-0.000020821671182600603	2.8975887961808274e-11	-45185.562035971605	1.0440223643474488e7	0.
-0.00002583711022658469	2.8975887961808274e-11	-37155.754879654756	7.83862805711082e6	0.
-0.00002066968818126775	2.8975887961808274e-11	-45480.34215278901	1.0539644860865096e7	0.
-0.00002568512722525184	2.8975887961808274e-11	-37358.5631436284	7.901641114525714e6	0.
-0.000020517705179934903	2.8975887961808274e-11	-45778.77204733124	1.0640561203192912e7	0.
-0.00002553314422391899	2.8975887961808274e-11	-37563.51010443602	7.965468902379716e6	0.
-0.00002036572217860205	2.8975887961808274e-11	-46080.91573837627	1.0743001502188878e7	0.
-0.000025381161222586137	2.8975887961808274e-11	-37770.62836749561	8.03012484000439e6	0.
-0.0000202137391772692	2.8975887961808274e-11	-46386.83864478907	1.0846996088478599e7	0.
-0.000020061756175936347	2.8975887961808274e-11	-46696.60762062848	1.0952577283836624e7	0.
-0.00001489433413061941	2.8975887961808274e-11	-60110.301799417546	1.5765630842126003e7	0.
-0.000019909773174603496	2.8975887961808274e-11	-47010.290991183945	1.1059776502294581e7	0.
-0.00001474235112928656	2.8975887961808274e-11	-60611.15500671124	1.5953484116080392e7	0.
-0.000019757790173270647	2.8975887961808274e-11	-47327.958589965165	1.1168624029544817e7	0.
-0.000014590368127953708	2.8975887961808274e-11	-61119.60273591927	1.6144715264664782e7	0.
-0.000019605807171937795	2.8975887961808274e-11	-47649.681796667595	1.1279156712733475e7	0.
-0.000014438385126620856	2.8975887961808274e-11	-61635.799975524926	1.633939924026441e7	0.
-0.000019453824170604944	2.8975887961808274e-11	-47975.53357613588	1.1391406069075473e7	0.
-0.000014286402125288006	2.8975887961808274e-11	-62159.90536848891	1.6537614346938653e7	0.
-0.000019301841169272092	2.8975887961808274e-11	-48305.588518350414	1.1505407412314678e7	0.
-0.000014134419123955154	2.8975887961808274e-11	-62692.08129726701	1.673944030784426e7	0.
-0.00001914985816793924	2.8975887961808274e-11	-48639.92287945908	1.1621198034200693e7	0.
-0.000013982436122622304	2.8975887961808274e-11	-63232.493970046446	1.694495525282975e7	0.
-0.00001899787516660639	2.8975887961808274e-11	-48978.61462387807	1.173881175319197e7	0.
-0.000013830453121289452	2.8975887961808274e-11	-63781.31350814111	1.715424376915373e7	0.
-0.00001884589216527354	2.8975887961808274e-11	-49321.74346748683	1.18582917923424e7	0.
-0.0000136784701199566	2.8975887961808274e-11	-64338.71403447653	1.7367389659640636e7	0.
-0.000018693909163940688	2.8975887961808274e-11	-49669.39092193841	1.1979666562825575e7	0.
-0.00001352648711862375	2.8975887961808274e-11	-64904.87376308802	1.7584480854098238e7	0.
-0.000018541926162607836	2.8975887961808274e-11	-50021.640340112426	1.2102983322474595e7	0.
-0.000013374504117290898	2.8975887961808274e-11	-65479.9750895436	1.7805605949627176e7	0.
-0.000018389943161274984	2.8975887961808274e-11	-50378.576962731146	1.2228281533407683e7	0.
-0.000013222521115958048	2.8975887961808274e-11	-66064.20468219394	1.8030855347606145e7	0.
-0.000018237960159942136	2.8975887961808274e-11	-50740.28796616412	1.2355599909093408e7	0.
-0.000013070538114625196	2.8975887961808274e-11	-66657.75357413966	1.8260322173094667e7	0.
-0.000018085977158609284	2.8975887961808274e-11	-51106.86251144502	1.2484982392061114e7	0.
-0.000012918555113292345	2.8975887961808274e-11	-67260.81725579359	1.849410205154328e7	0.
-0.000017933994157276432	2.8975887961808274e-11	-51478.39179452234	1.261647115451133e7	0.
-0.000012766572111959494	2.8975887961808274e-11	-67873.5957679032	1.87322902137142e7	0.
-0.00001778201115594358	2.8975887961808274e-11	-51854.96909776851	1.2750112356832925e7	0.
-0.000012614589110626643	2.8975887961808274e-11	-68496.29379488414	1.8974988135031503e7	0.
-0.00001763002815461073	2.8975887961808274e-11	-52236.68984276814	1.2885948900468813e7	0.
-0.000012462606109293792	2.8975887961808274e-11	-69129.12075830017	1.9222298257011913e7	0.
-0.00001747804515327788	2.8975887961808274e-11	-52623.6516444089	1.3024029120045492e7	0.
-0.00001231062310796094	2.8975887961808274e-11	-69772.2909103097	1.94743213191474e7	0.
-0.00001732606215194503	2.8975887961808274e-11	-53015.95436629445	1.3164400060960684e7	0.
-0.00001215864010662809	2.8975887961808274e-11	-70426.02342688273	1.9731167961644553e7	0.
-0.000017174079150612177	2.8975887961808274e-11	-53413.70017750111	1.3307111683680361e7	0.
-0.000012006657105295239	2.8975887961808274e-11	-71090.5425005711	1.9992942247112054e7	0.
-0.000017022096149279325	2.8975887961808274e-11	-53816.99361069676	1.3452211543177463e7	0.
-0.000011854674103962387	2.8975887961808274e-11	-71766.07743260059	2.0259757754897106e7	0.
-0.000016870113147946473	2.8975887961808274e-11	-54225.941621641214	1.3599752652482294e7	0.
-0.000011702691102629537	2.8975887961808274e-11	-72452.86272402859	2.053172776872971e7	0.
-0.000016718130146613624	2.8975887961808274e-11	-54640.653650084205	1.3749786062329262e7	0.
-0.000011550708101296685	2.8975887961808274e-11	-73151.13816569294	2.0808967229421508e7	0.
-0.000016566147145280773	2.8975887961808274e-11	-55061.241682077656	1.3902367273328615e7	0.
-0.000011398725099963835	2.8975887961808274e-11	-73861.14892665419	2.1091595445118092e7	0.
-0.00001641416414394792	2.8975887961808274e-11	-55487.820313715565	1.4057551447158042e7	0.
-0.000011246742098630983	2.8975887961808274e-11	-74583.14564080938	2.137973124456178e7	0.
-0.00001626218114261507	2.8975887961808274e-11	-55920.50681631444	1.4215393057006802e7	0.
-0.000011094759097298131	2.8975887961808274e-11	-75317.38449133233	2.167349898576708e7	0.
-0.000016110198141282217	2.8975887961808274e-11	-56359.42120304491	1.4375952124923289e7	0.
-0.000010942776095965281	2.8975887961808274e-11	-76064.12729256778	2.19730227838978e7	0.
-0.00001595821513994937	2.8975887961808274e-11	-56804.68629702148	1.4539285622815678e7	0.
-0.00001079079309463243	2.8975887961808274e-11	-76823.64156898194	2.2278432604363654e7	0.
-0.000015806232138616517	2.8975887961808274e-11	-57256.42780085788	1.4705456031883867e7	0.
-0.00001063881009329958	2.8975887961808274e-11	-77596.20063074151	2.258985678527988e7	0.
-0.000015654249137283665	2.8975887961808274e-11	-57714.77436768914	1.4874524867716823e7	0.
-0.000010486827091966727	2.8975887961808274e-11	-78382.08364546733	2.2907428263499223e7	0.
-0.000015502266135950813	2.8975887961808274e-11	-58179.85767366176	1.5046556376567457e7	0.
-0.000010334844090633876	2.8975887961808274e-11	-79181.5757056757	2.3231282660108265e7	0.
-0.00001535028313461796	2.8975887961808274e-11	-58651.81249188757	1.522161511301422e7	0.
-0.000010182861089301025	2.8975887961808274e-11	-79994.96789139157	2.3561557846338518e7	0.
-0.000015198300133285111	2.8975887961808274e-11	-59130.776767854724	1.5399767529010503e7	0.
-0.000010030878087968174	2.8975887961808274e-11	-80822.55732738528	2.3898393117827967e7	0.
-0.000015046317131952261	2.8975887961808274e-11	-59616.89169628441	1.5581082624600284e7	0.
-9.878895086635324e-6	2.8975887961808274e-11	-81664.64723445196	2.4241930643768508e7	0.
-9.726912085302472e-6	2.8975887961808274e-11	-82521.54697411999	2.4592314947285186e7	0.
-4.559490039985534e-6	2.8975887961808274e-11	-123068.99457885348	4.171042014686705e7	0.
-9.57492908396962e-6	2.8975887961808274e-11	-83393.57208614085	2.494969373255986e7	0.
-4.407507038652682e-6	2.8975887961808274e-11	-124683.34194265926	4.2400328794747256e7	0.
-9.42294608263677e-6	2.8975887961808274e-11	-84281.04431807924	2.531421481769987e7	0.
-4.255524037319831e-6	2.8975887961808274e-11	-126327.03370836654	4.310255638457989e7	0.
-9.270963081303918e-6	2.8975887961808274e-11	-85184.29164628877	2.5686029654812343e7	0.
-4.10354103598698e-6	2.8975887961808274e-11	-128000.50332737231	4.381719197252654e7	0.
-9.118980079971068e-6	2.8975887961808274e-11	-86103.64828752396	2.606529203040582e7	0.
-3.951558034654129e-6	2.8975887961808274e-11	-129704.17925354376	4.454431958126938e7	0.
-8.966997078638216e-6	2.8975887961808274e-11	-87039.45470040679	2.6452156462014128e7	0.
-3.799575033321278e-6	2.8975887961808274e-11	-131438.48417060258	4.528401115415035e7	0.
-8.815014077305364e-6	2.8975887961808274e-11	-87992.05757593355	2.6846780885786083e7	0.
-3.647592031988427e-6	2.8975887961808274e-11	-133203.8342015433	4.6036332063282035e7	0.
-8.663031075972514e-6	2.8975887961808274e-11	-88961.80981617566	2.724932308689385e7	0.
-3.495609030655576e-6	2.8975887961808274e-11	-135000.63810254537	4.680133370768105e7	0.
-8.511048074639662e-6	2.8975887961808274e-11	-89949.0705002994	2.765994410665921e7	0.
-3.3436260293227246e-6	2.8975887961808274e-11	-136829.29644408892	4.757906086196933e7	0.
-8.359065073306812e-6	2.8975887961808274e-11	-90954.20483699974	2.807880621777982e7	0.
-3.1916430279898736e-6	2.8975887961808274e-11	-138690.20078222352	4.836954319581854e7	0.
-8.20708207197396e-6	2.8975887961808274e-11	-91977.58410241996	2.850607277205747e7	0.
-3.0396600266570226e-6	2.8975887961808274e-11	-140583.7328231743	4.917280116818056e7	0.
-8.055099070641109e-6	2.8975887961808274e-11	-93019.58556260358	2.894190824186458e7	0.
-2.8876770253241713e-6	2.8975887961808274e-11	-142510.26358468618	4.99888431320859e7	0.
-7.903116069308259e-6	2.8975887961808274e-11	-94080.59237950771	2.9386478270299e7	0.
-2.7356940239913203e-6	2.8975887961808274e-11	-144470.1525577108	5.081766528724742e7	0.
-7.751133067975407e-6	2.8975887961808274e-11	-95160.99349959001	2.98399508287848e7	0.
-2.583711022658469e-6	2.8975887961808274e-11	-146463.74687222278	5.1659249655532874e7	0.
-7.599150066642556e-6	2.8975887961808274e-11	-96261.18352397079	3.030249143277981e7	0.
-2.431728021325618e-6	2.8975887961808274e-11	-148491.3804711101	5.251356789724384e7	0.
-7.447167065309705e-6	2.8975887961808274e-11	-97381.56255916717	3.0774269303654443e7	0.
-2.279745019992767e-6	2.8975887961808274e-11	-150553.3732962144	5.3380573586845756e7	0.
-7.295184063976854e-6	2.8975887961808274e-11	-98522.53604739424	3.125545202847017e7	0.
-2.1277620186599156e-6	2.8975887961808274e-11	-152650.03049069925	5.426021355979998e7	0.
-7.143201062644003e-6	2.8975887961808274e-11	-99684.51457543737	3.1746208298624277e7	0.
-1.9757790173270646e-6	2.8975887961808274e-11	-154781.64162198955	5.5152414578091025e7	0.
-6.991218061311152e-6	2.8975887961808274e-11	-100867.91366111198	3.2246705311300725e7	0.
-1.8237960159942135e-6	2.8975887961808274e-11	-156948.47992955978	5.6057094050964326e7	0.
-6.8392350599783e-6	2.8975887961808274e-11	-102073.15351635093	3.275711044465068e7	0.
-1.6718130146613623e-6	2.8975887961808274e-11	-159150.80160183847	5.697415338802362e7	0.
-6.687252058645449e-6	2.8975887961808274e-11	-103300.65878598957	3.3277590766415376e7	0.
-1.5198300133285113e-6	2.8975887961808274e-11	-161388.84508645188	5.790347818527054e7	0.
-6.535269057312598e-6	2.8975887961808274e-11	-104550.85826136012	3.3808310537677765e7	0.
-1.3678470119956601e-6	2.8975887961808274e-11	-163662.83043793967	5.884494383174514e7	0.
-6.383286055979747e-6	2.8975887961808274e-11	-105824.18456785814	3.434943552542603e7	0.
-1.215864010662809e-6	2.8975887961808274e-11	-165972.9587069444	5.979840773780528e7	0.
-6.231303054646896e-6	2.8975887961808274e-11	-107121.07382570539	3.490112612898167e7	0.
-1.0638810093299578e-6	2.8975887961808274e-11	-168319.4113747051	6.076371838124023e7	0.
-6.079320053314045e-6	2.8975887961808274e-11	-108441.96528320869	3.546354260280285e7	0.
-9.118980079971067e-7	2.8975887961808274e-11	-170702.34983646777	6.174070434753409e7	0.
-5.9273370519811935e-6	2.8975887961808274e-11	-109787.30092189995	3.6036842744631805e7	0.
-7.599150066642557e-7	2.8975887961808274e-11	-173121.914937174	6.2729187278946206e7	0.
-5.7753540506483425e-6	2.8975887961808274e-11	-111157.52503304207	3.662118091533162e7	0.
-6.079320053314045e-7	2.8975887961808274e-11	-175578.22656249095	6.3728968719651215e7	0.
-5.6233710493154915e-6	2.8975887961808274e-11	-112553.08376509899	3.72167061881425e7	0.
-4.5594900399855336e-7	2.8975887961808274e-11	-178071.38328792097	6.47398434917777e7	0.
-5.4713880479826406e-6	2.8975887961808274e-11	-113974.42464189458	3.782356773288132e7	0.
-3.0396600266570224e-7	2.8975887961808274e-11	-180601.46208836368	6.576158911719195e7	0.
-5.31940504664979e-6	2.8975887961808274e-11	-115421.99605132511	3.8441908357718416e7	0.
-1.5198300133285112e-7	2.8975887961808274e-11	-183168.5181101148	6.6793973079878405e7	0.
-5.167422045316938e-6	2.8975887961808274e-11	-116896.24670464605	3.907186414042515e7	0.
0.	2.8975887961808274e-11	-185772.58450687068	6.783675137525381e7	0.
-5.015439043984087e-6	2.8975887961808274e-11	-118397.62506652252	3.971356954587064e7	0.
1.5198300133285112e-7	2.8975887961808274e-11	-188413.6723408729	6.88896693914231e7	0.
-4.863456042651236e-6	2.8975887961808274e-11	-119926.57875621409	4.036715143832771e7	0.
3.0396600266570224e-7	2.8975887961808274e-11	-191091.77054987985	6.995245882340333e7	0.
-4.711473041318385e-6	2.8975887961808274e-11	-121483.55392046194	4.1032730149020836e7	0.
5.4713880479826406e-6	2.8975887961808274e-11	-302799.9769491859	1.097130802412905e8	0.
4.5594900399855336e-7	2.8975887961808274e-11	-193806.84598019527	7.10248452846622e7	0.
5.6233710493154915e-6	2.8975887961808274e-11	-306623.79030314833	1.10923022345872e8	0.
6.079320053314045e-7	2.8975887961808274e-11	-196558.8434855233	7.210654137196259e7	0.
5.7753540506483425e-6	2.8975887961808274e-11	-310473.38580184954	1.1213197981896093e8	0.
7.599150066642557e-7	2.8975887961808274e-11	-199347.68609096447	7.31972554108349e7	0.
5.9273370519811935e-6	2.8975887961808274e-11	-314348.3159214655	1.1333973755868071e8	0.
9.118980079971067e-7	2.8975887961808274e-11	-202173.27522101635	7.42966830069309e7	0.
6.079320053314045e-6	2.8975887961808274e-11	-318248.1345135324	1.1454609886045168e8	0.
1.0638810093299578e-6	2.8975887961808274e-11	-205035.4909900117	7.540451501889284e7	0.
6.231303054646896e-6	2.8975887961808274e-11	-322172.3972867871	1.1575086642122875e8	0.
1.215864010662809e-6	2.8975887961808274e-11	-207934.19255300914	7.652043590045282e7	0.
6.383286055979747e-6	2.8975887961808274e-11	-326120.662259698	1.1695385723815879e8	0.
1.3678470119956601e-6	2.8975887961808274e-11	-210869.21851476247	7.764412428650603e7	0.
6.535269057312598e-6	2.8975887961808274e-11	-330092.4901839581	1.1815489578476961e8	0.
1.5198300133285113e-6	2.8975887961808274e-11	-213840.3873940328	7.877525354452024e7	0.
6.687252058645449e-6	2.8975887961808274e-11	-334087.4449393456	1.19353810146992e8	0.
1.6718130146613623e-6	2.8975887961808274e-11	-216847.49814017743	7.991349168467845e7	0.
6.8392350599783e-6	2.8975887961808274e-11	-338105.093900465	1.2055043906107956e8	0.
1.8237960159942135e-6	2.8975887961808274e-11	-219890.33069865685	8.105850526882222e7	0.
6.991218061311152e-6	2.8975887961808274e-11	-342145.0082759842	1.2174463154448181e8	0.
1.9757790173270646e-6	2.8975887961808274e-11	-222968.64662184476	8.220995855690385e7	0.
7.143201062644003e-6	2.8975887961808274e-11	-346206.7634210676	1.2293623781971565e8	0.
2.1277620186599156e-6	2.8975887961808274e-11	-226082.18972131252	8.336751058377025e7	0.
7.295184063976854e-6	2.8975887961808274e-11	-350289.9391237826	1.2412512197976641e8	0.
2.279745019992767e-6	2.8975887961808274e-11	-229230.6867575858	8.453082280252513e7	0.
7.447167065309705e-6	2.8975887961808274e-11	-354394.1198663136	1.2531115081282125e8	0.
2.431728021325618e-6	2.8975887961808274e-11	-232413.84816323954	8.569955581262441e7	0.
7.599150066642556e-6	2.8975887961808274e-11	-358518.89506187534	1.2649420252031398e8	0.
2.583711022658469e-6	2.8975887961808274e-11	-235631.36879511032	8.687336884664261e7	0.
7.751133067975407e-6	2.8975887961808274e-11	-362663.8592682526	1.2767415701628675e8	0.
2.7356940239913203e-6	2.8975887961808274e-11	-238882.92871135645	8.805192417347199e7	0.
7.903116069308259e-6	2.8975887961808274e-11	-366828.61237892846	1.2885090448104598e8	0.
2.8876770253241713e-6	2.8975887961808274e-11	-242168.1939690899	8.9234883730182e7	0.
8.055099070641109e-6	2.8975887961808274e-11	-371012.7597927824	1.3002434061361207e8	0.
3.0396600266570226e-6	2.8975887961808274e-11	-245486.81743833612	9.042191449869901e7	0.
8.20708207197396e-6	2.8975887961808274e-11	-375215.91256335686	1.3119436747655071e8	0.
3.1916430279898736e-6	2.8975887961808274e-11	-248838.4396281434	9.161268440142694e7	0.
8.359065073306812e-6	2.8975887961808274e-11	-379437.6875286948	1.3236089346319878e8	0.
3.3436260293227246e-6	2.8975887961808274e-11	-252222.68952076693	9.280686715247416e7	0.
8.511048074639662e-6	2.8975887961808274e-11	-383677.7074227525	1.3352383261036612e8	0.
3.495609030655576e-6	2.8975887961808274e-11	-255639.1854099815	9.400413860128455e7	0.
8.663031075972514e-6	2.8975887961808274e-11	-387935.6009693869	1.3468310493773174e8	0.
3.647592031988427e-6	2.8975887961808274e-11	-259087.53573973748	9.52041792249355e7	0.
8.815014077305364e-6	2.8975887961808274e-11	-392211.0029599028	1.358386358028856e8	0.
3.799575033321278e-6	2.8975887961808274e-11	-262567.33993955486	9.640667666778657e7	0.
8.966997078638216e-6	2.8975887961808274e-11	-396503.5543151342	1.3699035612881234e8	0.
3.951558034654129e-6	2.8975887961808274e-11	-266078.18925325415	9.761132501583727e7	0.
9.118980079971068e-6	2.8975887961808274e-11	-400812.90213300945	1.381382018003863e8	0.
4.10354103598698e-6	2.8975887961808274e-11	-269619.6675578408	9.881781950037074e7	0.
9.270963081303918e-6	2.8975887961808274e-11	-405138.6997225323	1.3928211285744014e8	0.
4.255524037319831e-6	2.8975887961808274e-11	-273191.3521695931	1.000258664053528e8	0.
9.42294608263677e-6	2.8975887961808274e-11	-409480.6066250809	1.4042203780145684e8	0.
4.407507038652682e-6	2.8975887961808274e-11	-276792.81463464384	1.0123517477291377e8	0.
9.57492908396962e-6	2.8975887961808274e-11	-413838.2886239006	1.4155792407543048e8	0.
4.559490039985534e-6	2.8975887961808274e-11	-280423.62150159624	1.0244547038689855e8	0.
9.726912085302472e-6	2.8975887961808274e-11	-418211.41774263786	1.4268972619066057e8	0.
4.711473041318385e-6	2.8975887961808274e-11	-284083.3350739628	1.0365647348739542e8	0.
9.878895086635324e-6	2.8975887961808274e-11	-422599.67223372794	1.4381740506485903e8	0.
4.863456042651236e-6	2.8975887961808274e-11	-287771.51414047304	1.0486791937109421e8	0.
0.000010030878087968174	2.8975887961808274e-11	-427002.7365574193	1.4494092257571858e8	0.
5.015439043984087e-6	2.8975887961808274e-11	-291487.7146815395	1.060795487133928e8	0.
0.000010182861089301025	2.8975887961808274e-11	-431420.3013521837	1.4606024540015885e8	0.
5.167422045316938e-6	2.8975887961808274e-11	-295231.4905504211	1.0729111273209035e8	0.
0.000010334844090633876	2.8975887961808274e-11	-435852.0633972259	1.4717534500173897e8	0.
5.31940504664979e-6	2.8975887961808274e-11	-299002.39412785834	1.0850236899213351e8	0.
0.000010486827091966727	2.8975887961808274e-11	-440297.7255677756	1.4828619219480076e8	0.
0.000015502266135950813	2.8975887961808274e-11	-593185.5892109871	1.8253562305259365e8	0.
0.00001063881009329958	2.8975887961808274e-11	-444756.99678380793	1.4939276732555258e8	0.
0.000015654249137283665	2.8975887961808274e-11	-597965.6601357725	1.8350276300083488e8	0.
0.00001079079309463243	2.8975887961808274e-11	-449229.59195280646	1.5049505088382202e8	0.
0.000015806232138616517	2.8975887961808274e-11	-602752.4677996994	1.844659865358107e8	0.
0.000010942776095965281	2.8975887961808274e-11	-453715.2319071504	1.5159302313380504e8	0.
0.00001595821513994937	2.8975887961808274e-11	-607545.8805266211	1.854253200975122e8	0.
0.000011094759097298131	2.8975887961808274e-11	-458213.643336673	1.5268667267513934e8	0.
0.000016110198141282217	2.8975887961808274e-11	-612345.7696634026	1.8638079181991532e8	0.
0.000011246742098630983	2.8975887961808274e-11	-462724.55871690816	1.537759894702465e8	0.
0.00001626218114261507	2.8975887961808274e-11	-617152.0095074301	1.8733242102046713e8	0.
0.000011398725099963835	2.8975887961808274e-11	-467247.71623351105	1.548609642649752e8	0.
0.00001641416414394792	2.8975887961808274e-11	-621964.4772355895	1.8828024725867784e8	0.
0.000011550708101296685	2.8975887961808274e-11	-471782.8597033079	1.559415912706032e8	0.
0.000016566147145280773	2.8975887961808274e-11	-626783.0528347096	1.892242846483522e8	0.
0.000011702691102629537	2.8975887961808274e-11	-476329.73849240167	1.570178680121556e8	0.
0.000016718130146613624	2.8975887961808274e-11	-631607.6190334744	1.9016456808450973e8	0.
0.000011854674103962387	2.8975887961808274e-11	-480888.1074317317	1.5808979019642738e8	0.
0.000016870113147946473	2.8975887961808274e-11	-636438.0612357893	1.911011247789944e8	0.
0.000012006657105295239	2.8975887961808274e-11	-485457.7267304603	1.5915736082693452e8	0.
0.000017022096149279325	2.8975887961808274e-11	-641274.267455603	1.920339780713892e8	0.
0.00001215864010662809	2.8975887961808274e-11	-490038.3618875301	1.602205853594559e8	0.
0.000017174079150612177	2.8975887961808274e-11	-646116.1282531654	1.9296315736342108e8	0.
0.00001231062310796094	2.8975887961808274e-11	-494629.7836017151	1.6127946277804416e8	0.
0.00001732606215194503	2.8975887961808274e-11	-650963.5366727168	1.9388868644698536e8	0.
0.000012462606109293792	2.8975887961808274e-11	-499231.7676804637	1.6233400257575688e8	0.
0.00001747804515327788	2.8975887961808274e-11	-655816.3881815894	1.9481060033547774e8	0.
0.000012614589110626643	2.8975887961808274e-11	-503844.09494780574	1.6338421360981038e8	0.
0.00001763002815461073	2.8975887961808274e-11	-660674.5806107067	1.9572892273478484e8	0.
0.000012766572111959494	2.8975887961808274e-11	-508466.55115158285	1.644301038734683e8	0.
0.00001778201115594358	2.8975887961808274e-11	-665538.0140964651	1.9664368113073194e8	0.
0.000012918555113292345	2.8975887961808274e-11	-513098.9268702313	1.6547168698402599e8	0.
0.000017933994157276432	2.8975887961808274e-11	-670406.5910239771	1.9755490485121882e8	0.
0.000013070538114625196	2.8975887961808274e-11	-517741.01741933555	1.665089739430696e8	0.
0.000018085977158609284	2.8975887961808274e-11	-675280.215971658	1.984626178110532e8	0.
0.000013222521115958048	2.8975887961808274e-11	-522392.6227581479	1.675419764769481e8	0.
0.000018237960159942136	2.8975887961808274e-11	-680158.7956571351	1.9936684578888983e8	0.
0.000013374504117290898	2.8975887961808274e-11	-527053.5473962555	1.6857071248321977e8	0.
0.000018389943161274984	2.8975887961808274e-11	-685042.2388844602	2.0026762602696463e8	0.
0.00001352648711862375	2.8975887961808274e-11	-531723.6003005581	1.6959519733306918e8	0.
0.000018541926162607836	2.8975887961808274e-11	-689930.4564925994	2.0116497411251384e8	0.
0.0000136784701199566	2.8975887961808274e-11	-536402.5948027048	1.7061544802432215e8	0.
0.000018693909163940688	2.8975887961808274e-11	-694823.3613051837	2.0205892601655114e8	0.
0.000013830453121289452	2.8975887961808274e-11	-541090.3485071275	1.7163148502914983e8	0.
0.00001884589216527354	2.8975887961808274e-11	-699720.8680814902	2.0294950316144165e8	0.
0.000013982436122622304	2.8975887961808274e-11	-545786.6831997909	1.7264332312211186e8	0.
0.00001899787516660639	2.8975887961808274e-11	-704622.8934686396	2.0383673258834603e8	0.
0.000014134419123955154	2.8975887961808274e-11	-550491.4247577694	1.7365098236143526e8	0.
0.00001914985816793924	2.8975887961808274e-11	-709529.3559549785	2.0472064479421908e8	0.
0.000014286402125288006	2.8975887961808274e-11	-555204.4030597495	1.7465448770782754e8	0.
0.000019301841169272092	2.8975887961808274e-11	-714440.1758246281	2.056012665665636e8	0.
0.000014438385126620856	2.8975887961808274e-11	-559925.4518975435	1.7565385678322092e8	0.
0.000019453824170604944	2.8975887961808274e-11	-719355.2751131715	2.0647862062813625e8	0.
0.000014590368127953708	2.8975887961808274e-11	-564654.4088886961	1.7664911716436583e8	0.
0.000019605807171937795	2.8975887961808274e-11	-724274.5775644615	2.0735273532700858e8	0.
0.00001474235112928656	2.8975887961808274e-11	-569391.1153902462	1.7764028441613454e8	0.
0.000019757790173270647	2.8975887961808274e-11	-729198.0085885171	2.082236349793669e8	0.
0.00001489433413061941	2.8975887961808274e-11	-574135.4164137105	1.7862738729248437e8	0.
0.000019909773174603496	2.8975887961808274e-11	-734125.4952204939	2.0909135153745148e8	0.
0.000015046317131952261	2.8975887961808274e-11	-578887.1605413355	1.796104481024018e8	0.
0.000020061756175936347	2.8975887961808274e-11	-739056.9660806966	2.099559031529962e8	0.
0.000015198300133285111	2.8975887961808274e-11	-583646.1998436638	1.8058949284204507e8	0.
0.0000202137391772692	2.8975887961808274e-11	-743992.3513356153	2.1081731983323395e8	0.
0.00001535028313461796	2.8975887961808274e-11	-588412.3897984547	1.8156454276934734e8	0.
0.00002036572217860205	2.8975887961808274e-11	-748931.5826599606	2.1167563015446717e8	0.
0.000020517705179934903	2.8975887961808274e-11	-753874.5931996736	2.125308528905505e8	0.
0.00002553314422391899	2.8975887961808274e-11	-918749.4208717954	2.391778929854303e8	0.
0.00002066968818126775	2.8975887961808274e-11	-758821.3175358895	2.1338302004732677e8	0.
0.00002568512722525184	2.8975887961808274e-11	-923789.6281417459	2.3994197012962842e8	0.
0.000020821671182600603	2.8975887961808274e-11	-763771.6916498302	2.1423215169541648e8	0.
0.00002583711022658469	2.8975887961808274e-11	-928831.9741085302	2.4070372547048298e8	0.
0.000020973654183933455	2.8975887961808274e-11	-768725.6528886056	2.1507827250438523e8	0.
0.00002598909322791754	2.8975887961808274e-11	-933876.4267883168	2.4146318041225737e8	0.
0.000021125637185266307	2.8975887961808274e-11	-773683.1399318998	2.1592141240268046e8	0.
0.000026141076229250393	2.8975887961808274e-11	-938922.9548048357	2.4222035142520255e8	0.
0.00002127762018659916	2.8975887961808274e-11	-778644.0927595216	2.1676158898600256e8	0.
0.000026293059230583244	2.8975887961808274e-11	-943971.5273757114	2.42975257821054e8	0.
0.000021429603187932007	2.8975887961808274e-11	-783608.4526197976	2.175988335703948e8	0.
0.000026445042231916096	2.8975887961808274e-11	-949022.1142991399	2.437279143032876e8	0.
0.00002158158618926486	2.8975887961808274e-11	-788576.1619987861	2.1843316314151633e8	0.
0.000026597025233248945	2.8975887961808274e-11	-954074.6859409044	2.444783381451761e8	0.
0.00002173356919059771	2.8975887961808274e-11	-793547.1645902933	2.1926460856217062e8	0.
0.000026749008234581796	2.8975887961808274e-11	-959129.2132217176	2.4522655152843153e8	0.
0.000021885552191930562	2.8975887961808274e-11	-798521.4052666681	2.2009318838946742e8	0.
0.000026900991235914648	2.8975887961808274e-11	-964185.6676048815	2.459725667004571e8	0.
0.000022037535193263414	2.8975887961808274e-11	-803498.8300503592	2.2091892600657338e8	0.
0.0000270529742372475	2.8975887961808274e-11	-969244.0210842591	2.4671640055222344e8	0.
0.000022189518194596263	2.8975887961808274e-11	-808479.386086213	2.2174185007753572e8	0.
0.000027204957238580352	2.8975887961808274e-11	-974304.2461725484	2.47458074739542e8	0.
0.000022341501195929114	2.8975887961808274e-11	-813463.0216144924	2.2256197488218936e8	0.
0.0000273569402399132	2.8975887961808274e-11	-979366.3158898451	2.4819759934504816e8	0.
0.000022493484197261966	2.8975887961808274e-11	-818449.6859446007	2.2337933520641044e8	0.
0.000027508923241246052	2.8975887961808274e-11	-984430.2037524978	2.4893499568581593e8	0.
0.000022645467198594818	2.8975887961808274e-11	-823439.3294294887	2.2419394362582707e8	0.
0.000027660906242578904	2.8975887961808274e-11	-989495.8837622339	2.4967027826486132e8	0.
0.00002279745019992767	2.8975887961808274e-11	-828431.9034407301	2.2500582416153026e8	0.
0.000027812889243911756	2.8975887961808274e-11	-994563.3303955612	2.5040346486308637e8	0.
0.000022949433201260518	2.8975887961808274e-11	-833427.3603442453	2.2581500098918164e8	0.
0.000027964872245244608	2.8975887961808274e-11	-999632.5185934284	2.5113456643175933e8	0.
0.00002310141620259337	2.8975887961808274e-11	-838425.6534766596	2.2662149764698002e8	0.
0.000028116855246577456	2.8975887961808274e-11	-1.0047034237511443e6	2.518636036159664e8	0.
0.000023253399203926222	2.8975887961808274e-11	-843426.7371222733	2.2742533590567914e8	0.
0.000028268838247910308	2.8975887961808274e-11	-1.0097760217085442e6	2.5259059026769146e8	0.
0.000023405382205259074	2.8975887961808274e-11	-848430.5664906347	2.2822653251535833e8	0.
0.00002842082124924316	2.8975887961808274e-11	-1.014850288740399e6	2.5331553902420136e8	0.
0.000023557365206591925	2.8975887961808274e-11	-853437.0976946946	2.2902511537619925e8	0.
0.00002857280425057601	2.8975887961808274e-11	-1.0199262015470597e6	2.540384736267757e8	0.
0.000023709348207924774	2.8975887961808274e-11	-858446.2877295283	2.2982110083333695e8	0.
0.000028724787251908863	2.8975887961808274e-11	-1.0250037372453313e6	2.5475940060042194e8	0.
0.000023861331209257626	2.8975887961808274e-11	-863458.0944516106	2.3061451159345567e8	0.
0.00002887677025324171	2.8975887961808274e-11	-1.0300828733595703e6	2.554783361536446e8	0.
0.000024013314210590477	2.8975887961808274e-11	-868472.4765586281	2.3140536832690012e8	0.
0.000029028753254574563	2.8975887961808274e-11	-1.0351635878129995e6	2.561952982256657e8	0.
0.00002416529721192333	2.8975887961808274e-11	-873489.3935698147	2.321936899217894e8	0.
0.000029180736255907415	2.8975887961808274e-11	-1.0402458589192323e6	2.5691030298021534e8	0.
0.00002431728021325618	2.8975887961808274e-11	-878508.8058067964	2.3297950024488828e8	0.
0.000029332719257240267	2.8975887961808274e-11	-1.0453296653740047e6	2.576233551576484e8	0.
0.00002446926321458903	2.8975887961808274e-11	-883530.6743749302	2.337628193627103e8	0.
0.00002948470225857312	2.8975887961808274e-11	-1.050414986247108e6	2.5833447755251846e8	0.
0.00002462124621592188	2.8975887961808274e-11	-888554.9611451268	2.345436622619694e8	0.
0.000029636685259905967	2.8975887961808274e-11	-1.0555018009745139e6	2.5904368363090408e8	0.
0.000024773229217254733	2.8975887961808274e-11	-893581.6287361403	2.353220554845776e8	0.
0.00002978866826123882	2.8975887961808274e-11	-1.060590089350691e6	2.5975098907528767e8	0.
0.000024925212218587585	2.8975887961808274e-11	-898610.6404973145	2.3609801340687764e8	0.
0.00002994065126257167	2.8975887961808274e-11	-1.065679831521106e6	2.604564019470791e8	0.
0.000025077195219920433	2.8975887961808274e-11	-903641.9604917737	2.368715572289684e8	0.
0.000030092634263904523	2.8975887961808274e-11	-1.0707710079749038e6	2.611599356970635e8	0.
0.000025229178221253285	2.8975887961808274e-11	-908675.5534800444	2.3764270438691077e8	0.
0.000030244617265237375	2.8975887961808274e-11	-1.0758635995377644e6	2.618616129597425e8	0.
0.000025381161222586137	2.8975887961808274e-11	-913711.3849040968	2.3841147573736235e8	0.
0.000030396600266570223	2.8975887961808274e-11	-1.080957587364927e6	2.625614382163936e8	0.
