# Filename	C:\Users\edmag\Documents\Work\2D-Comp-Model\computation\Turning Timeresults\2018-02-05T05-27-52.txt
# Source	C:\Users\edmag\Documents\Work\2D-Comp-Model\computation\Turning Time\turning.nb
# Note	1D calculation of turning time vs. field and orbit energy.
# Date	2018-02-05T05:27:52
# Dir	-1
# field	7.973230915665363e-12
# zi	-6.
W	field	zt	t	argt
-0.000030396600266570223	7.973230915665363e-12	-32619.316491762907	6.52289059823965e6	0.
-0.000025229178221253285	7.973230915665363e-12	-39152.20172186878	8.565623806383288e6	0.
-0.000030244617265237375	7.973230915665363e-12	-32780.4544749139	6.571078603227919e6	-1.3155095579839092e-7
-0.000025077195219920433	7.973230915665363e-12	-39383.70703714034	8.641240238068348e6	0.
-0.000030092634263904523	7.973230915665363e-12	-32943.17866529056	6.619858088932365e6	-1.1184419182584913e-7
-0.000024925212218587585	7.973230915665363e-12	-39617.93235937401	8.717964575838221e6	-3.188312632829625e-7
-0.00002994065126257167	7.973230915665363e-12	-33107.51239450661	6.669239420479112e6	0.
-0.000024773229217254733	7.973230915665363e-12	-39854.92529835365	8.795818143215306e6	0.
-0.00002978866826123882	7.973230915665363e-12	-33273.47944988414	6.719231946126306e6	0.
-0.00002462124621592188	7.973230915665363e-12	-40094.73456682826	8.874823449303046e6	0.
-0.000029636685259905967	7.973230915665363e-12	-33441.1040855286	6.769847139298745e6	0.
-0.00002446926321458903	7.973230915665363e-12	-40337.41001219136	8.955001863390135e6	0.
-0.00002948470225857312	7.973230915665363e-12	-33610.41103372792	6.82109378051832e6	0.
-0.00002431728021325618	7.973230915665363e-12	-40583.002649247384	9.036376313311124e6	0.
-0.000029332719257240267	7.973230915665363e-12	-33781.4255166828	6.87298664679998e6	0.
-0.00002416529721192333	7.973230915665363e-12	-40831.56469410154	9.118978181625357e6	0.
-0.000029180736255907415	7.973230915665363e-12	-33954.17325857977	6.925530968758204e6	0.
-0.000024013314210590477	7.973230915665363e-12	-41083.149599216384	9.2028264717417e6	0.
-0.000029028753254574563	7.973230915665363e-12	-34128.68049802175	6.978743689485807e6	-2.1139674572973458e-7
-0.000023861331209257626	7.973230915665363e-12	-41337.812089689665	9.287951544040395e6	0.
-0.00002887677025324171	7.973230915665363e-12	-34304.97400082206	7.032635482395629e6	-2.3126961262857592e-7
-0.000023709348207924774	7.973230915665363e-12	-41595.6082007919	9.374378404331429e6	0.
-0.000028724787251908863	7.973230915665363e-12	-34483.081073182875	7.087218582522791e6	0.
-0.000023557365206591925	7.973230915665363e-12	-41856.59531682293	9.46213570448997e6	0.
-0.00002857280425057601	7.973230915665363e-12	-34663.02957526407	7.142504030065174e6	0.
-0.000023405382205259074	7.973230915665363e-12	-42120.83221133513	9.551253096968113e6	0.
-0.00002842082124924316	7.973230915665363e-12	-34844.84793515844	7.198504159740271e6	-2.687154692984579e-7
-0.000023253399203926222	7.973230915665363e-12	-42388.379088781374	9.641755198458174e6	0.
-0.000028268838247910308	7.973230915665363e-12	-35028.5651632886	7.255234939682263e6	0.
-0.00002310141620259337	7.973230915665363e-12	-42659.29762764694	9.733675716170661e6	0.
-0.000028116855246577456	7.973230915665363e-12	-35214.21086723985	7.31270563935918e6	0.
-0.000022949433201260518	7.973230915665363e-12	-42933.65102512284	9.827045331220172e6	0.
-0.000027964872245244608	7.973230915665363e-12	-35401.81526704209	7.370931457327635e6	0.
-0.00002279745019992767	7.973230915665363e-12	-43211.50404338631	9.92189558371211e6	0.
-0.000027812889243911756	7.973230915665363e-12	-35591.40921091986	7.429927466961785e6	0.
-0.000022645467198594818	7.973230915665363e-12	-43492.923057555716	1.0018264251634018e7	0.
-0.000027660906242578904	7.973230915665363e-12	-35783.02419152357	7.48970512609753e6	0.
-0.000022493484197261966	7.973230915665363e-12	-43777.976105387745	1.0116165443169713e7	0.
-0.000027508923241246052	7.973230915665363e-12	-35976.69236266376	7.550281323133863e6	0.
-0.000022341501195929114	7.973230915665363e-12	-44066.73293879161	1.0215654401009519e7	0.
-0.0000273569402399132	7.973230915665363e-12	-36172.44655656019	7.611669445501166e6	0.
-0.000022189518194596263	7.973230915665363e-12	-44359.265077234064	1.0316758868609205e7	0.
-0.000027204957238580352	7.973230915665363e-12	-36370.32030163084	7.673884957653678e6	-1.7025102636797308e-7
-0.000022037535193263414	7.973230915665363e-12	-44655.6458631186	1.0419515582579197e7	0.
-0.0000270529742372475	7.973230915665363e-12	-36570.347840832874	7.736944790864788e6	0.
-0.000021885552191930562	7.973230915665363e-12	-44955.950519220154	1.052396250741289e7	0.
-0.000026900991235914648	7.973230915665363e-12	-36772.56415058558	7.800866180387541e6	0.
-0.00002173356919059771	7.973230915665363e-12	-45260.256208263156	1.063013733654033e7	0.
-0.000026749008234581796	7.973230915665363e-12	-36977.004960283324	7.865657533101749e6	0.
-0.00002158158618926486	7.973230915665363e-12	-45568.642094737086	1.0738080033928659e7	0.
-0.000026597025233248945	7.973230915665363e-12	-37183.7067724338	7.931341834442724e6	-2.7367831209704686e-7
-0.000021429603187932007	7.973230915665363e-12	-45881.1894090435	1.0847830531539122e7	-1.78202271428708e-7
-0.000026445042231916096	7.973230915665363e-12	-37392.70688343348	7.9979412466206215e6	0.
-0.00002127762018659916	7.973230915665363e-12	-46197.981514075356	1.0959433746188087e7	0.
-0.000026293059230583244	7.973230915665363e-12	-37604.04340501087	8.06545916425287e6	0.
-0.000021125637185266307	7.973230915665363e-12	-46519.10397434005	1.1072930830152191e7	0.
-0.000026141076229250393	7.973230915665363e-12	-37817.75528635876	8.133926228297872e6	0.
-0.000020973654183933455	7.973230915665363e-12	-46844.64462772744	1.1188366131697182e7	0.
-0.00002598909322791754	7.973230915665363e-12	-38033.882336981296	8.203353966319306e6	0.
-0.000020821671182600603	7.973230915665363e-12	-47174.69366004984	1.130578365129903e7	0.
-0.00002583711022658469	7.973230915665363e-12	-38252.46525028607	8.273765307303237e6	0.
-0.00002066968818126775	7.973230915665363e-12	-47509.34368246954	1.1425232290074477e7	0.
-0.00002568512722525184	7.973230915665363e-12	-38473.545627942476	8.345176981860375e6	0.
-0.000020517705179934903	7.973230915665363e-12	-47848.68981194521	1.1546759762226757e7	-1.5520889838597372e-7
-0.00002553314422391899	7.973230915665363e-12	-38697.16600504401	8.417610266623734e6	0.
-0.00002036572217860205	7.973230915665363e-12	-48192.829754830236	1.1670421464113858e7	0.
-0.000025381161222586137	7.973230915665363e-12	-38923.36987609622	8.4910849102945e6	0.
-0.0000202137391772692	7.973230915665363e-12	-48541.863893768146	1.1796260439170003e7	-2.544949252890257e-7
-0.000020061756175936347	7.973230915665363e-12	-48895.8953780277	1.1924336493040377e7	-2.695869042305038e-7
-0.00001489433413061941	7.973230915665363e-12	-64885.83643980918	1.813181373073839e7	0.
-0.000019909773174603496	7.973230915665363e-12	-49255.03021744043	1.2054703909283323e7	0.
-0.00001474235112928656	7.973230915665363e-12	-65510.695372657996	1.839000772530973e7	0.
-0.000019757790173270647	7.973230915665363e-12	-49619.37738010054	1.2187417153028307e7	0.
-0.000014590368127953708	7.973230915665363e-12	-66147.29662202971	1.865418055945464e7	0.
-0.000019605807171937795	7.973230915665363e-12	-49989.04889399955	1.2322533321414702e7	0.
-0.000014438385126620856	7.973230915665363e-12	-66795.96245556317	1.892450910176812e7	-9.113913387428362e-7
-0.000019453824170604944	7.973230915665363e-12	-50364.15995278006	1.2460115043373602e7	0.
-0.000014286402125288006	7.973230915665363e-12	-67457.02658086033	1.920120579168013e7	0.
-0.000019301841169272092	7.973230915665363e-12	-50744.82902579544	1.2600223422465995e7	0.
-0.000014134419123955154	7.973230915665363e-12	-68130.83463498062	1.9484456452747524e7	0.
-0.00001914985816793924	7.973230915665363e-12	-51131.177972678335	1.274292862923585e7	0.
-0.000013982436122622304	7.973230915665363e-12	-68817.74469793346	1.97744783917484e7	0.
-0.00001899787516660639	7.973230915665363e-12	-51523.33216262695	1.2888276998424778e7	-3.0725538235480817e-7
-0.000013830453121289452	7.973230915665363e-12	-69518.12783145707	2.007149430264695e7	0.
-0.00001884589216527354	7.973230915665363e-12	-51921.42059863229	1.3036366970381837e7	0.
-0.0000136784701199566	7.973230915665363e-12	-70232.3686444428	2.0375733279325817e7	0.
-0.000018693909163940688	7.973230915665363e-12	-52325.57604687816	1.3187237998669095e7	0.
-0.00001352648711862375	7.973230915665363e-12	-70960.86588643993	2.0687429765656892e7	0.
-0.000018541926162607836	7.973230915665363e-12	-52735.93517156057	1.3340984850667037e7	0.
-0.000013374504117290898	7.973230915665363e-12	-71704.03307075676	2.1006836861979548e7	0.
-0.000018389943161274984	7.973230915665363e-12	-53152.63867538278	1.3497672615939977e7	-2.5942704515132865e-7
-0.000013222521115958048	7.973230915665363e-12	-72462.29912875274	2.133420121053807e7	0.
-0.000018237960159942136	7.973230915665363e-12	-53575.83144600071	1.3657383981748214e7	-2.3012194358961218e-7
-0.000013070538114625196	7.973230915665363e-12	-73236.1090970107	2.1669803317166105e7	0.
-0.000018085977158609284	7.973230915665363e-12	-54005.66270870332	1.3820199635135079e7	0.
-0.000012918555113292345	7.973230915665363e-12	-74025.92483916004	2.2013914223935068e7	0.
-0.000017933994157276432	7.973230915665363e-12	-54442.28618562981	1.3986199978317272e7	0.
-0.000012766572111959494	7.973230915665363e-12	-74832.22580422889	2.2366834805360712e7	0.
-0.00001778201115594358	7.973230915665363e-12	-54885.86026184061	1.4155462488655677e7	-2.406684396536055e-7
-0.000012614589110626643	7.973230915665363e-12	-75655.50982349098	2.272885254333399e7	0.
-0.00001763002815461073	7.973230915665363e-12	-55336.54815857858	1.4328091042084606e7	0.
-0.000012462606109293792	7.973230915665363e-12	-76496.29394788975	2.3100304579168983e7	0.
-0.00001747804515327788	7.973230915665363e-12	-55794.51811407307	1.450416959168958e7	0.
-0.00001231062310796094	7.973230915665363e-12	-77355.11532821656	2.3481496340591628e7	0.
-0.00001732606215194503	7.973230915665363e-12	-56259.943572254815	1.4683791370227806e7	0.
-0.00001215864010662809	7.973230915665363e-12	-78232.53214034825	2.387279122113707e7	0.
-0.000017174079150612177	7.973230915665363e-12	-56733.00337978056	1.4867058781029267e7	0.
-0.000012006657105295239	7.973230915665363e-12	-79129.12455794934	2.4274541160255723e7	0.
-0.000017022096149279325	7.973230915665363e-12	-57213.881991772876	1.5054070495254934e7	0.
-0.000011854674103962387	7.973230915665363e-12	-80045.49577517818	2.4687119029047817e7	0.
-0.000016870113147946473	7.973230915665363e-12	-57702.76968671794	1.5244934294807957e7	0.
-0.000011702691102629537	7.973230915665363e-12	-80982.2730820515	2.5110919491630293e7	0.
-0.000016718130146613624	7.973230915665363e-12	-58199.86279097549	1.543975949910761e7	0.
-0.000011550708101296685	7.973230915665363e-12	-81940.10899525025	2.554634521019318e7	0.
-0.000016566147145280773	7.973230915665363e-12	-58705.36391338926	1.5638645238548927e7	0.
-0.000011398725099963835	7.973230915665363e-12	-82919.68244728197	2.5993827684328802e7	0.
-0.00001641416414394792	7.973230915665363e-12	-59219.48219050828	1.5841727442552745e7	0.
-0.000011246742098630983	7.973230915665363e-12	-83921.70003703938	2.6453801598685466e7	0.
-0.00001626218114261507	7.973230915665363e-12	-59742.43354295729	1.604911549249014e7	0.
-0.000011094759097298131	7.973230915665363e-12	-84946.89734493353	2.6926741839253124e7	0.
-0.000016110198141282217	7.973230915665363e-12	-60274.44094353017	1.6260941000069048e7	0.
-0.000010942776095965281	7.973230915665363e-12	-85996.04031590381	2.7413129618560936e7	0.
-0.00001595821513994937	7.973230915665363e-12	-60815.73469760164	1.6477326907536358e7	-3.5337229358276846e-7
-0.00001079079309463243	7.973230915665363e-12	-87069.92671374408	2.7913466790806204e7	0.
-0.000015806232138616517	7.973230915665363e-12	-61366.55273649753	1.6698417057776667e7	0.
-0.00001063881009329958	7.973230915665363e-12	-88169.38765030574	2.8428292031797227e7	0.
-0.000015654249137283665	7.973230915665363e-12	-61927.14092449126	1.6924340749031972e7	-2.0463371035548026e-7
-0.000010486827091966727	7.973230915665363e-12	-89295.28919326107	2.895815475410422e7	0.
-0.000015502266135950813	7.973230915665363e-12	-62497.75338013121	1.7155254010183997e7	0.
-0.000010334844090633876	7.973230915665363e-12	-90448.53405622768	2.9503633715498693e7	0.
-0.00001535028313461796	7.973230915665363e-12	-63078.65281265296	1.7391292948599745e7	-3.5029315520948676e-7
-0.000010182861089301025	7.973230915665363e-12	-91630.06337515518	3.0065336008359164e7	0.
-0.000015198300133285111	7.973230915665363e-12	-63670.11087425649	1.763262796622948e7	0.
-0.000010030878087968174	7.973230915665363e-12	-92840.85857496838	3.0643894460398458e7	0.
-0.000015046317131952261	7.973230915665363e-12	-64272.408529089415	1.7879411380791053e7	0.
-9.878895086635324e-6	7.973230915665363e-12	-94081.94333053613	3.123997693976751e7	0.
-9.726912085302472e-6	7.973230915665363e-12	-95354.38562608487	3.1854269322794117e7	0.
-4.559490039985534e-6	7.973230915665363e-12	-169237.4111799571	7.151959393606588e7	0.
-9.57492908396962e-6	7.973230915665363e-12	-96659.29991720777	3.2487504236712907e7	0.
-4.407507038652682e-6	7.973230915665363e-12	-172842.3520365562	7.359083960967632e7	0.
-9.42294608263677e-6	7.973230915665363e-12	-97997.84939960633	3.314044311569592e7	0.
-4.255524037319831e-6	7.973230915665363e-12	-176572.96700563442	7.574203352336736e7	0.
-9.270963081303918e-6	7.973230915665363e-12	-99371.24838866318	3.3813873559726134e7	0.
-4.10354103598698e-6	7.973230915665363e-12	-180434.25149470655	7.797618274940294e7	0.
-9.118980079971068e-6	7.973230915665363e-12	-100780.76481384788	3.450863607453911e7	0.
-3.951558034654129e-6	7.973230915665363e-12	-184431.34746126662	8.029632562885256e7	0.
-8.966997078638216e-6	7.973230915665363e-12	-102227.722831807	3.522560012356652e7	0.
-3.799575033321278e-6	7.973230915665363e-12	-188569.53708587933	8.270552375787398e7	0.
-8.815014077305364e-6	7.973230915665363e-12	-103713.50556177554	3.5965682659454815e7	0.
-3.647592031988427e-6	7.973230915665363e-12	-192854.2346192372	8.520684069079597e7	0.
-8.663031075972514e-6	7.973230915665363e-12	-105239.5579466469	3.6729835326860614e7	0.
-3.495609030655576e-6	7.973230915665363e-12	-197290.9762302355	8.780332992173012e7	0.
-8.511048074639662e-6	7.973230915665363e-12	-106807.38974265222	3.751906631526468e7	0.
-3.3436260293227246e-6	7.973230915665363e-12	-201885.40768819026	9.049800940687992e7	0.
-8.359065073306812e-6	7.973230915665363e-12	-108418.5786400949	3.833441701121469e7	0.
-3.1916430279898736e-6	7.973230915665363e-12	-206643.26972397155	9.329384735037524e7	0.
-8.20708207197396e-6	7.973230915665363e-12	-110074.77351696885	3.917699272880757e7	0.
-3.0396600266570226e-6	7.973230915665363e-12	-211570.3809329416	9.619373259688856e7	0.
-8.055099070641109e-6	7.973230915665363e-12	-111777.69782650532	4.004794138519648e7	0.
-2.8876770253241713e-6	7.973230915665363e-12	-216672.61810802438	9.920045175657094e7	0.
-7.903116069308259e-6	7.973230915665363e-12	-113529.15311876089	4.094846673264805e7	0.
-2.7356940239913203e-6	7.973230915665363e-12	-221955.89392471308	1.0231665829260702e8	0.
-7.751133067975407e-6	7.973230915665363e-12	-115331.02269521513	4.18798331021464e7	0.
-2.583711022658469e-6	7.973230915665363e-12	-227426.13194187285	1.0554484478736717e8	0.
-7.599150066642556e-6	7.973230915665363e-12	-117185.27539398895	4.28433556752889e7	0.
-2.431728021325618e-6	7.973230915665363e-12	-233089.23893306658	1.0888731274404757e8	0.
-7.447167065309705e-6	7.973230915665363e-12	-119093.9695016846	4.384041918944215e7	0.
-2.279745019992767e-6	7.973230915665363e-12	-238951.07462269027	1.1234613421836524e8	0.
-7.295184063976854e-6	7.973230915665363e-12	-121059.25678594333	4.4872468348084554e7	0.
-2.1277620186599156e-6	7.973230915665363e-12	-245017.41896886242	1.1592312783261214e8	0.
-7.143201062644003e-6	7.973230915665363e-12	-123083.38664059872	4.594101264293939e7	0.
-1.9757790173270646e-6	7.973230915665363e-12	-251293.93720962937	1.1961981794122048e8	0.
-6.991218061311152e-6	7.973230915665363e-12	-125168.71033271507	4.704763353793348e7	0.
-1.8237960159942135e-6	7.973230915665363e-12	-257786.14296888612	1.2343739823496053e8	0.
-6.8392350599783e-6	7.973230915665363e-12	-127317.68533781022	4.819398511373443e7	0.
-1.6718130146613623e-6	7.973230915665363e-12	-264499.35980109393	1.2737671425073613e8	0.
-6.687252058645449e-6	7.973230915665363e-12	-129532.87974612301	4.938178860676588e7	0.
-1.5198300133285113e-6	7.973230915665363e-12	-271438.6816364046	1.3143821440437552e8	0.
-6.535269057312598e-6	7.973230915665363e-12	-131816.97671885404	5.061284387927608e7	0.
-1.3678470119956601e-6	7.973230915665363e-12	-278608.932666643	1.3562193730454642e8	0.
-6.383286055979747e-6	7.973230915665363e-12	-134172.77896883336	5.1889033936769664e7	0.
-1.215864010662809e-6	7.973230915665363e-12	-286014.6272837775	1.3992748168838766e8	0.
-6.231303054646896e-6	7.973230915665363e-12	-136603.21323501284	5.3212315275399365e7	0.
-1.0638810093299578e-6	7.973230915665363e-12	-293659.93074184423	1.443539798868366e8	0.
-6.079320053314045e-6	7.973230915665363e-12	-139111.33471449866	5.4584726428387165e7	0.
-9.118980079971067e-7	7.973230915665363e-12	-301548.62125661277	1.4890009861586908e8	0.
-5.9273370519811935e-6	7.973230915665363e-12	-141700.33140948895	5.600839219540523e7	0.
-7.599150066642557e-7	7.973230915665363e-12	-309684.05428073416	1.535640108032703e8	0.
-5.7753540506483425e-6	7.973230915665363e-12	-144373.52833944155	5.748551612489141e7	0.
-6.079320053314045e-7	7.973230915665363e-12	-318069.12969249673	1.5834340723313394e8	0.
-5.6233710493154915e-6	7.973230915665363e-12	-147134.39156104505	5.901839781479756e7	0.
-4.5594900399855336e-7	7.973230915665363e-12	-326706.26261135447	1.6323548723708746e8	0.
-5.4713880479826406e-6	7.973230915665363e-12	-149986.53193009345	6.060940482963338e7	0.
-3.0396600266570224e-7	7.973230915665363e-12	-335597.3585020632	1.6823698877670336e8	0.
-5.31940504664979e-6	7.973230915665363e-12	-152933.70853020734	6.226099901065867e7	0.
-1.5198300133285112e-7	7.973230915665363e-12	-344743.79315194394	1.733441768827119e8	0.
-5.167422045316938e-6	7.973230915665363e-12	-155979.83168351976	6.3975729159686826e7	0.
0.	7.973230915665363e-12	-354146.39800443006	1.7855288755838376e8	0.
-5.015439043984087e-6	7.973230915665363e-12	-159128.96544805838	6.575621373953811e7	0.
1.5198300133285112e-7	7.973230915665363e-12	-363805.4512100648	1.8385856126056525e8	0.
-4.863456042651236e-6	7.973230915665363e-12	-162385.32949571154	6.7605156254169e7	0.
3.0396600266570224e-7	7.973230915665363e-12	-373720.6746183049	1.892562519753259e8	0.
-4.711473041318385e-6	7.973230915665363e-12	-165753.30025353286	6.952533543193282e7	0.
5.4713880479826406e-6	7.973230915665363e-12	-836206.2220224448	3.892183054856721e8	0.
4.5594900399855336e-7	7.973230915665363e-12	-383891.23678571713	1.9474071225489646e8	0.
5.6233710493154915e-6	7.973230915665363e-12	-852415.7397115172	3.947689803029889e8	0.
6.079320053314045e-7	7.973230915665363e-12	-394315.76192498027	2.0030639089891344e8	0.
5.7753540506483425e-6	7.973230915665363e-12	-868716.5345480345	4.002785122184709e8	0.
7.599150066642557e-7	7.973230915665363e-12	-404992.34457133856	2.0594751237468332e8	0.
5.9273370519811935e-6	7.973230915665363e-12	-885104.9956762028	4.057466554724321e8	0.
9.118980079971067e-7	7.973230915665363e-12	-415918.5696053379	2.116581154049745e8	0.
6.079320053314045e-6	7.973230915665363e-12	-901577.6570393336	4.111732492535497e8	0.
1.0638810093299578e-6	7.973230915665363e-12	-427091.53714869026	2.1743211912806866e8	0.
6.231303054646896e-6	7.973230915665363e-12	-918131.1936179685	4.165582138417147e8	0.
1.215864010662809e-6	7.973230915665363e-12	-438507.8917487444	2.232633500100896e8	0.
6.383286055979747e-6	7.973230915665363e-12	-934762.41740991	4.2190156665169495e8	0.
1.3678470119956601e-6	7.973230915665363e-12	-450163.8551897309	2.2914561300313124e8	0.
6.535269057312598e-6	7.973230915665363e-12	-951468.2732180514	4.2720336605082387e8	0.
1.5198300133285113e-6	7.973230915665363e-12	-462055.2622176133	2.350727275507176e8	0.
6.687252058645449e-6	7.973230915665363e-12	-968245.8343034413	4.3246376028636014e8	0.
1.6718130146613623e-6	7.973230915665363e-12	-474177.5984404235	2.4103859041957474e8	0.
6.8392350599783e-6	7.973230915665363e-12	-985092.2979532493	4.376829238802419e8	0.
1.8237960159942135e-6	7.973230915665363e-12	-486526.0396663366	2.4703719052397114e8	0.
6.991218061311152e-6	7.973230915665363e-12	-1.0020049810062753e6	4.428610972337457e8	0.
1.9757790173270646e-6	7.973230915665363e-12	-499095.49196520064	2.5306266934217468e8	0.
7.143201062644003e-6	7.973230915665363e-12	-1.0189813153722797e6	4.47998558489312e8	0.
2.1277620186599156e-6	7.973230915665363e-12	-511880.6317825547	2.5910935908356464e8	0.
7.295184063976854e-6	7.973230915665363e-12	-1.0360188435757452e6	4.5309562425291556e8	0.
2.279745019992767e-6	7.973230915665363e-12	-524875.9454945032	2.6517178014699534e8	0.
7.447167065309705e-6	7.973230915665363e-12	-1.0531152143496072e6	4.581526436039116e8	0.
2.431728021325618e-6	7.973230915665363e-12	-538075.7678630005	2.7124470582584476e8	0.
7.599150066642556e-6	7.973230915665363e-12	-1.0702681783000324e6	4.631699894951441e8	0.
2.583711022658469e-6	7.973230915665363e-12	-551474.3189299277	2.7732313955076426e8	0.
7.751133067975407e-6	7.973230915665363e-12	-1.0874755836593795e6	4.681480741259684e8	0.
2.7356940239913203e-6	7.973230915665363e-12	-565065.7389708888	2.8340236430031765e8	0.
7.903116069308259e-6	7.973230915665363e-12	-1.1047353721410462e6	4.730873213113115e8	0.
2.8876770253241713e-6	7.973230915665363e-12	-578844.121212321	2.8947794268470013e8	0.
8.055099070641109e-6	7.973230915665363e-12	-1.1220455749069115e6	4.77988162782356e8	0.
3.0396600266570226e-6	7.973230915665363e-12	-592803.5420953591	2.955457131414126e8	0.
8.20708207197396e-6	7.973230915665363e-12	-1.1394043086554958e6	4.82851051134301e8	0.
3.1916430279898736e-6	7.973230915665363e-12	-606938.0889445099	3.016018027923645e8	0.
8.359065073306812e-6	7.973230915665363e-12	-1.156809771836743e6	4.876764781588485e8	0.
3.3436260293227246e-6	7.973230915665363e-12	-621241.8849668493	3.076426214781594e8	0.
8.511048074639662e-6	7.973230915665363e-12	-1.1742602409974209e6	4.924649051856876e8	0.
3.495609030655576e-6	7.973230915665363e-12	-635709.1115670155	3.1366486825199556e8	0.
8.663031075972514e-6	7.973230915665363e-12	-1.1917540672595366e6	4.972168190734308e8	0.
3.647592031988427e-6	7.973230915665363e-12	-650334.0280141381	3.1966551111089313e8	0.
8.815014077305364e-6	7.973230915665363e-12	-1.209289672932786e6	5.0193272623158544e8	0.
3.799575033321278e-6	7.973230915665363e-12	-665110.9885389011	3.256417866557488e8	0.
8.966997078638216e-6	7.973230915665363e-12	-1.2268655482609384e6	5.066131106654607e8	0.
3.951558034654129e-6	7.973230915665363e-12	-680034.4569724092	3.3159119448830754e8	0.
9.118980079971068e-6	7.973230915665363e-12	-1.2444802483011002e6	5.112584770267369e8	0.
4.10354103598698e-6	7.973230915665363e-12	-695099.01906397	3.37511483896617e8	0.
9.270963081303918e-6	7.973230915665363e-12	-1.2621323899340362e6	5.1586932147829014e8	0.
4.255524037319831e-6	7.973230915665363e-12	-710299.3926330188	3.434006326061903e8	0.
9.42294608263677e-6	7.973230915665363e-12	-1.2798206490031003e6	5.2044616013806796e8	0.
4.407507038652682e-6	7.973230915665363e-12	-725630.4357220613	3.492568404233757e8	0.
9.57492908396962e-6	7.973230915665363e-12	-1.2975437575788226e6	5.2498947439642715e8	0.
4.559490039985534e-6	7.973230915665363e-12	-741087.1529235833	3.550785305621573e8	0.
9.726912085302472e-6	7.973230915665363e-12	-1.3153005013458205e6	5.294997731587871e8	0.
4.711473041318385e-6	7.973230915665363e-12	-756664.7000552798	3.608643096113529e8	0.
9.878895086635324e-6	7.973230915665363e-12	-1.3330897171083926e6	5.339775558273321e8	0.
4.863456042651236e-6	7.973230915665363e-12	-772358.3873555794	3.6661298623631984e8	0.
0.000010030878087968174	7.973230915665363e-12	-1.350910290410946e6	5.38423315063007e8	0.
5.015439043984087e-6	7.973230915665363e-12	-788163.681366047	3.7232352423843557e8	0.
0.000010182861089301025	7.973230915665363e-12	-1.3687611532692537e6	5.42837526744719e8	0.
5.167422045316938e-6	7.973230915665363e-12	-804076.2056596293	3.7799504982582724e8	0.
0.000010334844090633876	7.973230915665363e-12	-1.3866412820084468e6	5.472206911985266e8	0.
5.31940504664979e-6	7.973230915665363e-12	-820091.7405644378	3.836268364102583e8	0.
0.000010486827091966727	7.973230915665363e-12	-1.4045496952036011e6	5.51573274234985e8	0.
0.000015502266135950813	7.973230915665363e-12	-2.0067868753084599e6	6.807964345093226e8	0.
0.00001063881009329958	7.973230915665363e-12	-1.4224854517187667e6	5.558957484942083e8	0.
0.000015654249137283665	7.973230915665363e-12	-2.0252779209109412e6	6.843464182695644e8	0.
0.00001079079309463243	7.973230915665363e-12	-1.440447648840326e6	5.601885901665136e8	0.
0.000015806232138616517	7.973230915665363e-12	-2.0437789907810683e6	6.878783560574815e8	0.
0.000010942776095965281	7.973230915665363e-12	-1.4584354205006065e6	5.644522598418124e8	0.
0.00001595821513994937	7.973230915665363e-12	-2.0622898308002932e6	6.913925195072513e8	0.
0.000011094759097298131	7.973230915665363e-12	-1.476447935587757e6	5.686871982144253e8	0.
0.000016110198141282217	7.973230915665363e-12	-2.0808101951043422e6	6.94889144069805e8	0.
0.000011246742098630983	7.973230915665363e-12	-1.494484396337984e6	5.728938662766402e8	0.
0.00001626218114261507	7.973230915665363e-12	-2.0993398457618905e6	6.983684676027511e8	0.
0.000011398725099963835	7.973230915665363e-12	-1.5125440368063475e6	5.770727005669874e8	0.
0.00001641416414394792	7.973230915665363e-12	-2.1178785524675623e6	7.01830724160956e8	0.
0.000011550708101296685	7.973230915665363e-12	-1.5306261214124362e6	5.812241300747037e8	0.
0.000016566147145280773	7.973230915665363e-12	-2.136426092248564e6	7.05276135096699e8	0.
0.000011702691102629537	7.973230915665363e-12	-1.5487299435573586e6	5.853485943629725e8	0.
0.000016718130146613624	7.973230915665363e-12	-2.1549822491842713e6	7.087049390098826e8	0.
0.000011854674103962387	7.973230915665363e-12	-1.5668548243086059e6	5.894464959237598e8	0.
0.000016870113147946473	7.973230915665363e-12	-2.173546814138134e6	7.121173487648572e8	0.
0.000012006657105295239	7.973230915665363e-12	-1.5850001111494983e6	5.93518264001525e8	0.
0.000017022096149279325	7.973230915665363e-12	-2.1921195845013103e6	7.15513587744209e8	0.
0.00001215864010662809	7.973230915665363e-12	-1.603165176790018e6	5.97564290650588e8	0.
0.000017174079150612177	7.973230915665363e-12	-2.2107003639474385e6	7.188938459745089e8	0.
0.00001231062310796094	7.973230915665363e-12	-1.621349418036007e6	6.015849737713852e8	0.
0.00001732606215194503	7.973230915665363e-12	-2.229288962198034e6	7.222583522487267e8	0.
0.000012462606109293792	7.973230915665363e-12	-1.6395522547138014e6	6.055807168653146e8	0.
0.00001747804515327788	7.973230915665363e-12	-2.2478851947979736e6	7.256073102171415e8	0.
0.000012614589110626643	7.973230915665363e-12	-1.6577731286475232e6	6.09551881545305e8	0.
0.00001763002815461073	7.973230915665363e-12	-2.2664888829005994e6	7.28940897972286e8	0.
0.000012766572111959494	7.973230915665363e-12	-1.676011502686382e6	6.134988655256852e8	0.
0.00001778201115594358	7.973230915665363e-12	-2.2850998530619824e6	7.322593402288454e8	0.
0.000012918555113292345	7.973230915665363e-12	-1.694266859779434e6	6.174220294386878e8	0.
0.000017933994157276432	7.973230915665363e-12	-2.3037179370438927e6	7.35562799467333e8	0.
0.000013070538114625196	7.973230915665363e-12	-1.7125387020954054e6	6.213217354147012e8	0.
0.000018085977158609284	7.973230915665363e-12	-2.322342971625087e6	7.388514801644654e8	0.
0.000013222521115958048	7.973230915665363e-12	-1.7308265501852687e6	6.251983427341243e8	0.
0.000018237960159942136	7.973230915665363e-12	-2.3409747984205056e6	7.421255860226492e8	0.
0.000013374504117290898	7.973230915665363e-12	-1.7491299421853935e6	6.290521917042379e8	0.
0.000018389943161274984	7.973230915665363e-12	-2.359613263708008e6	7.453852568769358e8	0.
0.00001352648711862375	7.973230915665363e-12	-1.7674484330591974e6	6.328836199938529e8	0.
0.000018541926162607836	7.973230915665363e-12	-2.378258218262307e6	7.486306999094371e8	0.
0.0000136784701199566	7.973230915665363e-12	-1.785781593875321e6	6.366929857995049e8	0.
0.000018693909163940688	7.973230915665363e-12	-2.3969095171957454e6	7.51862081847358e8	0.
0.000013830453121289452	7.973230915665363e-12	-1.8041290111204565e6	6.404805941304891e8	0.
0.00001884589216527354	7.973230915665363e-12	-2.4155670198056204e6	7.550795746132495e8	0.
0.000013982436122622304	7.973230915665363e-12	-1.8224902860450537e6	6.442467704590657e8	0.
0.00001899787516660639	7.973230915665363e-12	-2.434230589427736e6	7.582833458919848e8	0.
0.000014134419123955154	7.973230915665363e-12	-1.8408650340402215e6	6.479918348212731e8	0.
0.00001914985816793924	7.973230915665363e-12	-2.452900093295908e6	7.614735607861378e8	0.
0.000014286402125288006	7.973230915665363e-12	-1.8592528840442223e6	6.517161037471206e8	0.
0.000019301841169272092	7.973230915665363e-12	-2.4715754024071456e6	7.646503751454784e8	0.
0.000014438385126620856	7.973230915665363e-12	-1.8776534779770458e6	6.554198685835657e8	0.
0.000019453824170604944	7.973230915665363e-12	-2.4902563913922515e6	7.6781396733321e8	0.
0.000014590368127953708	7.973230915665363e-12	-1.8960664702016332e6	6.591034230226645e8	0.
0.000019605807171937795	7.973230915665363e-12	-2.508942938391592e6	7.709644744892781e8	0.
0.00001474235112928656	7.973230915665363e-12	-1.9144915270103826e6	6.627670804061284e8	0.
0.000019757790173270647	7.973230915665363e-12	-2.527634924935814e6	7.741020562761923e8	0.
0.00001489433413061941	7.973230915665363e-12	-1.9329283261356545e6	6.664111038479373e8	0.
0.000019909773174603496	7.973230915665363e-12	-2.546332235831274e6	7.772268630446237e8	0.
0.000015046317131952261	7.973230915665363e-12	-1.9513765562830556e6	6.700357804121739e8	0.
0.000020061756175936347	7.973230915665363e-12	-2.5650347590499828e6	7.803390516477493e8	0.
0.000015198300133285111	7.973230915665363e-12	-1.9698359166863435e6	6.736413841555203e8	0.
0.0000202137391772692	7.973230915665363e-12	-2.5837423856238443e6	7.834387502864288e8	0.
0.00001535028313461796	7.973230915665363e-12	-1.9883061166828608e6	6.772281840866576e8	0.
0.00002036572217860205	7.973230915665363e-12	-2.6024550095430273e6	7.865261019312289e8	0.
0.000020517705179934903	7.973230915665363e-12	-2.6211725276582628e6	7.896012561657225e8	0.
0.00002553314422391899	7.973230915665363e-12	-3.2410557197693503e6	8.850288400296443e8	0.
0.00002066968818126775	7.973230915665363e-12	-2.639894839586908e6	7.926643565562736e8	0.
0.00002568512722525184	7.973230915665363e-12	-3.2598937574503697e6	8.877578474375646e8	0.
0.000020821671182600603	7.973230915665363e-12	-2.658621847622609e6	7.957155314506687e8	0.
0.00002583711022658469	7.973230915665363e-12	-3.278734335130834e6	8.904783394104685e8	0.
0.000020973654183933455	7.973230915665363e-12	-2.677353456648408e6	7.987549136021222e8	0.
0.00002598909322791754	7.973230915665363e-12	-3.2975774102756497e6	8.931903651804938e8	0.
0.000021125637185266307	7.973230915665363e-12	-2.6960895740531413e6	8.01782633651437e8	0.
0.000026141076229250393	7.973230915665363e-12	-3.3164229412831487e6	8.958940519100415e8	0.
0.00002127762018659916	7.973230915665363e-12	-2.7148301096509974e6	8.047988204889278e8	0.
0.000026293059230583244	7.973230915665363e-12	-3.3352708874599217e6	8.985894373459737e8	0.
0.000021429603187932007	7.973230915665363e-12	-2.7335749756040857e6	8.07803599909709e8	0.
0.000026445042231916096	7.973230915665363e-12	-3.354121208996465e6	9.012766010951883e8	0.
0.00002158158618926486	7.973230915665363e-12	-2.7523240863479003e6	8.10797089584264e8	0.
0.000026597025233248945	7.973230915665363e-12	-3.372973866943586e6	9.039556340727371e8	0.
0.00002173356919059771	7.973230915665363e-12	-2.7710773585195476e6	8.137794305330663e8	0.
0.000026749008234581796	7.973230915665363e-12	-3.3918288231895566e6	9.066265916384159e8	0.
0.000021885552191930562	7.973230915665363e-12	-2.789834710888626e6	8.167507239982436e8	0.
0.000026900991235914648	7.973230915665363e-12	-3.41068604043798e6	9.09289550797001e8	0.
0.000022037535193263414	7.973230915665363e-12	-2.808596064290645e6	8.197110873208382e8	0.
0.0000270529742372475	7.973230915665363e-12	-3.4295454821863477e6	9.119445763993777e8	0.
0.000022189518194596263	7.973230915665363e-12	-2.827361341562881e6	8.226606556430312e8	0.
0.000027204957238580352	7.973230915665363e-12	-3.448407112705267e6	9.145917553711239e8	0.
0.000022341501195929114	7.973230915665363e-12	-2.8461304674825594e6	8.255995237556691e8	0.
0.0000273569402399132	7.973230915665363e-12	-3.4672708970183167e6	9.172311326332833e8	0.
0.000022493484197261966	7.973230915665363e-12	-2.8649033687072764e6	8.285278039571788e8	0.
0.000027508923241246052	7.973230915665363e-12	-3.486136800882541e6	9.198627938541065e8	0.
0.000022645467198594818	7.973230915665363e-12	-2.8836799737175656e6	8.314456254507494e8	0.
0.000027660906242578904	7.973230915665363e-12	-3.505004790769522e6	9.224868050839939e8	0.
0.00002279745019992767	7.973230915665363e-12	-2.902460212761517e6	8.343530773184977e8	0.
0.000027812889243911756	7.973230915665363e-12	-3.5238748338470394e6	9.251032205043477e8	0.
0.000022949433201260518	7.973230915665363e-12	-2.921244017801374e6	8.37250272937181e8	0.
0.000027964872245244608	7.973230915665363e-12	-3.542746897961282e6	9.277121047499241e8	0.
0.00002310141620259337	7.973230915665363e-12	-2.940031322462019e6	8.401373104731244e8	0.
0.000028116855246577456	7.973230915665363e-12	-3.5616209516196004e6	9.303135285290102e8	0.
0.000023253399203926222	7.973230915665363e-12	-2.9588220619812747e6	8.430143063970628e8	0.
0.000028268838247910308	7.973230915665363e-12	-3.5804969639737704e6	9.329075703196042e8	0.
0.000023405382205259074	7.973230915665363e-12	-2.977616173161949e6	8.45881349894465e8	0.
0.00002842082124924316	7.973230915665363e-12	-3.5993749048037613e6	9.354942645660329e8	0.
0.000023557365206591925	7.973230915665363e-12	-2.996413594325558e6	8.487385518896915e8	0.
0.00002857280425057601	7.973230915665363e-12	-3.618254744501988e6	9.380736780500194e8	0.
0.000023709348207924774	7.973230915665363e-12	-3.0152142652676473e6	8.515860057589233e8	0.
0.000028724787251908863	7.973230915665363e-12	-3.637136454058028e6	9.406458889205736e8	0.
0.000023861331209257626	7.973230915665363e-12	-3.0340181272146665e6	8.544238138430476e8	0.
0.00002887677025324171	7.973230915665363e-12	-3.6560200050437874e6	9.432109331651524e8	0.
0.000024013314210590477	7.973230915665363e-12	-3.052825122782314e6	8.572520597343088e8	0.
0.000029028753254574563	7.973230915665363e-12	-3.674905369599108e6	9.45768887488757e8	0.
0.00002416529721192333	7.973230915665363e-12	-3.0716351959353206e6	8.600708430223173e8	0.
0.000029180736255907415	7.973230915665363e-12	-3.693792520417787e6	9.483198036490691e8	0.
0.00002431728021325618	7.973230915665363e-12	-3.0904482919485867e6	8.628802447834783e8	0.
0.000029332719257240267	7.973230915665363e-12	-3.7126814307340113e6	9.508637393825783e8	0.
0.00002446926321458903	7.973230915665363e-12	-3.1092643573696516e6	8.6568038928472e8	0.
0.00002948470225857312	7.973230915665363e-12	-3.7315720743091768e6	9.534007406884441e8	0.
0.00002462124621592188	7.973230915665363e-12	-3.1280833399824095e6	8.684713330467091e8	0.
0.000029636685259905967	7.973230915665363e-12	-3.750464425419098e6	9.559308945044421e8	0.
0.000024773229217254733	7.973230915665363e-12	-3.146905188772056e6	8.71253174534833e8	0.
0.00002978866826123882	7.973230915665363e-12	-3.769358458841575e6	9.584542249212599e8	0.
0.000024925212218587585	7.973230915665363e-12	-3.1657298538911967e6	8.740260010729766e8	0.
0.00002994065126257167	7.973230915665363e-12	-3.788254149844318e6	9.609707908083084e8	0.
0.000025077195219920433	7.973230915665363e-12	-3.184557286627084e6	8.767898922172055e8	0.
0.000030092634263904523	7.973230915665363e-12	-3.807151474173223e6	9.634806626903987e8	0.
0.000025229178221253285	7.973230915665363e-12	-3.203387439369933e6	8.795449435663655e8	0.
0.000030244617265237375	7.973230915665363e-12	-3.8260504080409673e6	9.659838710575564e8	0.
0.000025381161222586137	7.973230915665363e-12	-3.2222202655822816e6	8.822912385175029e8	0.
0.000030396600266570223	7.973230915665363e-12	-3.844950928115937e6	9.684804802412144e8	0.
