# Filename	C:\Users\edmag\Documents\Work\2D-Comp-Model\computation\Turning Timeresults\2018-02-05T05-31-02.txt
# Source	C:\Users\edmag\Documents\Work\2D-Comp-Model\computation\Turning Time\turning.nb
# Note	1D calculation of turning time vs. field and orbit energy.
# Date	2018-02-05T05:31:02
# Dir	-1
# field	1.9057966578907456e-11
# zi	-6.
W	field	zt	t	argt
-0.000030396600266570223	1.9057966578907456e-11	-32246.46380291172	6.384512975951154e6	0.
-0.000030244617265237375	1.9057966578907456e-11	-32402.163610038268	6.430353689677896e6	-1.6365257564273253e-7
-0.000025229178221253285	1.9057966578907456e-11	-38516.03057898828	8.308418717811842e6	0.
-0.000030092634263904523	1.9057966578907456e-11	-32559.344363244345	6.4767357751198225e6	-2.7020593990077726e-7
-0.000025077195219920433	1.9057966578907456e-11	-38736.5163949682	8.37886818195834e6	0.
-0.00002994065126257167	1.9057966578907456e-11	-32718.02685976229	6.523666839932467e6	-3.8979038948262093e-7
-0.000024925212218587585	1.9057966578907456e-11	-38959.46971850607	8.450289921150954e6	0.
-0.00002978866826123882	1.9057966578907456e-11	-32878.23227968266	6.571155839855211e6	-1.966898404619353e-7
-0.000024773229217254733	1.9057966578907456e-11	-39184.930986597785	8.52270315895197e6	0.
-0.000029636685259905967	1.9057966578907456e-11	-33039.98219460088	6.61921256192809e6	0.
-0.00002462124621592188	1.9057966578907456e-11	-39412.941496819636	8.596125796418741e6	0.
-0.00002948470225857312	1.9057966578907456e-11	-33203.29857649439	6.667844283258008e6	-2.801094982891796e-7
-0.00002446926321458903	1.9057966578907456e-11	-39643.54342954466	8.67057811555206e6	0.
-0.000029332719257240267	1.9057966578907456e-11	-33368.203806833386	6.717063311780413e6	0.
-0.00002431728021325618	1.9057966578907456e-11	-39876.77987082241	8.746078593977302e6	0.
-0.000029180736255907415	1.9057966578907456e-11	-33534.720685938904	6.766877265596373e6	0.
-0.00002416529721192333	1.9057966578907456e-11	-40112.69483594552	8.822649088866916e6	0.
-0.000029028753254574563	1.9057966578907456e-11	-33702.872442588196	6.817296889889498e6	0.
-0.000024013314210590477	1.9057966578907456e-11	-40351.33329372446	8.900307267537067e6	0.
-0.00002887677025324171	1.9057966578907456e-11	-33872.68274388083	6.868332668144472e6	0.
-0.000023861331209257626	1.9057966578907456e-11	-40592.74119149625	8.979077390554368e6	0.
-0.000028724787251908863	1.9057966578907456e-11	-34044.17570537041	6.919992928277096e6	0.
-0.000023709348207924774	1.9057966578907456e-11	-40836.96548088902	9.058979195083637e6	0.
-0.00002857280425057601	1.9057966578907456e-11	-34217.37590147146	6.972290778378541e6	0.
-0.000023557365206591925	1.9057966578907456e-11	-41084.05414437098	9.140035726018919e6	0.
-0.00002842082124924316	1.9057966578907456e-11	-34392.30837614845	7.025236008523515e6	0.
-0.000023405382205259074	1.9057966578907456e-11	-41334.05622260749	9.222269447755804e6	0.
-0.000028268838247910308	1.9057966578907456e-11	-34568.99865389753	7.078838660654152e6	0.
-0.000023253399203926222	1.9057966578907456e-11	-41587.02184265528	9.305703736633534e6	0.
-0.000028116855246577456	1.9057966578907456e-11	-34747.47275102882	7.133111631749803e6	0.
-0.00002310141620259337	1.9057966578907456e-11	-41843.0022470214	9.390362073721493e6	0.
-0.000027964872245244608	1.9057966578907456e-11	-34927.75718725851	7.188065168825146e6	0.
-0.000022949433201260518	1.9057966578907456e-11	-42102.049823616515	9.476268769603342e6	0.
-0.000027812889243911756	1.9057966578907456e-11	-35109.87899762146	7.243712062651491e6	0.
-0.00002279745019992767	1.9057966578907456e-11	-42364.21813663277	9.563449787527174e6	0.
-0.000027660906242578904	1.9057966578907456e-11	-35293.865744712966	7.300064088807868e6	0.
-0.000022645467198594818	1.9057966578907456e-11	-42629.56195837771	9.651928968286207e6	0.
-0.000027508923241246052	1.9057966578907456e-11	-35479.745531271205	7.35713054717131e6	-3.7481335056316847e-7
-0.000022493484197261966	1.9057966578907456e-11	-42898.13730209727	9.741735434479833e6	0.
-0.0000273569402399132	1.9057966578907456e-11	-35667.54701311015	7.414929516063142e6	0.
-0.000022341501195929114	1.9057966578907456e-11	-43170.00145582075	9.83289221506643e6	0.
-0.000027204957238580352	1.9057966578907456e-11	-35857.29941241515	7.473470285790771e6	0.
-0.000022189518194596263	1.9057966578907456e-11	-43445.21301726399	9.925429681638418e6	0.
-0.0000270529742372475	1.9057966578907456e-11	-36049.03253141058	7.532766547208675e6	0.
-0.000022037535193263414	1.9057966578907456e-11	-43723.83192982585	1.0019375921075527e7	0.
-0.000026900991235914648	1.9057966578907456e-11	-36242.77676641398	7.59283121484797e6	0.
-0.000021885552191930562	1.9057966578907456e-11	-44005.91951971625	1.0114760127118377e7	0.
-0.000026749008234581796	1.9057966578907456e-11	-36438.563122287065	7.653677500329164e6	0.
-0.00002173356919059771	1.9057966578907456e-11	-44291.53853425421	1.021161087614349e7	0.
-0.000026597025233248945	1.9057966578907456e-11	-36636.42322729707	7.715321812059181e6	0.
-0.00002158158618926486	1.9057966578907456e-11	-44580.753181377055	1.0309960874023888e7	0.
-0.000026445042231916096	1.9057966578907456e-11	-36836.38934840104	7.777776441623308e6	0.
-0.000021429603187932007	1.9057966578907456e-11	-44873.62917040074	1.040983782931191e7	0.
-0.000026293059230583244	1.9057966578907456e-11	-37038.494406967504	7.841054447559264e6	0.
-0.00002127762018659916	1.9057966578907456e-11	-45170.23375407722	1.051127794045818e7	0.
-0.000026141076229250393	1.9057966578907456e-11	-37242.771994948904	7.905174093460749e6	0.
-0.000021125637185266307	1.9057966578907456e-11	-45470.63577199006	1.061431170836037e7	0.
-0.00002598909322791754	1.9057966578907456e-11	-37449.25639151919	7.970149721349155e6	0.
-0.000020973654183933455	1.9057966578907456e-11	-45774.90569533834	1.0718976794675652e7	0.
-0.00002583711022658469	1.9057966578907456e-11	-37657.98258019229	8.035996384591592e6	0.
-0.000020821671182600603	1.9057966578907456e-11	-46083.11567315368	1.0825299435978169e7	0.
-0.00002568512722525184	1.9057966578907456e-11	-37868.986266436776	8.102730039744081e6	0.
-0.00002066968818126775	1.9057966578907456e-11	-46395.339580002175	1.0933321055298343e7	0.
-0.00002553314422391899	1.9057966578907456e-11	-38082.30389580273	8.170367611480882e6	0.
-0.000020517705179934903	1.9057966578907456e-11	-46711.65306522164	1.1043078020707466e7	-5.070239353812259e-7
-0.000025381161222586137	1.9057966578907456e-11	-38297.9726725775	8.238923802828248e6	0.
-0.00002036572217860205	1.9057966578907456e-11	-47032.13360374624	1.1154611013162497e7	0.
-0.0000202137391772692	1.9057966578907456e-11	-47356.86054857715	1.1267954488055432e7	0.
-0.000020061756175936347	1.9057966578907456e-11	-47685.91518495101	1.1383145697421337e7	0.
-0.00001489433413061941	1.9057966578907456e-11	-62190.7438961639	1.6771015586045498e7	0.
-0.000019909773174603496	1.9057966578907456e-11	-48019.38078627004	1.1500233021602314e7	0.
-0.00001474235112928656	1.9057966578907456e-11	-62742.735614511235	1.6986929077446543e7	0.
-0.000019757790173270647	1.9057966578907456e-11	-48357.342671850194	1.1619247823688742e7	0.
-0.000014590368127953708	1.9057966578907456e-11	-63303.91231465239	1.7207174822205994e7	0.
-0.000019605807171937795	1.9057966578907456e-11	-48699.88826655469	1.1740241264469463e7	0.
-0.000014438385126620856	1.9057966578907456e-11	-63874.487265459924	1.7431865562044047e7	0.
-0.000019453824170604944	1.9057966578907456e-11	-49047.107162373795	1.1863255516150262e7	0.
-0.000014286402125288006	1.9057966578907456e-11	-64454.67977716201	1.766111439319415e7	0.
-0.000019301841169272092	1.9057966578907456e-11	-49399.09118202087	1.1988333912679788e7	0.
-0.000014134419123955154	1.9057966578907456e-11	-65044.71539028034	1.7895042262220252e7	0.
-0.00001914985816793924	1.9057966578907456e-11	-49755.9344446134	1.211552455118056e7	0.
-0.000013982436122622304	1.9057966578907456e-11	-65644.82607028708	1.813377264775191e7	0.
-0.00001899787516660639	1.9057966578907456e-11	-50117.73343350988	1.2244874754959958e7	0.
-0.000013830453121289452	1.9057966578907456e-11	-66255.2504080907	1.8377430815293707e7	0.
-0.00001884589216527354	1.9057966578907456e-11	-50484.58706637778	1.2376434373130538e7	0.
-0.0000136784701199566	1.9057966578907456e-11	-66876.23382645332	1.8626148646425e7	0.
-0.000018693909163940688	1.9057966578907456e-11	-50856.59676756798	1.2510250470987802e7	0.
-0.00001352648711862375	1.9057966578907456e-11	-67508.02879243372	1.8880061650843274e7	0.
-0.000018541926162607836	1.9057966578907456e-11	-51233.86654287569	1.264637998190613e7	0.
-0.000013374504117290898	1.9057966578907456e-11	-68150.89503594332	1.9139302196171377e7	0.
-0.000018389943161274984	1.9057966578907456e-11	-51616.50305676715	1.2784871614944573e7	0.
-0.000013222521115958048	1.9057966578907456e-11	-68805.09977449208	1.9404019687436596e7	0.
-0.000018237960159942136	1.9057966578907456e-11	-52004.615712158666	1.2925783521656957e7	0.
-0.000013070538114625196	1.9057966578907456e-11	-69470.91794418644	1.967435922488053e7	0.
-0.000018085977158609284	1.9057966578907456e-11	-52398.31673283137	1.3069170623471258e7	0.
-0.000012918555113292345	1.9057966578907456e-11	-70148.6324370332	1.9950471511434536e7	0.
-0.000017933994157276432	1.9057966578907456e-11	-52797.72124857275	1.3215088256612351e7	0.
-0.000012766572111959494	1.9057966578907456e-11	-70838.53434458328	2.023251354401766e7	0.
-0.00001778201115594358	1.9057966578907456e-11	-53202.94738313566	1.336360018437311e7	0.
-0.000012614589110626643	1.9057966578907456e-11	-71540.92320793333	2.0520644118761387e7	0.
-0.00001763002815461073	1.9057966578907456e-11	-53614.116345108	1.3514765710682418e7	0.
-0.000012462606109293792	1.9057966578907456e-11	-72256.1072740839	2.081503119978975e7	0.
-0.00001747804515327788	1.9057966578907456e-11	-54031.3525217916	1.3668650607632361e7	0.
-0.00001231062310796094	1.9057966578907456e-11	-72984.4037586286	2.1115843496028345e7	0.
-0.00001732606215194503	1.9057966578907456e-11	-54454.78357618749	1.3825312602098655e7	0.
-0.00001215864010662809	1.9057966578907456e-11	-73726.13911472549	2.1423258029367305e7	0.
-0.000017174079150612177	1.9057966578907456e-11	-54884.540547191595	1.3984823971515771e7	0.
-0.000012006657105295239	1.9057966578907456e-11	-74481.64930827166	2.1737456189830936e7	0.
-0.000017022096149279325	1.9057966578907456e-11	-55320.75795310325	1.4147252967334988e7	0.
-0.000011854674103962387	1.9057966578907456e-11	-75251.28009917149	2.2058623378025997e7	0.
-0.000016870113147946473	1.9057966578907456e-11	-55763.57389855472	1.4312668382549247e7	0.
-0.000011702691102629537	1.9057966578907456e-11	-76035.38732855396	2.2386951245781016e7	0.
-0.000016718130146613624	1.9057966578907456e-11	-56213.13018497139	1.4481145299677076e7	0.
-0.000011550708101296685	1.9057966578907456e-11	-76834.33721175455	2.2722639274854265e7	0.
-0.000016566147145280773	1.9057966578907456e-11	-56669.572424673504	1.4652753349387903e7	0.
-0.000011398725099963835	1.9057966578907456e-11	-77648.50663683414	2.3065889147244383e7	0.
-0.00001641416414394792	1.9057966578907456e-11	-57133.050158735066	1.4827574283405494e7	0.
-0.000011246742098630983	1.9057966578907456e-11	-78478.2834683609	2.3416911463760108e7	0.
-0.00001626218114261507	1.9057966578907456e-11	-57603.71697871499	1.5005685335187692e7	0.
-0.000011094759097298131	1.9057966578907456e-11	-79324.06685612649	2.3775922107766476e7	0.
-0.000016110198141282217	1.9057966578907456e-11	-58081.73065238046	1.5187168302348642e7	0.
-0.000010942776095965281	1.9057966578907456e-11	-80186.26754841172	2.414314189996737e7	0.
-0.00001595821513994937	1.9057966578907456e-11	-58567.25325354216	1.537210938752797e7	0.
-0.00001079079309463243	1.9057966578907456e-11	-81065.30820935318	2.4518800564447556e7	0.
-0.000015806232138616517	1.9057966578907456e-11	-59060.45129612387	1.5560588410100646e7	0.
-0.00001063881009329958	1.9057966578907456e-11	-81961.62373989214	2.4903132688093435e7	0.
-0.000015654249137283665	1.9057966578907456e-11	-59561.495872591346	1.5752698850981485e7	0.
-0.000010486827091966727	1.9057966578907456e-11	-82875.66160171304	2.5296379781868096e7	0.
-0.000015502266135950813	1.9057966578907456e-11	-60070.562796864	1.5948532206985584e7	0.
-0.000010334844090633876	1.9057966578907456e-11	-83807.88214349544	2.5698792553422257e7	0.
-0.00001535028313461796	1.9057966578907456e-11	-60587.83275183706	1.6148183412989436e7	0.
-0.000010182861089301025	1.9057966578907456e-11	-84758.75892871399	2.6110621494094253e7	0.
-0.000015198300133285111	1.9057966578907456e-11	-61113.491441640384	1.6351744678614778e7	0.
-0.000010030878087968174	1.9057966578907456e-11	-85728.779064126	2.6532134596368026e7	0.
-0.000015046317131952261	1.9057966578907456e-11	-61647.7297487624	1.655932194660819e7	0.
-9.878895086635324e-6	1.9057966578907456e-11	-86718.4435279781	2.696359927975144e7	0.
-9.726912085302472e-6	1.9057966578907456e-11	-87728.26749685509	2.7405292296596684e7	0.
-4.559490039985534e-6	1.9057966578907456e-11	-138798.24068128274	5.0964537860824145e7	0.
-9.57492908396962e-6	1.9057966578907456e-11	-88758.7806699695	2.7857499941751715e7	0.
-4.407507038652682e-6	1.9057966578907456e-11	-140964.22453135267	5.199151907524254e7	0.
-9.42294608263677e-6	1.9057966578907456e-11	-89810.52758956203	2.832051360923354e7	0.
-4.255524037319831e-6	1.9057966578907456e-11	-143179.58696061754	5.304246611418625e7	0.
-9.270963081303918e-6	1.9057966578907456e-11	-90884.0679559441	2.8794631458318595e7	0.
-4.10354103598698e-6	1.9057966578907456e-11	-145445.36509191612	5.41177278826165e7	0.
-9.118980079971068e-6	1.9057966578907456e-11	-91979.97693556575	2.928016294155469e7	0.
-3.951558034654129e-6	1.9057966578907456e-11	-147762.59453816066	5.521763593418925e7	0.
-8.966997078638216e-6	1.9057966578907456e-11	-93098.84546033392	2.9777422633058954e7	0.
-3.799575033321278e-6	1.9057966578907456e-11	-150132.30723889856	5.634250356882486e7	0.
-8.815014077305364e-6	1.9057966578907456e-11	-94241.28051624159	3.028673328485699e7	0.
-3.647592031988427e-6	1.9057966578907456e-11	-152555.52917664254	5.74926256376556e7	0.
-8.663031075972514e-6	1.9057966578907456e-11	-95407.9054191911	3.080842413355212e7	0.
-3.495609030655576e-6	1.9057966578907456e-11	-155033.2779780832	5.866826733036551e7	0.
-8.511048074639662e-6	1.9057966578907456e-11	-96599.36007571152	3.13428350939399e7	0.
-3.3436260293227246e-6	1.9057966578907456e-11	-157566.5604068072	5.9869675769930325e7	0.
-8.359065073306812e-6	1.9057966578907456e-11	-97816.30122607641	3.189031036945556e7	0.
-3.1916430279898736e-6	1.9057966578907456e-11	-160156.36975571673	6.109706687057128e7	0.
-8.20708207197396e-6	1.9057966578907456e-11	-99059.40266712898	3.245120508721401e7	0.
-3.0396600266570226e-6	1.9057966578907456e-11	-162803.68314897618	6.2350626901195645e7	0.
-8.055099070641109e-6	1.9057966578907456e-11	-100329.35545191182	3.3025878560390227e7	0.
-2.8876770253241713e-6	1.9057966578907456e-11	-165509.45876496192	6.363051781769258e7	0.
-7.903116069308259e-6	1.9057966578907456e-11	-101626.86806298728	3.361469992777931e7	0.
-2.7356940239913203e-6	1.9057966578907456e-11	-168274.63299334707	6.493685941314515e7	0.
-7.751133067975407e-6	1.9057966578907456e-11	-102952.66655611349	3.421804547245225e7	0.
-2.583711022658469e-6	1.9057966578907456e-11	-171100.11754108363	6.62697444914605e7	0.
-7.599150066642556e-6	1.9057966578907456e-11	-104307.49467072084	3.483629449525827e7	0.
-2.431728021325618e-6	1.9057966578907456e-11	-173986.7965036111	6.762922732873766e7	0.
-7.447167065309705e-6	1.9057966578907456e-11	-105692.11390341123	3.546983916197346e7	0.
-2.279745019992767e-6	1.9057966578907456e-11	-176935.52341910294	6.90153207252624e7	0.
-7.295184063976854e-6	1.9057966578907456e-11	-107107.30354047842	3.611907509063649e7	0.
-2.1277620186599156e-6	1.9057966578907456e-11	-179947.1183249136	7.042800360201779e7	0.
-7.143201062644003e-6	1.9057966578907456e-11	-108553.86064523198	3.678440325974513e7	0.
-1.9757790173270646e-6	1.9057966578907456e-11	-183022.3648365788	7.186721040567131e7	0.
-6.991218061311152e-6	1.9057966578907456e-11	-110032.59999569485	3.7466230052037135e7	0.
-1.8237960159942135e-6	1.9057966578907456e-11	-186162.00727071764	7.333283565952064e7	0.
-6.8392350599783e-6	1.9057966578907456e-11	-111544.35396804319	3.81649691436435e7	0.
-1.6718130146613623e-6	1.9057966578907456e-11	-189366.74783394614	7.482472950250028e7	0.
-6.687252058645449e-6	1.9057966578907456e-11	-113089.97236097098	3.88810386888977e7	0.
-1.5198300133285113e-6	1.9057966578907456e-11	-192637.2439004149	7.634270042201973e7	0.
-6.535269057312598e-6	1.9057966578907456e-11	-114670.3221559938	3.961486000923875e7	0.
-1.3678470119956601e-6	1.9057966578907456e-11	-195974.10540079355	7.788651202219495e7	0.
-6.383286055979747e-6	1.9057966578907456e-11	-116286.28720856228	4.036685701351364e7	0.
-1.215864010662809e-6	1.9057966578907456e-11	-199377.89234542448	7.945588282243745e7	0.
-6.231303054646896e-6	1.9057966578907456e-11	-117938.7678647407	4.11374594714638e7	0.
-1.0638810093299578e-6	1.9057966578907456e-11	-202849.11250393794	8.105048728153948e7	0.
-6.079320053314045e-6	1.9057966578907456e-11	-119628.68049812673	4.192709604865505e7	0.
-9.118980079971067e-7	1.9057966578907456e-11	-206388.21926284948	8.266995475125074e7	0.
-5.9273370519811935e-6	1.9057966578907456e-11	-121356.95696165151	4.273620033094102e7	0.
-7.599150066642557e-7	1.9057966578907456e-11	-209995.60968154814	8.43138734240026e7	0.
-5.7753540506483425e-6	1.9057966578907456e-11	-123124.54394890837	4.356520230674891e7	0.
-6.079320053314045e-7	1.9057966578907456e-11	-213671.6227656331	8.59817842881291e7	0.
-5.6233710493154915e-6	1.9057966578907456e-11	-124932.40225972769	4.441453202449859e7	0.
-4.5594900399855336e-7	1.9057966578907456e-11	-217416.5379747829	8.767319124198839e7	0.
-5.4713880479826406e-6	1.9057966578907456e-11	-126781.50596484283	4.528461868417448e7	0.
-3.0396600266570224e-7	1.9057966578907456e-11	-221230.57398026518	8.938755077964401e7	0.
-5.31940504664979e-6	1.9057966578907456e-11	-128672.84146469439	4.617589147817646e7	0.
-1.5198300133285112e-7	1.9057966578907456e-11	-225113.88768484892	9.11242854492117e7	0.
-5.167422045316938e-6	1.9057966578907456e-11	-130607.4064376984	4.7088767566916406e7	0.
0.	1.9057966578907456e-11	-229066.57351530102	9.288277881615926e7	0.
-5.015439043984087e-6	1.9057966578907456e-11	-132586.20867367048	4.8023665703355595e7	0.
1.5198300133285112e-7	1.9057966578907456e-11	-233088.6629948791	9.466237813065353e7	0.
-4.863456042651236e-6	1.9057966578907456e-11	-134610.2647885539	4.898099576020128e7	0.
3.0396600266570224e-7	1.9057966578907456e-11	-237180.12460032548	9.646239591504037e7	0.
-4.711473041318385e-6	1.9057966578907456e-11	-136680.59881715884	4.9961155918353274e7	0.
5.4713880479826406e-6	1.9057966578907456e-11	-413873.41712592856	1.640594104244808e8	0.
4.5594900399855336e-7	1.9057966578907456e-11	-241340.8639048734	9.828211529268412e7	0.
5.6233710493154915e-6	1.9057966578907456e-11	-419999.0887308436	1.6607762707638672e8	0.
6.079320053314045e-7	1.9057966578907456e-11	-245570.7240057537	1.0012078893656367e8	0.
5.7753540506483425e-6	1.9057966578907456e-11	-426166.00573005446	1.6809057766512442e8	0.
7.599150066642557e-7	1.9057966578907456e-11	-249869.48623169895	1.0197764793652181e8	0.
5.9273370519811935e-6	1.9057966578907456e-11	-432373.1940528278	1.7009789903070498e8	0.
9.118980079971067e-7	1.9057966578907456e-11	-254236.87112303046	1.0385189541252773e8	0.
6.079320053314045e-6	1.9057966578907456e-11	-438619.6928993331	1.720992500561649e8	0.
1.0638810093299578e-6	1.9057966578907456e-11	-258672.53967414907	1.0574271537558477e8	0.
6.231303054646896e-6	1.9057966578907456e-11	-444904.55557597725	1.7409432817921796e8	0.
1.215864010662809e-6	1.9057966578907456e-11	-263176.09482566576	1.076492760243773e8	0.
6.383286055979747e-6	1.9057966578907456e-11	-451226.85022982897	1.7608282677540782e8	0.
1.3678470119956601e-6	1.9057966578907456e-11	-267747.08319106494	1.0957072944689581e8	0.
6.535269057312598e-6	1.9057966578907456e-11	-457585.66048729065	1.7806447908881986e8	0.
1.5198300133285113e-6	1.9057966578907456e-11	-272384.9970007165	1.1150622130214138e8	0.
6.687252058645449e-6	1.9057966578907456e-11	-463980.086002298	1.8003903240929753e8	0.
1.6718130146613623e-6	1.9057966578907456e-11	-277089.27624427783	1.1345488260216944e8	0.
6.8392350599783e-6	1.9057966578907456e-11	-470409.2429194004	1.82006249809883e8	0.
1.8237960159942135e-6	1.9057966578907456e-11	-281859.31099107955	1.154158460262748e8	0.
6.991218061311152e-6	1.9057966578907456e-11	-476872.26425708225	1.839659182152153e8	0.
1.9757790173270646e-6	1.9057966578907456e-11	-286694.4438669709	1.1738823461116284e8	0.
7.143201062644003e-6	1.9057966578907456e-11	-483368.3002166494	1.8591783883337224e8	0.
2.1277620186599156e-6	1.9057966578907456e-11	-291593.9726653358	1.1937117858172636e8	0.
7.295184063976854e-6	1.9057966578907456e-11	-489896.51842192607	1.8786183737576106e8	0.
2.279745019992767e-6	1.9057966578907456e-11	-296557.15306955535	1.2136381091822216e8	0.
7.447167065309705e-6	1.9057966578907456e-11	-496456.104094889	1.8979774298625073e8	0.
2.431728021325618e-6	1.9057966578907456e-11	-301583.20146409364	1.233652667328189e8	0.
7.599150066642556e-6	1.9057966578907456e-11	-503046.2601722288	1.9172541170731837e8	0.
2.583711022658469e-6	1.9057966578907456e-11	-306671.29781159636	1.2537469545102757e8	0.
7.751133067975407e-6	1.9057966578907456e-11	-509666.2073676516	1.9364471162561455e8	0.
2.7356940239913203e-6	1.9057966578907456e-11	-311820.58857389	1.2739125272147605e8	0.
7.903116069308259e-6	1.9057966578907456e-11	-516315.1841845556	1.9555552229317078e8	0.
2.8876770253241713e-6	1.9057966578907456e-11	-317030.1896555349	1.2941410945811829e8	0.
8.055099070641109e-6	1.9057966578907456e-11	-522992.4468835102	1.9745773799012724e8	0.
3.0396600266570226e-6	1.9057966578907456e-11	-322299.1893495794	1.3144245355640848e8	0.
8.20708207197396e-6	1.9057966578907456e-11	-529697.2694087576	1.9935126751971605e8	0.
3.1916430279898736e-6	1.9057966578907456e-11	-327626.65126635006	1.334754878796504e8	0.
8.359065073306812e-6	1.9057966578907456e-11	-536428.9432777351	2.0123602480593228e8	0.
3.3436260293227246e-6	1.9057966578907456e-11	-333011.6172274707	1.355124348120104e8	0.
8.511048074639662e-6	1.9057966578907456e-11	-543186.7774374004	2.0311194695585585e8	0.
3.495609030655576e-6	1.9057966578907456e-11	-338453.1101087769	1.375525370302274e8	0.
8.663031075972514e-6	1.9057966578907456e-11	-549970.0980909102	2.0497896991472092e8	0.
3.647592031988427e-6	1.9057966578907456e-11	-343950.13661736634	1.395950583002374e8	0.
8.815014077305364e-6	1.9057966578907456e-11	-556778.2484979908	2.0683704648417377e8	0.
3.799575033321278e-6	1.9057966578907456e-11	-349501.68998965254	1.416392871713868e8	0.
8.966997078638216e-6	1.9057966578907456e-11	-563610.5887521134	2.0868613736042416e8	0.
3.951558034654129e-6	1.9057966578907456e-11	-355106.7525989448	1.4368453460222742e8	0.
9.118980079971068e-6	1.9057966578907456e-11	-570466.4955373753	2.105262084563612e8	0.
4.10354103598698e-6	1.9057966578907456e-11	-360764.2984627304	1.457301352394894e8	0.
9.270963081303918e-6	1.9057966578907456e-11	-577345.3618677838	2.1235724441258633e8	0.
4.255524037319831e-6	1.9057966578907456e-11	-366473.29564146197	1.4777544695508566e8	0.
9.42294608263677e-6	1.9057966578907456e-11	-584246.5968114319	2.1417922904351068e8	0.
4.407507038652682e-6	1.9057966578907456e-11	-372232.7085222273	1.49819860661125e8	0.
9.57492908396962e-6	1.9057966578907456e-11	-591169.6252018695	2.1599215238604167e8	0.
4.559490039985534e-6	1.9057966578907456e-11	-378041.4999821875	1.5186278426742697e8	0.
9.726912085302472e-6	1.9057966578907456e-11	-598113.8873387853	2.1779601563279504e8	0.
4.711473041318385e-6	1.9057966578907456e-11	-383898.6334280938	1.539036588414321e8	0.
9.878895086635324e-6	1.9057966578907456e-11	-605078.8386799386	2.1959082707041758e8	0.
4.863456042651236e-6	1.9057966578907456e-11	-389803.074709519	1.559419450789976e8	0.
0.000010030878087968174	1.9057966578907456e-11	-612063.9495261165	2.2137659131841975e8	0.
5.015439043984087e-6	1.9057966578907456e-11	-395753.79390466574	1.5797713551165298e8	0.
0.000010182861089301025	1.9057966578907456e-11	-619068.7047007347	2.2315333520196095e8	0.
5.167422045316938e-6	1.9057966578907456e-11	-401749.76697872375	1.600087435247529e8	0.
0.000010334844090633876	1.9057966578907456e-11	-626092.6032255463	2.2492108166530234e8	0.
5.31940504664979e-6	1.9057966578907456e-11	-407789.97731575	1.620363150228962e8	0.
0.000010486827091966727	1.9057966578907456e-11	-633135.1579937941	2.2667984895195892e8	0.
0.000015502266135950813	1.9057966578907456e-11	-873497.6444199401	2.8002877105304396e8	0.
0.00001063881009329958	1.9057966578907456e-11	-640195.8954420034	2.2842967670438144e8	0.
0.000015654249137283665	1.9057966578907456e-11	-880963.3528056978	2.815161507809421e8	0.
0.00001079079309463243	1.9057966578907456e-11	-647274.3552214945	2.3017059722778845e8	0.
0.000015806232138616517	1.9057966578907456e-11	-888437.0835392604	2.829967293278591e8	0.
0.000010942776095965281	1.9057966578907456e-11	-654370.0898705833	2.3190265397884318e8	0.
0.00001595821513994937	1.9057966578907456e-11	-895918.660806709	2.8447057734537643e8	0.
0.000011094759097298131	1.9057966578907456e-11	-661482.664488328	2.3362588680089372e8	0.
0.000016110198141282217	1.9057966578907456e-11	-903407.9135155773	2.859377619121988e8	0.
0.000011246742098630983	1.9057966578907456e-11	-668611.6564105926	2.353403440172077e8	0.
0.00001626218114261507	1.9057966578907456e-11	-910904.675151942	2.873983471575088e8	0.
0.000011398725099963835	1.9057966578907456e-11	-675756.6548890962	2.3704607907178918e8	0.
0.00001641416414394792	1.9057966578907456e-11	-918408.7836419924	2.888524079478222e8	0.
0.000011550708101296685	1.9057966578907456e-11	-682917.2607740466	2.3874313511038834e8	0.
0.000016566147145280773	1.9057966578907456e-11	-925920.081217961	2.903000012406318e8	0.
0.000011702691102629537	1.9057966578907456e-11	-690093.0862008763	2.404315727575398e8	0.
0.000016718130146613624	1.9057966578907456e-11	-933438.4142882889	2.917411920476389e8	0.
0.000011854674103962387	1.9057966578907456e-11	-697283.7542815239	2.421114470723559e8	0.
0.000016870113147946473	1.9057966578907456e-11	-940963.6333119023	2.931760539601484e8	0.
0.000012006657105295239	1.9057966578907456e-11	-704488.8988006542	2.437828166784384e8	0.
0.000017022096149279325	1.9057966578907456e-11	-948495.5926764811	2.9460464213728e8	0.
0.00001215864010662809	1.9057966578907456e-11	-711708.1639171382	2.454457419021783e8	0.
0.000017174079150612177	1.9057966578907456e-11	-956034.1505805996	2.9602702266012603e8	0.
0.00001231062310796094	1.9057966578907456e-11	-718941.2038710715	2.4710028491009733e8	0.
0.00001732606215194503	1.9057966578907456e-11	-963579.1689196257	2.974432585671345e8	0.
0.000012462606109293792	1.9057966578907456e-11	-726187.682696557	2.487465108139897e8	0.
0.00001747804515327788	1.9057966578907456e-11	-971130.51317526	2.988534116906595e8	0.
0.000012614589110626643	1.9057966578907456e-11	-733447.2739404365	2.5038448080980712e8	0.
0.00001763002815461073	1.9057966578907456e-11	-978688.0523086064	3.0025754064027923e8	0.
0.000012766572111959494	1.9057966578907456e-11	-740719.6603871167	2.5201426089109915e8	0.
0.00001778201115594358	1.9057966578907456e-11	-986251.6586566643	3.0165571234366715e8	0.
0.000012918555113292345	1.9057966578907456e-11	-748004.5337895966	2.5363591827430287e8	0.
0.000017933994157276432	1.9057966578907456e-11	-993821.2078321317	3.030479870574331e8	0.
0.000013070538114625196	1.9057966578907456e-11	-755301.5946067802	2.5524952776115993e8	0.
0.000018085977158609284	1.9057966578907456e-11	-1.0013965786264203e6	3.0443441488275844e8	0.
0.000013222521115958048	1.9057966578907456e-11	-762610.5517471159	2.5685514577405137e8	0.
0.000018237960159942136	1.9057966578907456e-11	-1.0089776529157779e6	3.0581506422850114e8	0.
0.000013374504117290898	1.9057966578907456e-11	-769931.1223185974	2.5845285197276792e8	0.
0.000018389943161274984	1.9057966578907456e-11	-1.0165643155704165e6	3.0718999014299124e8	0.
0.00001352648711862375	1.9057966578907456e-11	-777263.0313851179	2.6004271133390665e8	0.
0.000018541926162607836	1.9057966578907456e-11	-1.0241564543665552e6	3.085592501397052e8	0.
0.0000136784701199566	1.9057966578907456e-11	-784606.0117291677	2.616247904192621e8	0.
0.000018693909163940688	1.9057966578907456e-11	-1.0317539599012776e6	3.099228984323012e8	0.
0.000013830453121289452	1.9057966578907456e-11	-791959.8036208352	2.6319916430273303e8	0.
0.00001884589216527354	1.9057966578907456e-11	-1.0393567255101175e6	3.112809967993489e8	0.
0.000013982436122622304	1.9057966578907456e-11	-799324.1545930618	2.6476590174097973e8	0.
0.00001899787516660639	1.9057966578907456e-11	-1.04696464718728e6	3.126336008990978e8	0.
0.000014134419123955154	1.9057966578907456e-11	-806698.8192230852	2.663250718045805e8	0.
0.00001914985816793924	1.9057966578907456e-11	-1.0545776235084136e6	3.139807600963473e8	0.
0.000014286402125288006	1.9057966578907456e-11	-814083.5589199971	2.6787675128338853e8	0.
0.000019301841169272092	1.9057966578907456e-11	-1.0621955555558512e6	3.153225348804766e8	0.
0.000014438385126620856	1.9057966578907456e-11	-821478.1417183251	2.694210029667645e8	0.
0.000019453824170604944	1.9057966578907456e-11	-1.0698183468462343e6	3.1665897202439964e8	0.
0.000014590368127953708	1.9057966578907456e-11	-828882.3420775477	2.7095789723928416e8	0.
0.000019605807171937795	1.9057966578907456e-11	-1.0774459032604455e6	3.179901279796833e8	0.
0.00001474235112928656	1.9057966578907456e-11	-836295.9406874367	2.724875110326223e8	0.
0.000019757790173270647	1.9057966578907456e-11	-1.085078132975771e6	3.193160517308471e8	0.
0.00001489433413061941	1.9057966578907456e-11	-843718.7242791195	2.7400991474407846e8	0.
0.000019909773174603496	1.9057966578907456e-11	-1.0927149464002207e6	3.206367988104316e8	0.
0.000015046317131952261	1.9057966578907456e-11	-851150.4854417483	2.7552516835068977e8	0.
0.000020061756175936347	1.9057966578907456e-11	-1.100356256108932e6	3.219524227020836e8	0.
0.000015198300133285111	1.9057966578907456e-11	-858591.0224446564	2.7703335480905455e8	0.
0.0000202137391772692	1.9057966578907456e-11	-1.1080019767825883e6	3.2326297376287663e8	0.
0.00001535028313461796	1.9057966578907456e-11	-866040.1390648831	2.785345336313198e8	0.
0.00002036572217860205	1.9057966578907456e-11	-1.1156520251477875e6	3.245684932132561e8	0.
0.000020517705179934903	1.9057966578907456e-11	-1.1233063199192933e6	3.2586904536092323e8	0.
0.00002553314422391899	1.9057966578907456e-11	-1.3778445559808696e6	3.662828191801175e8	0.
0.00002066968818126775	1.9057966578907456e-11	-1.1309647817441039e6	3.271646539280872e8	0.
0.00002568512722525184	1.9057966578907456e-11	-1.3856060136615338e6	3.674393619711576e8	0.
0.000020821671182600603	1.9057966578907456e-11	-1.1386273331472855e6	3.28455391250293e8	0.
0.00002583711022658469	1.9057966578907456e-11	-1.3933697852853192e6	3.685923013352513e8	0.
0.000020973654183933455	1.9057966578907456e-11	-1.1462938984795003e6	3.2974129826361257e8	0.
0.00002598909322791754	1.9057966578907456e-11	-1.4011358344066765e6	3.697416763745897e8	0.
0.000021125637185266307	1.9057966578907456e-11	-1.1539644038661823e6	3.3102241665247655e8	0.
0.000026141076229250393	1.9057966578907456e-11	-1.4089041253201363e6	3.708875067097817e8	0.
0.00002127762018659916	1.9057966578907456e-11	-1.1616387771582997e6	3.322987950766645e8	0.
0.000026293059230583244	1.9057966578907456e-11	-1.416674623042185e6	3.720298305615091e8	0.
0.000021429603187932007	1.9057966578907456e-11	-1.169316947884653e6	3.33570474165177e8	0.
0.000026445042231916096	1.9057966578907456e-11	-1.4244472932936489e6	3.7316867768422914e8	0.
0.00002158158618926486	1.9057966578907456e-11	-1.1769988472056596e6	3.348375136017751e8	0.
0.000026597025233248945	1.9057966578907456e-11	-1.432222102482575e6	3.743040720859388e8	0.
0.00002173356919059771	1.9057966578907456e-11	-1.1846844078685672e6	3.3609994300107956e8	0.
0.000026749008234581796	1.9057966578907456e-11	-1.4399990176875952e6	3.7543604535735047e8	0.
0.000021885552191930562	1.9057966578907456e-11	-1.1923735641640592e6	3.373578111336135e8	0.
0.000026900991235914648	1.9057966578907456e-11	-1.447778006641752e6	3.7656462342388225e8	0.
0.000022037535193263414	1.9057966578907456e-11	-1.2000662518841992e6	3.386111613875003e8	0.
0.0000270529742372475	1.9057966578907456e-11	-1.455559037716779e6	3.7768984008124423e8	0.
0.000022189518194596263	1.9057966578907456e-11	-1.2077624082816674e6	3.398600361998951e8	0.
0.000027204957238580352	1.9057966578907456e-11	-1.4633420799078138e6	3.788117233802392e8	0.
0.000022341501195929114	1.9057966578907456e-11	-1.215461972030254e6	3.411044750932329e8	0.
0.0000273569402399132	1.9057966578907456e-11	-1.4711271028185387e6	3.799302923409035e8	0.
0.000022493484197261966	1.9057966578907456e-11	-1.2231648831865608e6	3.42344527896755e8	0.
0.000027508923241246052	1.9057966578907456e-11	-1.47891407664673e6	3.810455828626249e8	0.
0.000022645467198594818	1.9057966578907456e-11	-1.2308710831528716e6	3.435802275065702e8	0.
0.000027660906242578904	1.9057966578907456e-11	-1.486702972170202e6	3.8215761884849536e8	0.
0.00002279745019992767	1.9057966578907456e-11	-1.238580514641157e6	3.448116171268747e8	0.
0.000027812889243911756	1.9057966578907456e-11	-1.4944937607331406e6	3.832664243305199e8	0.
0.000022949433201260518	1.9057966578907456e-11	-1.2462931216381704e6	3.460387338850073e8	0.
0.000027964872245244608	1.9057966578907456e-11	-1.502286414232808e6	3.843720305948968e8	0.
0.00002310141620259337	1.9057966578907456e-11	-1.2540088493716056e6	3.4726162571247035e8	0.
0.000028116855246577456	1.9057966578907456e-11	-1.5100809051066083e6	3.854744637218808e8	0.
0.000023253399203926222	1.9057966578907456e-11	-1.2617276442772695e6	3.484803180465161e8	0.
0.000028268838247910308	1.9057966578907456e-11	-1.5178772063195072e6	3.8657374164930964e8	0.
0.000023405382205259074	1.9057966578907456e-11	-1.269449453967252e6	3.496948678401419e8	0.
0.00002842082124924316	1.9057966578907456e-11	-1.5256752913517882e6	3.8766989710834837e8	0.
0.000023557365206591925	1.9057966578907456e-11	-1.2771742271990457e6	3.509052944791489e8	0.
0.00002857280425057601	1.9057966578907456e-11	-1.5334751341871417e6	3.8876295547817874e8	0.
0.000023709348207924774	1.9057966578907456e-11	-1.284901913845594e6	3.5211165252945566e8	0.
0.000028724787251908863	1.9057966578907456e-11	-1.5412767093010705e6	3.8985293341834736e8	0.
0.000023861331209257626	1.9057966578907456e-11	-1.2926324648662312e6	3.533139575156068e8	0.
0.00002887677025324171	1.9057966578907456e-11	-1.5490799916496112e6	3.9093986567735136e8	0.
0.000024013314210590477	1.9057966578907456e-11	-1.3003658322784896e6	3.5451226215738e8	0.
0.000029028753254574563	1.9057966578907456e-11	-1.5568849566583484e6	3.920237638651913e8	0.
0.00002416529721192333	1.9057966578907456e-11	-1.3081019691307407e6	3.5570659909760976e8	0.
0.000029180736255907415	1.9057966578907456e-11	-1.5646915802117295e6	3.93104663980202e8	0.
0.00002431728021325618	1.9057966578907456e-11	-1.315840829475648e6	3.568970080362009e8	0.
0.000029332719257240267	1.9057966578907456e-11	-1.5724998386426542e6	3.941825871009369e8	0.
0.00002446926321458903	1.9057966578907456e-11	-1.3235823683444003e6	3.5808351742731345e8	0.
0.00002948470225857312	1.9057966578907456e-11	-1.5803097087223455e6	3.9525755741377646e8	0.
0.00002462124621592188	1.9057966578907456e-11	-1.3313265417217056e6	3.592661668059445e8	0.
0.000029636685259905967	1.9057966578907456e-11	-1.588121167650482e6	3.963295807691047e8	0.
0.000024773229217254733	1.9057966578907456e-11	-1.3390733065215137e6	3.604449825574763e8	0.
0.00002978866826123882	1.9057966578907456e-11	-1.5959341930455938e6	3.973987041149564e8	0.
0.000024925212218587585	1.9057966578907456e-11	-1.3468226205634521e6	3.6162000414066243e8	0.
0.00002994065126257167	1.9057966578907456e-11	-1.6037487629357036e6	3.9846493689331293e8	0.
0.000025077195219920433	1.9057966578907456e-11	-1.3545744425499444e6	3.627912689491255e8	0.
0.000030092634263904523	1.9057966578907456e-11	-1.611564855749216e6	3.9952830392469245e8	0.
0.000025229178221253285	1.9057966578907456e-11	-1.3623287320439948e6	3.639588058197068e8	0.
0.000030244617265237375	1.9057966578907456e-11	-1.61938245030604e6	4.0058882680320734e8	0.
0.000025381161222586137	1.9057966578907456e-11	-1.3700854494476141e6	3.6512264167624277e8	0.
0.000030396600266570223	1.9057966578907456e-11	-1.6272015258089434e6	4.016465272988371e8	0.
