# Filename	C:\Users\edmag\Documents\Work\2D-Comp-Model\computation\Turning Timeresults\2018-02-05T05-40-08.txt
# Source	C:\Users\edmag\Documents\Work\2D-Comp-Model\computation\Turning Time\turning.nb
# Note	1D calculation of turning time vs. field and orbit energy.
# Date	2018-02-05T05:40:08
# Dir	-1
# field	5.095089024156891e-11
# zi	-6.
W	field	zt	t	argt
-0.000030396600266570223	5.095089024156891e-11	-31260.40788175665	6.027801541343405e6	0.
-0.000025229178221253285	5.095089024156891e-11	-36888.55011716975	7.673244177310953e6	0.
-0.000030244617265237375	5.095089024156891e-11	-31402.496022602907	6.06795637069526e6	0.
-0.000025077195219920433	5.095089024156891e-11	-37082.906762952596	7.731964534523343e6	0.
-0.000030092634263904523	5.095089024156891e-11	-31545.819113586116	6.10853805944157e6	0.
-0.000024925212218587585	5.095089024156891e-11	-37279.186144374275	7.791385637547914e6	0.
-0.00002994065126257167	5.095089024156891e-11	-31690.392498873778	6.149549455797062e6	0.
-0.000024773229217254733	5.095089024156891e-11	-37477.414887475694	7.851520108910113e6	0.
-0.00002978866826123882	5.095089024156891e-11	-31836.231763303036	6.191000102818543e6	0.
-0.00002462124621592188	5.095089024156891e-11	-37677.62007100224	7.912377904651893e6	0.
-0.000029636685259905967	5.095089024156891e-11	-31983.35273679321	6.232894099751192e6	0.
-0.00002446926321458903	5.095089024156891e-11	-37879.82923502148	7.973970680419391e6	0.
-0.00002948470225857312	5.095089024156891e-11	-32131.77149884845	6.275239564729325e6	0.
-0.00002431728021325618	5.095089024156891e-11	-38084.070389705455	8.0363098125105295e6	0.
-0.000029332719257240267	5.095089024156891e-11	-32281.50438314973	6.3180413473483035e6	0.
-0.00002416529721192333	5.095089024156891e-11	-38290.37202428071	8.099407334167711e6	0.
-0.000029180736255907415	5.095089024156891e-11	-32432.56798224016	6.361305711288732e6	0.
-0.000024013314210590477	5.095089024156891e-11	-38498.76311614808	8.163274169461088e6	0.
-0.000029028753254574563	5.095089024156891e-11	-32584.979152304088	6.40504063235924e6	0.
-0.000023861331209257626	5.095089024156891e-11	-38709.27314017528	8.227924456458832e6	0.
-0.00002887677025324171	5.095089024156891e-11	-32738.7550180424	6.449253163589452e6	0.
-0.000023709348207924774	5.095089024156891e-11	-38921.9320781634	8.2933678962613e6	0.
-0.000028724787251908863	5.095089024156891e-11	-32893.91297764571	6.493948484520619e6	0.
-0.000023557365206591925	5.095089024156891e-11	-39136.77042849159	8.359619120884622e6	0.
-0.00002857280425057601	5.095089024156891e-11	-33050.470707868255	6.539134967078204e6	0.
-0.000023405382205259074	5.095089024156891e-11	-39353.81921594011	8.426690362684872e6	0.
-0.00002842082124924316	5.095089024156891e-11	-33208.446169202994	6.58481882265637e6	0.
-0.000023253399203926222	5.095089024156891e-11	-39573.11000169559	8.494594693131747e6	0.
-0.000028268838247910308	5.095089024156891e-11	-33367.85761116145	6.631008438266327e6	0.
-0.00002310141620259337	5.095089024156891e-11	-39794.67489353994	8.563345564077543e6	0.
-0.000028116855246577456	5.095089024156891e-11	-33528.723577659075	6.677709649462368e6	0.
-0.000022949433201260518	5.095089024156891e-11	-40018.546556225134	8.632955668067085e6	0.
-0.000027964872245244608	5.095089024156891e-11	-33691.06291250953	6.724931731927732e6	0.
-0.00002279745019992767	5.095089024156891e-11	-40244.7582220363	8.703439885556705e6	0.
-0.000027812889243911756	5.095089024156891e-11	-33854.89476502842	6.772680922837874e6	0.
-0.000022645467198594818	5.095089024156891e-11	-40473.34370154434	8.77481161834925e6	0.
-0.000027660906242578904	5.095089024156891e-11	-34020.23859575032	6.820965459409592e6	0.
-0.000022493484197261966	5.095089024156891e-11	-40704.337394550894	8.847085681143401e6	0.
-0.000027508923241246052	5.095089024156891e-11	-34187.11418226	6.869794032132853e6	0.
-0.000022341501195929114	5.095089024156891e-11	-40937.77430122658	8.92027599618919e6	0.
-0.0000273569402399132	5.095089024156891e-11	-34355.54162514034	6.91917285032282e6	0.
-0.000022189518194596263	5.095089024156891e-11	-41173.69003344498	8.9943979016143e6	0.
-0.000027204957238580352	5.095089024156891e-11	-34525.54135403998	6.9691119876307e6	0.
-0.000022037535193263414	5.095089024156891e-11	-41412.12082631324	9.06946667455049e6	0.
-0.0000270529742372475	5.095089024156891e-11	-34697.13413386148	7.019618507956557e6	0.
-0.000021885552191930562	5.095089024156891e-11	-41653.10354990113	9.145496486551967e6	0.
-0.000026900991235914648	5.095089024156891e-11	-34870.34107107386	7.070702169156842e6	0.
-0.00002173356919059771	5.095089024156891e-11	-41896.67572117001	9.222504728804493e6	0.
-0.000026749008234581796	5.095089024156891e-11	-35045.183620150325	7.122370025089377e6	0.
-0.00002158158618926486	5.095089024156891e-11	-42142.87551610204	9.300506236661727e6	0.
-0.000026597025233248945	5.095089024156891e-11	-35221.68359013515	7.174632346826556e6	0.
-0.000021429603187932007	5.095089024156891e-11	-42391.74178203177	9.37951759671192e6	0.
-0.000026445042231916096	5.095089024156891e-11	-35399.863151340236	7.227497074819148e6	0.
-0.00002127762018659916	5.095089024156891e-11	-42643.31405017983	9.459554661752349e6	0.
-0.000026293059230583244	5.095089024156891e-11	-35579.74484217549	7.280973839025885e6	0.
-0.000021125637185266307	5.095089024156891e-11	-42897.632548390204	9.54063568578755e6	0.
-0.000026141076229250393	5.095089024156891e-11	-35761.35157611407	7.335071720953562e6	0.
-0.000020973654183933455	5.095089024156891e-11	-43154.738214070356	9.622776897729775e6	0.
-0.00002598909322791754	5.095089024156891e-11	-35944.70664879576	7.389800121786844e6	0.
-0.000020821671182600603	5.095089024156891e-11	-43414.67270733577	9.705995980389733e6	0.
-0.00002583711022658469	5.095089024156891e-11	-36129.833745270524	7.44516925137006e6	0.
-0.00002066968818126775	5.095089024156891e-11	-43677.47842435753	9.79031071708996e6	0.
-0.00002568512722525184	5.095089024156891e-11	-36316.75694738464	7.501187862701945e6	0.
-0.000020517705179934903	5.095089024156891e-11	-43943.198510913266	9.87573909279484e6	0.
-0.00002553314422391899	5.095089024156891e-11	-36505.50074131234	7.55786617552244e6	0.
-0.00002036572217860205	5.095089024156891e-11	-44211.87687614063	9.962299743529532e6	0.
-0.000025381161222586137	5.095089024156891e-11	-36696.09002523487	7.615214773471078e6	0.
-0.0000202137391772692	5.095089024156891e-11	-44483.55820649223	1.005001186713225e7	0.
-0.000020061756175936347	5.095089024156891e-11	-44758.28797989077	1.0138893919403544e7	0.
-0.00001489433413061941	5.095089024156891e-11	-56297.59884802133	1.4019508086361354e7	0.
-0.000019909773174603496	5.095089024156891e-11	-45036.11248008292	1.0228965538799811e7	0.
-0.00001474235112928656	5.095089024156891e-11	-56714.96926403866	1.416451181786825e7	0.
-0.000019757790173270647	5.095089024156891e-11	-45317.07881118959	1.0320246314353565e7	0.
-0.000014590368127953708	5.095089024156891e-11	-57137.68518778085	1.4311652321283778e7	0.
-0.000019605807171937795	5.095089024156891e-11	-45601.234912450374	1.041275749388504e7	0.
-0.000014438385126620856	5.095089024156891e-11	-57565.83263479174	1.4460965518531613e7	0.
-0.000019453824170604944	5.095089024156891e-11	-45888.629573158934	1.0506518544788266e7	0.
-0.000014286402125288006	5.095089024156891e-11	-57999.49902462146	1.461248790959454e7	0.
-0.000019301841169272092	5.095089024156891e-11	-46179.31244778673	1.060155109288344e7	0.
-0.000014134419123955154	5.095089024156891e-11	-58438.77319440779	1.476625578168074e7	0.
-0.00001914985816793924	5.095089024156891e-11	-46473.33407129032	1.0697876422808815e7	0.
-0.000013982436122622304	5.095089024156891e-11	-58883.74541190359	1.4922306335445026e7	0.
-0.00001899787516660639	5.095089024156891e-11	-46770.74587459857	1.0795516256930364e7	0.
-0.000013830453121289452	5.095089024156891e-11	-59334.507387898775	1.50806781145737e7	0.
-0.00001884589216527354	5.095089024156891e-11	-47071.60020027458	1.0894491923318133e7	0.
-0.0000136784701199566	5.095089024156891e-11	-59791.15228798269	1.5241408380952705e7	0.
-0.000018693909163940688	5.095089024156891e-11	-47375.95031834701	1.0994827080792908e7	0.
-0.00001352648711862375	5.095089024156891e-11	-60253.77474359099	1.5404536739598513e7	0.
-0.000018541926162607836	5.095089024156891e-11	-47683.85044230422	1.1096544235577162e7	0.
-0.000013374504117290898	5.095089024156891e-11	-60722.470862277136	1.5570101925815443e7	0.
-0.000018389943161274984	5.095089024156891e-11	-47995.355745245106	1.1199665761602404e7	0.
-0.000013222521115958048	5.095089024156891e-11	-61197.33823714773	1.5738144388487194e7	0.
-0.000018237960159942136	5.095089024156891e-11	-48310.52237617879	1.1304217044079587e7	0.
-0.000013070538114625196	5.095089024156891e-11	-61678.47595539681	1.5908703661689235e7	0.
-0.000018085977158609284	5.095089024156891e-11	-48629.40747646466	1.1410220648732198e7	0.
-0.000012918555113292345	5.095089024156891e-11	-62165.98460587283	1.6081821386846477e7	0.
-0.000017933994157276432	5.095089024156891e-11	-48952.069196384386	1.1517701783470271e7	0.
-0.000012766572111959494	5.095089024156891e-11	-62659.96628560807	1.6257537453987671e7	0.
-0.00001778201115594358	5.095089024156891e-11	-49278.56671183565	1.162668642200074e7	0.
-0.000012614589110626643	5.095089024156891e-11	-63160.524605239254	1.6435894566039536e7	0.
-0.00001763002815461073	5.095089024156891e-11	-49608.96024113668	1.1737199042420065e7	0.
-0.000012462606109293792	5.095089024156891e-11	-63667.7646932434	1.6616935516581012e7	0.
-0.00001747804515327788	5.095089024156891e-11	-49943.31106193063	1.1849265011340981e7	0.
-0.00001231062310796094	5.095089024156891e-11	-64181.79319891209	1.6800701434119437e7	0.
-0.00001732606215194503	5.095089024156891e-11	-50281.681528176734	1.1962912053461056e7	0.
-0.00001215864010662809	5.095089024156891e-11	-64702.71829398397	1.69872360267529e7	0.
-0.000017174079150612177	5.095089024156891e-11	-50624.13508721426	1.2078165345557867e7	0.
-0.000012006657105295239	5.095089024156891e-11	-65230.64967285227	1.7176582971772533e7	0.
-0.000017022096149279325	5.095089024156891e-11	-50970.736296885676	1.2195053711380662e7	0.
-0.000011854674103962387	5.095089024156891e-11	-65765.69855126229	1.7368786296146538e7	0.
-0.000016870113147946473	5.095089024156891e-11	-51321.550842701836	1.2313604146686185e7	0.
-0.000011702691102629537	5.095089024156891e-11	-66307.97766341103	1.7563889662442885e7	0.
-0.000016718130146613624	5.095089024156891e-11	-51676.645555033334	1.243384482237847e7	0.
-0.000011550708101296685	5.095089024156891e-11	-66857.6012573587	1.7761937760839343e7	0.
-0.000016566147145280773	5.095089024156891e-11	-52036.08842630909	1.2555804363518054e7	0.
-0.000011398725099963835	5.095089024156891e-11	-67414.68508865952	1.7962975966851167e7	0.
-0.00001641416414394792	5.095089024156891e-11	-52399.948628202896	1.2679512630962687e7	0.
-0.000011246742098630983	5.095089024156891e-11	-67979.34641211707	1.8167049978280246e7	0.
-0.00001626218114261507	5.095089024156891e-11	-52768.29652878676	1.2804998193178643e7	0.
-0.000011094759097298131	5.095089024156891e-11	-68551.70397156742	1.837420443504828e7	0.
-0.000016110198141282217	5.095089024156891e-11	-53141.203709629335	1.2932292069319323e7	0.
-0.000010942776095965281	5.095089024156891e-11	-69131.87798759167	1.8584485798372325e7	0.
-0.00001595821513994937	5.095089024156891e-11	-53518.74298281466	1.3061424575691847e7	0.
-0.00001079079309463243	5.095089024156891e-11	-69719.99014305706	1.8797940949237306e7	0.
-0.000015806232138616517	5.095089024156891e-11	-53900.98840785682	1.3192426445554454e7	0.
-0.00001063881009329958	5.095089024156891e-11	-70316.16356638499	1.9014615030572813e7	0.
-0.000015654249137283665	5.095089024156891e-11	-54288.01530848287	1.3325329568114365e7	0.
-0.000010486827091966727	5.095089024156891e-11	-70920.52281244335	1.9234555787018627e7	0.
-0.000015502266135950813	5.095089024156891e-11	-54679.90028925569	1.3460166047162391e7	0.
-0.000010334844090633876	5.095089024156891e-11	-71533.1938409581	1.9457809399353642e7	0.
-0.00001535028313461796	5.095089024156891e-11	-55076.721252006304	1.3596969229570469e7	0.
-0.000010182861089301025	5.095089024156891e-11	-72154.30399234043	1.9684423124360316e7	0.
-0.000015198300133285111	5.095089024156891e-11	-55478.557412043214	1.373577101038857e7	0.
-0.000010030878087968174	5.095089024156891e-11	-72783.98196082354	1.9914444192618243e7	0.
-0.000015046317131952261	5.095089024156891e-11	-55885.48931410528	1.3876605726358121e7	0.
-9.878895086635324e-6	5.095089024156891e-11	-73422.35776480433	2.014791958832357e7	0.
-9.726912085302472e-6	5.095089024156891e-11	-74069.5627142852	2.0384896394844748e7	0.
-4.559490039985534e-6	5.095089024156891e-11	-102323.24467853822	3.0840071370898087e7	0.
-9.57492908396962e-6	5.095089024156891e-11	-74725.72937531193	2.062542254086003e7	0.
-4.407507038652682e-6	5.095089024156891e-11	-103367.82817579785	3.1225756197144665e7	0.
-9.42294608263677e-6	5.095089024156891e-11	-75390.99153130474	2.0869544353209045e7	0.
-4.255524037319831e-6	5.095089024156891e-11	-104426.26282137238	3.1616192513235975e7	0.
-9.270963081303918e-6	5.095089024156891e-11	-76065.48414118218	2.1117309304145314e7	0.
-4.10354103598698e-6	5.095089024156891e-11	-105498.67205734758	3.201138712028625e7	0.
-9.118980079971068e-6	5.095089024156891e-11	-76749.34329417832	2.13687646070022e7	0.
-3.951558034654129e-6	5.095089024156891e-11	-106585.17674251656	3.2411342412018433e7	0.
-8.966997078638216e-6	5.095089024156891e-11	-77442.70616125794	2.162395629812584e7	0.
-3.799575033321278e-6	5.095089024156891e-11	-107685.89499804917	3.281605888779584e7	0.
-8.815014077305364e-6	5.095089024156891e-11	-78145.71094303703	2.1882932290299594e7	0.
-3.647592031988427e-6	5.095089024156891e-11	-108800.9420535389	3.322553460339031e7	0.
-8.663031075972514e-6	5.095089024156891e-11	-78858.49681411992	2.2145737326677263e7	0.
-3.495609030655576e-6	5.095089024156891e-11	-109930.43009383291	3.363976472370769e7	0.
-8.511048074639662e-6	5.095089024156891e-11	-79581.20386376984	2.241241840638685e7	0.
-3.3436260293227246e-6	5.095089024156891e-11	-111074.46810706207	3.405874115655294e7	0.
-8.359065073306812e-6	5.095089024156891e-11	-80313.97303283364	2.268302046811726e7	0.
-3.1916430279898736e-6	5.095089024156891e-11	-112233.16173429815	3.448245426488304e7	0.
-8.20708207197396e-6	5.095089024156891e-11	-81056.94604684933	2.2957589457328394e7	0.
-3.0396600266570226e-6	5.095089024156891e-11	-113406.61312127333	3.491088964852874e7	0.
-8.055099070641109e-6	5.095089024156891e-11	-81810.26534526986	2.3236169178058717e7	0.
-2.8876770253241713e-6	5.095089024156891e-11	-114594.92077260396	3.534403248505162e7	0.
-7.903116069308259e-6	5.095089024156891e-11	-82574.0740067464	2.351880507852908e7	0.
-2.7356940239913203e-6	5.095089024156891e-11	-115798.17940896377	3.578186312551658e7	0.
-7.751133067975407e-6	5.095089024156891e-11	-83348.51567042054	2.380553846149665e7	0.
-2.583711022658469e-6	5.095089024156891e-11	-117016.47982765526	3.622436034948543e7	0.
-7.599150066642556e-6	5.095089024156891e-11	-84133.73445318609	2.409641379054288e7	0.
-2.431728021325618e-6	5.095089024156891e-11	-118249.90876702579	3.667149788467833e7	0.
-7.447167065309705e-6	5.095089024156891e-11	-84929.87486288928	2.4391472226346843e7	0.
-2.279745019992767e-6	5.095089024156891e-11	-119498.5487751744	3.7123248766198084e7	0.
-7.295184063976854e-6	5.095089024156891e-11	-85737.08170744883	2.4690755248120338e7	0.
-2.1277620186599156e-6	5.095089024156891e-11	-120762.47808338802	3.757958223975584e7	0.
-7.143201062644003e-6	5.095089024156891e-11	-86555.49999988747	2.4994301781290013e7	0.
-1.9757790173270646e-6	5.095089024156891e-11	-122041.77048474031	3.804046424555442e7	0.
-6.991218061311152e-6	5.095089024156891e-11	-87385.27485928049	2.530215324378562e7	0.
-1.8237960159942135e-6	5.095089024156891e-11	-123336.49521827458	3.850585783736311e7	0.
-6.8392350599783e-6	5.095089024156891e-11	-88226.5514076385	2.5614346105922177e7	0.
-1.6718130146613623e-6	5.095089024156891e-11	-124646.71685918067	3.897572352801858e7	0.
-6.687252058645449e-6	5.095089024156891e-11	-89079.47466275813	2.5930918184987407e7	0.
-1.5198300133285113e-6	5.095089024156891e-11	-125972.49521535999	3.94500181645217e7	0.
-6.535269057312598e-6	5.095089024156891e-11	-89944.18942708692	2.6251905575584903e7	0.
-1.3678470119956601e-6	5.095089024156891e-11	-127313.88523075558	3.9928696530862264e7	0.
-6.383286055979747e-6	5.095089024156891e-11	-90820.8401726661	2.657734104376776e7	0.
-1.215864010662809e-6	5.095089024156891e-11	-128670.93689580391	4.041170995386378e7	0.
-6.231303054646896e-6	5.095089024156891e-11	-91709.5709222311	2.690725948050997e7	0.
-1.0638810093299578e-6	5.095089024156891e-11	-130043.69516534307	4.0899007181869656e7	0.
-6.079320053314045e-6	5.095089024156891e-11	-92610.52512656596	2.7241692240863346e7	0.
-9.118980079971067e-7	5.095089024156891e-11	-131432.1998842869	4.1390533411756575e7	0.
-5.9273370519811935e-6	5.095089024156891e-11	-93523.84553822679	2.758066951063452e7	0.
-7.599150066642557e-7	5.095089024156891e-11	-132836.48572134908	4.188623254691289e7	0.
-5.7753540506483425e-6	5.095089024156891e-11	-94449.67408176708	2.7924219173443418e7	0.
-6.079320053314045e-7	5.095089024156891e-11	-134256.5821110712	4.2386044481813684e7	0.
-5.6233710493154915e-6	5.095089024156891e-11	-95388.15172061691	2.8272369058582474e7	0.
-4.5594900399855336e-7	5.095089024156891e-11	-135692.51320438026	4.288990671723144e7	0.
-5.4713880479826406e-6	5.095089024156891e-11	-96339.4183207866	2.862514323288271e7	0.
-3.0396600266570224e-7	5.095089024156891e-11	-137144.29782786756	4.339775450226989e7	0.
-5.31940504664979e-6	5.095089024156891e-11	-97303.61251158637	2.8982565570347562e7	0.
-1.5198300133285112e-7	5.095089024156891e-11	-138611.94945194927	4.390952026064282e7	0.
-5.167422045316938e-6	5.095089024156891e-11	-98280.87154357163	2.934465743538999e7	0.
0.	5.095089024156891e-11	-140095.47616803367	4.442513464619022e7	0.
-5.015439043984087e-6	5.095089024156891e-11	-99271.33114394499	2.971143761535603e7	0.
1.5198300133285112e-7	5.095089024156891e-11	-141594.880674785	4.4944524831205085e7	0.
-4.863456042651236e-6	5.095089024156891e-11	-100275.12536966505	3.0082924221191492e7	0.
3.0396600266570224e-7	5.095089024156891e-11	-143110.16027353896	4.5467616730762e7	0.
-4.711473041318385e-6	5.095089024156891e-11	-101292.38645853169	3.0459130701672155e7	0.
5.4713880479826406e-6	5.095089024156891e-11	-203724.94234287212	6.483149002395782e7	0.
4.5594900399855336e-7	5.095089024156891e-11	-144641.3068728874	4.5994334253340736e7	0.
5.6233710493154915e-6	5.095089024156891e-11	-205756.60696553814	6.542812100380778e7	0.
6.079320053314045e-7	5.095089024156891e-11	-146188.30700241402	4.652459722725634e7	0.
5.7753540506483425e-6	5.095089024156891e-11	-207801.06054952397	6.6025229389144406e7	0.
7.599150066642557e-7	5.095089024156891e-11	-147751.1418355276	4.705832734382135e7	0.
5.9273370519811935e-6	5.095089024156891e-11	-209858.1632288194	6.662274279127062e7	0.
9.118980079971067e-7	5.095089024156891e-11	-149329.78722130117	4.759544092819488e7	0.
6.079320053314045e-6	5.095089024156891e-11	-211927.7740399943	6.722057831762344e7	0.
1.0638810093299578e-6	5.095089024156891e-11	-150924.21372519303	4.813585345297898e7	0.
6.231303054646896e-6	5.095089024156891e-11	-214009.75105849517	6.78186617005037e7	0.
1.215864010662809e-6	5.095089024156891e-11	-152534.3866784896	4.867947983514541e7	0.
6.383286055979747e-6	5.095089024156891e-11	-216103.95153176587	6.841691785582119e7	0.
1.3678470119956601e-6	5.095089024156891e-11	-154160.26623627695	4.922623238179211e7	0.
6.535269057312598e-6	5.095089024156891e-11	-218210.23200902238	6.901527415372457e7	0.
1.5198300133285113e-6	5.095089024156891e-11	-155801.8074437171	4.977602382414569e7	0.
6.687252058645449e-6	5.095089024156891e-11	-220328.4484675293	6.961365743516237e7	0.
1.6718130146613623e-6	5.095089024156891e-11	-157458.96031037346	5.032876221175826e7	0.
6.8392350599783e-6	5.095089024156891e-11	-222458.4564352454	7.021200108267905e7	0.
1.8237960159942135e-6	5.095089024156891e-11	-159131.6698923031	5.088435805875124e7	0.
6.991218061311152e-6	5.095089024156891e-11	-224600.1111097231	7.081023448076008e7	0.
1.9757790173270646e-6	5.095089024156891e-11	-160819.87638160452	5.144271895679212e7	0.
7.143201062644003e-6	5.095089024156891e-11	-226753.26747316576	7.140829137764941e7	0.
2.1277620186599156e-6	5.095089024156891e-11	-162523.51520308794	5.20037524606663e7	0.
7.295184063976854e-6	5.095089024156891e-11	-228917.78040356282	7.20061094421756e7	0.
2.279745019992767e-6	5.095089024156891e-11	-164242.51711771006	5.2567364233878784e7	0.
7.447167065309705e-6	5.095089024156891e-11	-231093.50478183897	7.260362335156965e7	0.
2.431728021325618e-6	5.095089024156891e-11	-165976.80833239714	5.31334596662151e7	0.
7.599150066642556e-6	5.095089024156891e-11	-233280.2955949715	7.320077491180296e7	0.
2.583711022658469e-6	5.095089024156891e-11	-167726.31061586228	5.370194545025689e7	0.
7.751133067975407e-6	5.095089024156891e-11	-235478.00803504165	7.379750194452457e7	0.
2.7356940239913203e-6	5.095089024156891e-11	-169490.94142000654	5.427272582715435e7	0.
7.903116069308259e-6	5.095089024156891e-11	-237686.49759420328	7.439374957564911e7	0.
2.8876770253241713e-6	5.095089024156891e-11	-171270.6140064824	5.484570572324352e7	0.
8.055099070641109e-6	5.095089024156891e-11	-239905.62015556238	7.49894582616407e7	0.
3.0396600266570226e-6	5.095089024156891e-11	-173065.23757798751	5.542078896300459e7	0.
8.20708207197396e-6	5.095089024156891e-11	-242135.23207997758	7.558457760781388e7	0.
3.1916430279898736e-6	5.095089024156891e-11	-174874.717413848	5.599787966970508e7	0.
8.359065073306812e-6	5.095089024156891e-11	-244375.1902887976	7.617905352061544e7	0.
3.3436260293227246e-6	5.095089024156891e-11	-176698.95500944767	5.6576884948024966e7	0.
8.511048074639662e-6	5.095089024156891e-11	-246625.3523425695	7.677283686945346e7	0.
3.495609030655576e-6	5.095089024156891e-11	-178537.8482190542	5.715770621128142e7	0.
8.663031075972514e-6	5.095089024156891e-11	-248885.57651575533	7.736587775228761e7	0.
3.647592031988427e-6	5.095089024156891e-11	-180391.2914015959	5.77402501881947e7	0.
8.815014077305364e-6	5.095089024156891e-11	-251155.7218675081	7.795812673059367e7	0.
3.799575033321278e-6	5.095089024156891e-11	-182259.1755689419	5.832442311969782e7	0.
8.966997078638216e-6	5.095089024156891e-11	-253435.64830856473	7.854954112595564e7	0.
3.951558034654129e-6	5.095089024156891e-11	-184141.388536245	5.891013037703963e7	0.
9.118980079971068e-6	5.095089024156891e-11	-255725.21666432085	7.914007596533291e7	0.
4.10354103598698e-6	5.095089024156891e-11	-186037.8150739117	5.949727739493576e7	0.
9.270963081303918e-6	5.095089024156891e-11	-258024.2887341604	7.972968890581149e7	0.
4.255524037319831e-6	5.095089024156891e-11	-187948.33706077223	6.008577330170093e7	0.
9.42294608263677e-6	5.095089024156891e-11	-260332.72734711863	8.031833832577305e7	0.
4.407507038652682e-6	5.095089024156891e-11	-189872.8336380334	6.0675526609544516e7	0.
9.57492908396962e-6	5.095089024156891e-11	-262650.39641396154	8.09059870970269e7	0.
4.559490039985534e-6	5.095089024156891e-11	-191811.18136360947	6.126644508093358e7	0.
9.726912085302472e-6	5.095089024156891e-11	-264977.16097577056	8.149259596450157e7	0.
4.711473041318385e-6	5.095089024156891e-11	-193763.25436643866	6.185844030889916e7	0.
9.878895086635324e-6	5.095089024156891e-11	-267312.8872491254	8.207812954834622e7	0.
4.863456042651236e-6	5.095089024156891e-11	-195728.9245004077	6.245142284455366e7	0.
0.000010030878087968174	5.095089024156891e-11	-269657.4426679803	8.26625519453969e7	0.
5.015439043984087e-6	5.095089024156891e-11	-197708.0614975234	6.304530464349386e7	0.
0.000010182861089301025	5.095089024156891e-11	-272010.69592233293	8.324583173762238e7	0.
5.167422045316938e-6	5.095089024156891e-11	-199700.5331199857	6.363999926972097e7	0.
0.000010334844090633876	5.095089024156891e-11	-274372.51699378627	8.382793577863355e7	0.
5.31940504664979e-6	5.095089024156891e-11	-201706.20531083617	6.423542287746845e7	0.
0.000010486827091966727	5.095089024156891e-11	-276742.77718810725	8.440883419263405e7	0.
0.000015502266135950813	5.095089024156891e-11	-358938.88501849794	1.027724728052452e8	0.
0.00001063881009329958	5.095089024156891e-11	-279121.3491648846	8.498849796632482e7	0.
0.000015654249137283665	5.095089024156891e-11	-361529.9312605608	1.0330229060919265e8	0.
0.00001079079309463243	5.095089024156891e-11	-281508.10696439235	8.556689947327535e7	0.
0.000015806232138616517	5.095089024156891e-11	-364125.8355827705	1.0383048843286486e8	0.
0.000010942776095965281	5.095089024156891e-11	-283902.92603176273	8.614401193071565e7	0.
0.00001595821513994937	5.095089024156891e-11	-366726.5213805641	1.0435706496755272e8	0.
0.000011094759097298131	5.095089024156891e-11	-286305.6832385741	8.671981070624925e7	0.
0.000016110198141282217	5.095089024156891e-11	-369331.91333021445	1.0488202203779833e8	0.
0.000011246742098630983	5.095089024156891e-11	-288716.2569019595	8.729427204748952e7	0.
0.00001626218114261507	5.095089024156891e-11	-371941.9373722075	1.0540535925175174e8	0.
0.000011398725099963835	5.095089024156891e-11	-291134.52680133766	8.786737406367323e7	0.
0.00001641416414394792	5.095089024156891e-11	-374556.52069445944	1.059270837158839e8	0.
0.000011550708101296685	5.095089024156891e-11	-293560.37419287255	8.843909464074105e7	0.
0.000016566147145280773	5.095089024156891e-11	-377175.5917154013	1.0644718951811068e8	0.
0.000011702691102629537	5.095089024156891e-11	-295993.6818217606	8.900941299920538e7	0.
0.000016718130146613624	5.095089024156891e-11	-379799.08006696124	1.0696568604218481e8	0.
0.000011854674103962387	5.095089024156891e-11	-298434.33393244754	8.957831041066132e7	0.
0.000016870113147946473	5.095089024156891e-11	-382426.9165774654	1.0748257422320458e8	0.
0.000012006657105295239	5.095089024156891e-11	-300882.21627687325	9.014576840324685e7	0.
0.000017022096149279325	5.095089024156891e-11	-385059.03325448505	1.0799785747782323e8	0.
0.00001215864010662809	5.095089024156891e-11	-303337.2161208407	9.071177086100568e7	0.
0.000017174079150612177	5.095089024156891e-11	-387695.36326764926	1.0851153358618116e8	0.
0.00001231062310796094	5.095089024156891e-11	-305799.22224860446	9.127630226588802e7	0.
0.00001732606215194503	5.095089024156891e-11	-390335.8409314475	1.0902361491652802e8	0.
0.000012462606109293792	5.095089024156891e-11	-308268.1249657715	9.183934484157199e7	0.
0.00001747804515327788	5.095089024156891e-11	-392980.40168803715	1.0953409948140007e8	0.
0.000012614589110626643	5.095089024156891e-11	-310743.8161006031	9.240088836335969e7	0.
0.00001763002815461073	5.095089024156891e-11	-395628.9820900789	1.1004299418543021e8	0.
0.000012766572111959494	5.095089024156891e-11	-313226.1890038076	9.296091687743382e7	0.
0.00001778201115594358	5.095089024156891e-11	-398281.5197836135	1.1055029935575673e8	0.
0.000012918555113292345	5.095089024156891e-11	-315715.13854690804	9.35194181914154e7	0.
0.000017933994157276432	5.095089024156891e-11	-400937.95349099796	1.1105602380316739e8	0.
0.000013070538114625196	5.095089024156891e-11	-318210.5611192677	9.40763821175001e7	0.
0.000018085977158609284	5.095089024156891e-11	-403598.2229939139	1.115601720334016e8	0.
0.000013222521115958048	5.095089024156891e-11	-320712.3546238544	9.46317997575617e7	0.
0.000018237960159942136	5.095089024156891e-11	-406262.26911646384	1.1206275000015746e8	0.
0.000013374504117290898	5.095089024156891e-11	-323220.4184718195	9.518565893533914e7	0.
0.000018389943161274984	5.095089024156891e-11	-408930.03370836575	1.1256375794462802e8	0.
0.00001352648711862375	5.095089024156891e-11	-325734.65357596905	9.573795086591798e7	0.
0.000018541926162607836	5.095089024156891e-11	-411601.4596282606	1.1306320716691233e8	0.
0.0000136784701199566	5.095089024156891e-11	-328254.96234319644	9.628866913316295e7	0.
0.000018693909163940688	5.095089024156891e-11	-414276.4907271392	1.1356110007681383e8	0.
0.000013830453121289452	5.095089024156891e-11	-330781.2486659483	9.68378064257139e7	0.
0.00001884589216527354	5.095089024156891e-11	-416955.0718319025	1.1405744321098271e8	0.
0.000013982436122622304	5.095089024156891e-11	-333313.4179127888	9.738535435011058e7	0.
0.00001899787516660639	5.095089024156891e-11	-419637.1487290622	1.1455224255645213e8	0.
0.000014134419123955154	5.095089024156891e-11	-335851.3769181287	9.793130709744193e7	0.
0.00001914985816793924	5.095089024156891e-11	-422322.66814858955	1.1504550345842901e8	0.
0.000014286402125288006	5.095089024156891e-11	-338395.0339711781	9.847566190847301e7	0.
0.000019301841169272092	5.095089024156891e-11	-425011.57774792163	1.1553723302908105e8	0.
0.000014438385126620856	5.095089024156891e-11	-340944.298804184	9.90184106172422e7	0.
0.000019453824170604944	5.095089024156891e-11	-427703.8260961296	1.1602743904386872e8	0.
0.000014590368127953708	5.095089024156891e-11	-343499.08258000884	9.95595512144143e7	0.
0.000019605807171937795	5.095089024156891e-11	-430399.3626582568	1.1651612664954914e8	0.
0.00001474235112928656	5.095089024156891e-11	-346059.29787910235	1.0009908158323956e8	0.
0.000019757790173270647	5.095089024156891e-11	-433098.13777983177	1.1700330154115495e8	0.
0.00001489433413061941	5.095089024156891e-11	-348624.8586859208	1.0063699757449079e8	0.
0.000019909773174603496	5.095089024156891e-11	-435800.1026715607	1.1748897132926944e8	0.
0.000015046317131952261	5.095089024156891e-11	-351195.68037484045	1.0117329573065794e8	0.
0.000020061756175936347	5.095089024156891e-11	-438505.2093942043	1.1797314379018348e8	0.
0.000015198300133285111	5.095089024156891e-11	-353771.6796956141	1.0170797527957119e8	0.
0.0000202137391772692	5.095089024156891e-11	-441213.41084364144	1.1845582208273354e8	0.
0.00001535028313461796	5.095089024156891e-11	-356352.77475841285	1.02241034876922e8	0.
0.00002036572217860205	5.095089024156891e-11	-443924.66073612554	1.189370178195302e8	0.
0.000020517705179934903	5.095089024156891e-11	-446638.913593734	1.1941673822348778e8	0.
0.00002553314422391899	5.095089024156891e-11	-537637.9461777114	1.3446781314333522e8	0.
0.00002066968818126775	5.095089024156891e-11	-449356.12473001383	1.1989498565085867e8	0.
0.00002568512722525184	5.095089024156891e-11	-540432.1336066194	1.3490179849187917e8	0.
0.000020821671182600603	5.095089024156891e-11	-452076.2502358278	1.2037177131143887e8	0.
0.00002583711022658469	5.095089024156891e-11	-543228.1416273409	1.353345701479584e8	0.
0.000020973654183933455	5.095089024156891e-11	-454799.2469653981	1.2084709979601693e8	0.
0.00002598909322791754	5.095089024156891e-11	-546025.9457537018	1.3576613816555253e8	0.
0.000021125637185266307	5.095089024156891e-11	-457525.0725225537	1.2132098181860948e8	0.
0.000026141076229250393	5.095089024156891e-11	-548825.521903856	1.3619650916311908e8	0.
0.00002127762018659916	5.095089024156891e-11	-460253.685247179	1.217934230353358e8	0.
0.000026293059230583244	5.095089024156891e-11	-551626.8463927531	1.3662569035902023e8	0.
0.000021429603187932007	5.095089024156891e-11	-462985.04420186667	1.2226443187836148e8	0.
0.000026445042231916096	5.095089024156891e-11	-554429.8959247535	1.3705368830180088e8	0.
0.00002158158618926486	5.095089024156891e-11	-465719.1091587726	1.2273401415807162e8	0.
0.000026597025233248945	5.095089024156891e-11	-557234.6475863841	1.374805118540282e8	0.
0.00002173356919059771	5.095089024156891e-11	-468455.8405866764	1.2320217917042196e8	0.
0.000026749008234581796	5.095089024156891e-11	-560041.078839235	1.3790616830032483e8	0.
0.000021885552191930562	5.095089024156891e-11	-471195.1996382431	1.2366893095983168e8	0.
0.000026900991235914648	5.095089024156891e-11	-562849.1675129943	1.3833066319406176e8	0.
0.000022037535193263414	5.095089024156891e-11	-473937.148137491	1.2413428231645471e8	0.
0.0000270529742372475	5.095089024156891e-11	-565658.8917986176	1.3875400226443756e8	0.
0.000022189518194596263	5.095089024156891e-11	-476681.6485674584	1.2459823669954029e8	0.
0.000027204957238580352	5.095089024156891e-11	-568470.2302416319	1.3917619776641226e8	0.
0.000022341501195929114	5.095089024156891e-11	-479428.6640580757	1.250608042320416e8	0.
0.0000273569402399132	5.095089024156891e-11	-571283.1617355678	1.3959725398456293e8	0.
0.000022493484197261966	5.095089024156891e-11	-482178.15837423573	1.2552199173497683e8	0.
0.000027508923241246052	5.095089024156891e-11	-574097.6655155232	1.4001717640179732e8	0.
0.000022645467198594818	5.095089024156891e-11	-484930.0959040649	1.2598180697013982e8	0.
0.000027660906242578904	5.095089024156891e-11	-576913.7211518493	1.4043597422750178e8	0.
0.00002279745019992767	5.095089024156891e-11	-487684.4416473926	1.2644025765642357e8	0.
0.000027812889243911756	5.095089024156891e-11	-579731.308543963	1.40853653020764e8	0.
0.000022949433201260518	5.095089024156891e-11	-490441.16120441706	1.2689735144030182e8	0.
0.000027964872245244608	5.095089024156891e-11	-582550.40791428	1.4127022254255643e8	0.
0.00002310141620259337	5.095089024156891e-11	-493200.2207645676	1.2735309695099962e8	0.
0.000028116855246577456	5.095089024156891e-11	-585370.9998022651	1.416856845787506e8	0.
0.000023253399203926222	5.095089024156891e-11	-495961.58709555893	1.2780749865430146e8	0.
0.000028268838247910308	5.095089024156891e-11	-588193.0650586032	1.4210005108185998e8	0.
0.000023405382205259074	5.095089024156891e-11	-498725.2275326392	1.2826056979777506e8	0.
0.00002842082124924316	5.095089024156891e-11	-591016.5848394805	1.4251332601737782e8	0.
0.000023557365206591925	5.095089024156891e-11	-501491.10996802646	1.2871231343998441e8	0.
0.00002857280425057601	5.095089024156891e-11	-593841.5406009814	1.4292551757022786e8	0.
0.000023709348207924774	5.095089024156891e-11	-504259.2028405339	1.2916273798343287e8	0.
0.000028724787251908863	5.095089024156891e-11	-596667.9140935946	1.4333663013052854e8	0.
0.000023861331209257626	5.095089024156891e-11	-507029.4751253815	1.296118528445022e8	0.
0.00002887677025324171	5.095089024156891e-11	-599495.687356827	1.4374667437768054e8	0.
0.000024013314210590477	5.095089024156891e-11	-509801.8963241901	1.300596649049648e8	0.
0.000029028753254574563	5.095089024156891e-11	-602324.8427139244	1.4415564985136846e8	0.
0.00002416529721192333	5.095089024156891e-11	-512576.43645515834	1.3050618182099281e8	0.
0.000029180736255907415	5.095089024156891e-11	-605155.3627666963	1.4456357386121497e8	0.
0.00002431728021325618	5.095089024156891e-11	-515353.06604341883	1.3095141129225565e8	0.
0.000029332719257240267	5.095089024156891e-11	-607987.2303904415	1.449704437607448e8	0.
0.00002446926321458903	5.095089024156891e-11	-518131.7561115705	1.3139536092372552e8	0.
0.00002948470225857312	5.095089024156891e-11	-610820.4287289759	1.4537626753089875e8	0.
0.00002462124621592188	5.095089024156891e-11	-520912.478170387	1.3183803841715528e8	0.
0.000029636685259905967	5.095089024156891e-11	-613654.9411897563	1.4578105356137887e8	0.
0.000024773229217254733	5.095089024156891e-11	-523695.2042096962	1.3227945136303219e8	0.
0.00002978866826123882	5.095089024156891e-11	-616490.7514391019	1.4618481069232923e8	0.
0.000024925212218587585	5.095089024156891e-11	-526479.9066894305	1.3271960734870021e8	0.
0.00002994065126257167	5.095089024156891e-11	-619327.8433975084	1.4658754295448735e8	0.
0.000025077195219920433	5.095089024156891e-11	-529266.5585308445	1.3315851491003525e8	0.
0.000030092634263904523	5.095089024156891e-11	-622166.2012350564	1.469892528674466e8	0.
0.000025229178221253285	5.095089024156891e-11	-532055.1331078974	1.335961797345052e8	0.
0.000030244617265237375	5.095089024156891e-11	-625005.8093669089	1.4738995035472447e8	0.
0.000025381161222586137	5.095089024156891e-11	-534845.6042387983	1.3403261029473811e8	0.
0.000030396600266570223	5.095089024156891e-11	-627846.6524488983	1.47789644231717e8	0.
