# Filename	C:\Users\edmag\Documents\Work\2D-Comp-Model\computation\Turning Timeresults\2018-02-05T05-34-59.txt
# Source	C:\Users\edmag\Documents\Work\2D-Comp-Model\computation\Turning Time\turning.nb
# Note	1D calculation of turning time vs. field and orbit energy.
# Date	2018-02-05T05:34:59
# Dir	-1
# field	3.2865268896279184e-11
# zi	-6.
W	field	zt	t	argt
-0.000030396600266570223	3.2865268896279184e-11	-31804.72302975714	6.223071493656096e6	0.
-0.000025229178221253285	3.2865268896279184e-11	-37777.5503790889	8.016205777638102e6	0.
-0.000030244617265237375	3.2865268896279184e-11	-31954.190149014932	6.266276226650707e6	0.
-0.000025077195219920433	3.2865268896279184e-11	-37985.825063450335	8.081079636050108e6	0.
-0.000030092634263904523	3.2865268896279184e-11	-32105.022502963013	6.3099657035140125e6	0.
-0.000024925212218587585	3.2865268896279184e-11	-38196.30333341805	8.146793079589536e6	0.
-0.00002994065126257167	3.2865268896279184e-11	-32257.238240522358	6.354149159377064e6	0.
-0.000024773229217254733	3.2865268896279184e-11	-38409.01864448556	8.213359861555031e6	0.
-0.00002978866826123882	3.2865268896279184e-11	-32410.855821803194	6.398833737462996e6	0.
-0.00002462124621592188	3.2865268896279184e-11	-38624.005096127126	8.280794751818797e6	0.
-0.000029636685259905967	3.2865268896279184e-11	-32565.894024525467	6.444024493388598e6	0.
-0.00002446926321458903	3.2865268896279184e-11	-38841.29744637157	8.349110639669631e6	0.
-0.00002948470225857312	3.2865268896279184e-11	-32722.37195059069	6.489732473566557e6	0.
-0.00002431728021325618	3.2865268896279184e-11	-39060.93112674089	8.418325238719923e6	0.
-0.000029332719257240267	3.2865268896279184e-11	-32880.30903280897	6.535964404438937e6	0.
-0.00002416529721192333	3.2865268896279184e-11	-39282.94225756324	8.488455427622538e6	0.
-0.000029180736255907415	3.2865268896279184e-11	-33039.72504178635	6.582728064239541e6	0.
-0.000024013314210590477	3.2865268896279184e-11	-39507.367663669196	8.559515665428651e6	0.
-0.000029028753254574563	3.2865268896279184e-11	-33200.64009297605	6.630031639301399e6	-3.177804384745865e-7
-0.000023861331209257626	3.2865268896279184e-11	-39734.24489048225	8.631522711774396e6	0.
-0.00002887677025324171	3.2865268896279184e-11	-33363.07465389692	6.677886452488038e6	0.
-0.000023709348207924774	3.2865268896279184e-11	-39963.61222051263	8.704493409296824e6	0.
-0.000028724787251908863	3.2865268896279184e-11	-33527.04955152605	6.726297055850109e6	0.
-0.000023557365206591925	3.2865268896279184e-11	-40195.50869026511	8.778444671953885e6	0.
-0.00002857280425057601	3.2865268896279184e-11	-33692.58597986684	6.775274396426817e6	0.
-0.000023405382205259074	3.2865268896279184e-11	-40429.974107571434	8.853394341519566e6	0.
-0.00002842082124924316	3.2865268896279184e-11	-33859.70550769954	6.82482749639201e6	0.
-0.000023253399203926222	3.2865268896279184e-11	-40667.049069357745	8.929360191091409e6	0.
-0.000028268838247910308	3.2865268896279184e-11	-34028.43008651802	6.874964170459843e6	0.
-0.00002310141620259337	3.2865268896279184e-11	-40906.77497985835	9.006360767066348e6	0.
-0.000028116855246577456	3.2865268896279184e-11	-34198.782058657824	6.9256933113987995e6	0.
-0.000022949433201260518	3.2865268896279184e-11	-41149.194069286685	9.084413531081032e6	0.
-0.000027964872245244608	3.2865268896279184e-11	-34370.784165620615	6.977027087219787e6	0.
-0.00002279745019992767	3.2865268896279184e-11	-41394.3494129752	9.163539193238672e6	0.
-0.000027812889243911756	3.2865268896279184e-11	-34544.45955659965	7.028973290225116e6	0.
-0.000022645467198594818	3.2865268896279184e-11	-41642.28495099535	9.24375569618738e6	0.
-0.000027660906242578904	3.2865268896279184e-11	-34719.83179721252	7.08154227200879e6	0.
-0.000022493484197261966	3.2865268896279184e-11	-41893.04550827014	9.325084751959644e6	0.
-0.000027508923241246052	3.2865268896279184e-11	-34896.92487844568	7.1347446541677015e6	0.
-0.000022341501195929114	3.2865268896279184e-11	-42146.67681519057	9.407545232043201e6	0.
-0.0000273569402399132	3.2865268896279184e-11	-35075.76322581656	7.188589143075418e6	0.
-0.000022189518194596263	3.2865268896279184e-11	-42403.225528749055	9.49115740269298e6	0.
-0.000027204957238580352	3.2865268896279184e-11	-35256.371708759674	7.24308956379698e6	0.
-0.000022037535193263414	3.2865268896279184e-11	-42662.739254201704	9.57594411559466e6	0.
-0.0000270529742372475	3.2865268896279184e-11	-35438.77565024107	7.298250314142313e6	0.
-0.000021885552191930562	3.2865268896279184e-11	-42925.26656727235	9.661926572788825e6	0.
-0.000026900991235914648	3.2865268896279184e-11	-35623.00083660921	7.354089169743704e6	0.
-0.00002173356919059771	3.2865268896279184e-11	-43190.857036911395	9.749127056746216e6	0.
-0.000026749008234581796	3.2865268896279184e-11	-35809.07352768611	7.410612034594338e6	0.
-0.00002158158618926486	3.2865268896279184e-11	-43459.56124862234	9.837568415073687e6	0.
-0.000026597025233248945	3.2865268896279184e-11	-35997.02046710748	7.467835970406173e6	0.
-0.000021429603187932007	3.2865268896279184e-11	-43731.43082836939	9.927272712027622e6	0.
-0.000026445042231916096	3.2865268896279184e-11	-36186.868892916034	7.525763859212757e6	0.
-0.00002127762018659916	3.2865268896279184e-11	-44006.518467079906	1.0018265363932315e7	0.
-0.000026293059230583244	3.2865268896279184e-11	-36378.64654841699	7.584415329791719e6	0.
-0.000021125637185266307	3.2865268896279184e-11	-44284.87794575443	1.0110569754562669e7	0.
-0.000026141076229250393	3.2865268896279184e-11	-36572.381693300296	7.643800114457976e6	0.
-0.000020973654183933455	3.2865268896279184e-11	-44566.564161199225	1.0204209481219737e7	0.
-0.00002598909322791754	3.2865268896279184e-11	-36768.10311503835	7.703929620325696e6	0.
-0.000020821671182600603	3.2865268896279184e-11	-44851.633152394694	1.0299212234140495e7	0.
-0.00002583711022658469	3.2865268896279184e-11	-36965.840140565895	7.764817752892717e6	0.
-0.00002066968818126775	3.2865268896279184e-11	-45140.14212751318	1.0395601796802163e7	0.
-0.00002568512722525184	3.2865268896279184e-11	-37165.62264824876	7.826475997041397e6	0.
-0.000020517705179934903	3.2865268896279184e-11	-45432.149491601835	1.0493406810037686e7	0.
-0.00002553314422391899	3.2865268896279184e-11	-37367.48108015035	7.8889175937564215e6	0.
-0.00002036572217860205	3.2865268896279184e-11	-45727.71487494287	1.059265253363516e7	0.
-0.000025381161222586137	3.2865268896279184e-11	-37571.44645460246	7.9521570691974e6	0.
-0.0000202137391772692	3.2865268896279184e-11	-46026.89916210742	1.069336761307816e7	0.
-0.000020061756175936347	3.2865268896279184e-11	-46329.764521715886	1.079557917757773e7	0.
-0.00001489433413061941	3.2865268896279184e-11	-59363.61503671318	1.5414020886893736e7	0.
-0.000019909773174603496	3.2865268896279184e-11	-46636.374436920225	1.0899317617213853e7	0.
-0.00001474235112928656	3.2865268896279184e-11	-59847.11677648338	1.5592661620587166e7	0.
-0.000019757790173270647	3.2865268896279184e-11	-46946.79373662176	1.1004612560398549e7	0.
-0.000014590368127953708	3.2865268896279184e-11	-60337.71060685105	1.577439157152099e7	0.
-0.000019605807171937795	3.2865268896279184e-11	-47261.08862743941	1.1111493225463457e7	0.
-0.000014438385126620856	3.2865268896279184e-11	-60835.534701998986	1.5959275328765584e7	0.
-0.000019453824170604944	3.2865268896279184e-11	-47579.326726442596	1.1219991664172543e7	0.
-0.000014286402125288006	3.2865268896279184e-11	-61340.73027877188	1.6147380863452261e7	0.
-0.000019301841169272092	3.2865268896279184e-11	-47901.5770946625	1.1330138394365298e7	0.
-0.000014134419123955154	3.2865268896279184e-11	-61853.44165912214	1.6338776830438428e7	0.
-0.00001914985816793924	3.2865268896279184e-11	-48227.910271396395	1.1441966668065554e7	0.
-0.000013982436122622304	3.2865268896279184e-11	-62373.816333032555	1.6533528952391086e7	0.
-0.00001899787516660639	3.2865268896279184e-11	-48558.398309318276	1.1555510611682774e7	0.
-0.000013830453121289452	3.2865268896279184e-11	-62902.00502184408	1.6731712456755525e7	0.
-0.00001884589216527354	3.2865268896279184e-11	-48893.11481040953	1.1670802089465756e7	0.
-0.0000136784701199566	3.2865268896279184e-11	-63438.16174190816	1.693339867011718e7	0.
-0.000018693909163940688	3.2865268896279184e-11	-49232.13496272328	1.1787875957220638e7	0.
-0.00001352648711862375	3.2865268896279184e-11	-63982.44386847814	1.7138660659477856e7	0.
-0.000018541926162607836	3.2865268896279184e-11	-49575.535577994895	1.1906771111845577e7	0.
-0.000013374504117290898	3.2865268896279184e-11	-64535.012199743585	1.7347574679151427e7	0.
-0.000018389943161274984	3.2865268896279184e-11	-49923.39513011091	1.2027518372934457e7	0.
-0.000013222521115958048	3.2865268896279184e-11	-65096.031020903465	1.7560219447079785e7	0.
-0.000018237960159942136	3.2865268896279184e-11	-50275.79379444947	1.2150158624268727e7	0.
-0.000013070538114625196	3.2865268896279184e-11	-65665.66816816457	1.7776671878981505e7	0.
-0.000018085977158609284	3.2865268896279184e-11	-50632.81348810237	1.2274728830178892e7	0.
-0.000012918555113292345	3.2865268896279184e-11	-66244.09509254259	1.79970125594101e7	0.
-0.000017933994157276432	3.2865268896279184e-11	-50994.53791099041	1.240126806351248e7	0.
-0.000012766572111959494	3.2865268896279184e-11	-66831.48692333125	1.82213249953131e7	0.
-0.00001778201115594358	3.2865268896279184e-11	-51361.052587881844	1.2529816267372383e7	0.
-0.000012614589110626643	3.2865268896279184e-11	-67428.02253109522	1.8449693087067828e7	0.
-0.00001763002815461073	3.2865268896279184e-11	-51732.44491132302	1.2660413302807786e7	0.
-0.000012462606109293792	3.2865268896279184e-11	-68033.8845900303	1.8682201799139522e7	0.
-0.00001747804515327788	3.2865268896279184e-11	-52108.80418548998	1.2793101562451683e7	0.
-0.00001231062310796094	3.2865268896279184e-11	-68649.25963952274	1.8918937347198427e7	0.
-0.00001732606215194503	3.2865268896279184e-11	-52490.221670967774	1.2927924117749685e7	0.
-0.00001215864010662809	3.2865268896279184e-11	-69274.3381447263	1.915999071323242e7	0.
-0.000017174079150612177	3.2865268896279184e-11	-52876.79063046371	1.3064922665002462e7	0.
-0.000012006657105295239	3.2865268896279184e-11	-69909.31455596181	1.9405449948501073e7	0.
-0.000017022096149279325	3.2865268896279184e-11	-53268.60637546027	1.320414333792351e7	0.
-0.000011854674103962387	3.2865268896279184e-11	-70554.38736673226	1.9655410477047283e7	0.
-0.000016870113147946473	3.2865268896279184e-11	-53665.766313809625	1.3345631700161112e7	0.
-0.000011702691102629537	3.2865268896279184e-11	-71209.75917012787	1.9909964559842065e7	0.
-0.000016718130146613624	3.2865268896279184e-11	-54068.36999827289	1.3489433145893423e7	0.
-0.000011550708101296685	3.2865268896279184e-11	-71875.63671338535	2.0169207125672393e7	0.
-0.000016566147145280773	3.2865268896279184e-11	-54476.51917600415	1.3635596372598708e7	0.
-0.000011398725099963835	3.2865268896279184e-11	-72552.23095034537	2.0433237471038e7	0.
-0.00001641416414394792	3.2865268896279184e-11	-54890.317838976836	1.3784169652119046e7	0.
-0.000011246742098630983	3.2865268896279184e-11	-73239.75709153856	2.0702154129321434e7	0.
-0.00001626218114261507	3.2865268896279184e-11	-55309.872275349684	1.3935202750262795e7	0.
-0.000011094759097298131	3.2865268896279184e-11	-73938.43465161265	2.0976057710579105e7	0.
-0.000016110198141282217	3.2865268896279184e-11	-55735.29112176581	1.4088747294586582e7	0.
-0.000010942776095965281	3.2865268896279184e-11	-74648.48749379624	2.1255051311765682e7	0.
-0.00001595821513994937	3.2865268896279184e-11	-56166.685416576496	1.4244855718029352e7	0.
-0.00001079079309463243	3.2865268896279184e-11	-75370.14387107645	2.1539240402746156e7	0.
-0.000015806232138616517	3.2865268896279184e-11	-56604.16865397887	1.4403579499195809e7	0.
-0.00001063881009329958	3.2865268896279184e-11	-76103.63646374944	2.1828728155724112e7	0.
-0.000015654249137283665	3.2865268896279184e-11	-57047.85683905374	1.4564975430517247e7	0.
-0.000010486827091966727	3.2865268896279184e-11	-76849.20241298579	2.212362483350306e7	0.
-0.000010334844090633876	3.2865268896279184e-11	-77607.08335003034	2.242403859226646e7	0.
-0.000015502266135950813	3.2865268896279184e-11	-57497.868543685756	1.4729098298009582e7	0.
-0.000010182861089301025	3.2865268896279184e-11	-78377.5254206413	2.273008082272605e7	0.
-0.00001535028313461796	3.2865268896279184e-11	-57954.32496334661	1.4896006370201493e7	0.
-0.000010030878087968174	3.2865268896279184e-11	-79160.77930435054	2.304186354066629e7	0.
-0.000015198300133285111	3.2865268896279184e-11	-58417.34997471623	1.5065754465851255e7	0.
-9.878895086635324e-6	3.2865268896279184e-11	-79957.10022811023	2.3359500378614448e7	0.
-0.000015046317131952261	3.2865268896279184e-11	-58887.07019411492	1.5238406041782323e7	0.
-4.559490039985534e-6	3.2865268896279184e-11	-118354.02408039114	3.910854678648895e7	0.
-9.726912085302472e-6	3.2865268896279184e-11	-80766.74797387062	2.3683107536644373e7	0.
-4.407507038652682e-6	3.2865268896279184e-11	-119824.180355601	3.971695899877666e7	0.
-9.57492908396962e-6	3.2865268896279184e-11	-81589.98687961505	2.4012801055922095e7	0.
-4.255524037319831e-6	3.2865268896279184e-11	-121319.26165186964	4.03353770289855e7	0.
-9.42294608263677e-6	3.2865268896279184e-11	-82427.08583336083	2.4348699648956444e7	0.
-4.10354103598698e-6	3.2865268896279184e-11	-122839.59776539332	4.096385791211931e7	0.
-9.270963081303918e-6	3.2865268896279184e-11	-83278.3182596152	2.46909228925021e7	0.
-3.951558034654129e-6	3.2865268896279184e-11	-124385.51387327735	4.160245243522109e7	0.
-9.118980079971068e-6	3.2865268896279184e-11	-84143.9620977599	2.503959035307212e7	0.
-3.799575033321278e-6	3.2865268896279184e-11	-125957.3299842796	4.2251202867067434e7	0.
-8.966997078638216e-6	3.2865268896279184e-11	-85024.29977182123	2.5394824767249588e7	0.
-3.647592031988427e-6	3.2865268896279184e-11	-127555.3603806829	4.291014642663974e7	0.
-8.815014077305364e-6	3.2865268896279184e-11	-85919.61815106723	2.575674893927212e7	0.
-3.495609030655576e-6	3.2865268896279184e-11	-129179.91305302373	4.357930967287047e7	0.
-8.663031075972514e-6	3.2865268896279184e-11	-86830.20850086087	2.6125485650597986e7	0.
-3.3436260293227246e-6	3.2865268896279184e-11	-130831.28912953973	4.42587132114098e7	0.
-8.511048074639662e-6	3.2865268896279184e-11	-87756.36642318607	2.650116042803221e7	0.
-3.1916430279898736e-6	3.2865268896279184e-11	-132509.78230232565	4.4948369035881154e7	0.
-8.359065073306812e-6	3.2865268896279184e-11	-88698.39178625321	2.6883897356611874e7	0.
-3.0396600266570226e-6	3.2865268896279184e-11	-134215.67825230845	4.564827920021901e7	0.
-8.20708207197396e-6	3.2865268896279184e-11	-89656.58864258433	2.727382290304541e7	0.
-2.8876770253241713e-6	3.2865268896279184e-11	-135949.25407526246	4.635844011308637e7	0.
-8.055099070641109e-6	3.2865268896279184e-11	-90631.26513497219	2.7671063902675048e7	0.
-2.7356940239913203e-6	3.2865268896279184e-11	-137710.77771118376	4.70788356245535e7	0.
-7.903116069308259e-6	3.2865268896279184e-11	-91622.73338970619	2.8075745546170082e7	0.
-2.583711022658469e-6	3.2865268896279184e-11	-139500.50737943084	4.7809443118328325e7	0.
-7.751133067975407e-6	3.2865268896279184e-11	-92631.30939645994	2.8487995395099383e7	0.
-2.431728021325618e-6	3.2865268896279184e-11	-141318.6910221067	4.855022710482473e7	0.
-7.599150066642556e-6	3.2865268896279184e-11	-93657.31287423853	2.8907939736147646e7	0.
-2.279745019992767e-6	3.2865268896279184e-11	-143165.56575821483	4.9301145747027464e7	0.
-7.447167065309705e-6	3.2865268896279184e-11	-94701.06712279512	2.9335705422162015e7	0.
-2.1277620186599156e-6	3.2865268896279184e-11	-145041.3573511555	5.006214793830647e7	0.
-7.295184063976854e-6	3.2865268896279184e-11	-95762.89885893767	2.977141795472086e7	0.
-1.9757790173270646e-6	3.2865268896279184e-11	-146946.279692147	5.083317044071996e7	0.
-7.143201062644003e-6	3.2865268896279184e-11	-96843.13803716643	3.0215202982436296e7	0.
-1.8237960159942135e-6	3.2865268896279184e-11	-148880.53430215394	5.1614140498605624e7	0.
-6.991218061311152e-6	3.2865268896279184e-11	-97942.11765410533	3.066718618690509e7	0.
-1.6718130146613623e-6	3.2865268896279184e-11	-150844.3098548773	5.240497530275144e7	0.
-6.8392350599783e-6	3.2865268896279184e-11	-99060.17353621974	3.1127489121591937e7	0.
-1.5198300133285113e-6	3.2865268896279184e-11	-152837.78172331743	5.320558451605097e7	0.
-6.687252058645449e-6	3.2865268896279184e-11	-100197.64411034819	3.1596235672862235e7	0.
-1.3678470119956601e-6	3.2865268896279184e-11	-154861.11155234874	5.4015865470905654e7	0.
-6.535269057312598e-6	3.2865268896279184e-11	-101354.87015661599	3.207354654480445e7	0.
-1.215864010662809e-6	3.2865268896279184e-11	-156914.44685965564	5.483570344777616e7	0.
-6.383286055979747e-6	3.2865268896279184e-11	-102532.1945433471	3.255954040638789e7	0.
-1.0638810093299578e-6	3.2865268896279184e-11	-158997.92066726353	5.566498056060812e7	0.
-6.231303054646896e-6	3.2865268896279184e-11	-103729.96194364494	3.305433458672675e7	0.
-9.118980079971067e-7	3.2865268896279184e-11	-161111.6511657623	5.650356271742275e7	0.
-6.079320053314045e-6	3.2865268896279184e-11	-104948.51853337428	3.3558044042121805e7	0.
-7.599150066642557e-7	3.2865268896279184e-11	-163255.7414131654	5.7351311711599864e7	0.
-5.9273370519811935e-6	3.2865268896279184e-11	-106188.21167034541	3.40707816697831e7	0.
-6.079320053314045e-7	3.2865268896279184e-11	-165430.27907016667	5.820807461778613e7	0.
-5.7753540506483425e-6	3.2865268896279184e-11	-107449.3895545782	3.459265644472735e7	0.
-4.5594900399855336e-7	3.2865268896279184e-11	-167635.33617336646	5.90736932448921e7	0.
-5.6233710493154915e-6	3.2865268896279184e-11	-108732.4008696076	3.51237749097655e7	0.
-3.0396600266570224e-7	3.2865268896279184e-11	-169870.96894782325	5.994799995305333e7	0.
-5.4713880479826406e-6	3.2865268896279184e-11	-110037.59440488329	3.566423964044287e7	0.
-1.5198300133285112e-7	3.2865268896279184e-11	-172137.2176600629	6.083081758590468e7	0.
-5.31940504664979e-6	3.2865268896279184e-11	-111365.31865941506	3.621414989445745e7	0.
0.	3.2865268896279184e-11	-174434.10651243894	6.172196055201782e7	0.
-5.167422045316938e-6	3.2865268896279184e-11	-112715.92142692166	3.677360077668862e7	0.
1.5198300133285112e-7	3.2865268896279184e-11	-176761.64357948868	6.262123768755308e7	0.
-5.015439043984087e-6	3.2865268896279184e-11	-114089.74936285341	3.734268230064682e7	0.
3.0396600266570224e-7	3.2865268896279184e-11	-179119.8207866748	6.35284467146829e7	0.
-4.863456042651236e-6	3.2865268896279184e-11	-115487.14753377867	3.792148097046508e7	0.
-4.711473041318385e-6	3.2865268896279184e-11	-116908.4589497493	3.851007791080669e7	0.
4.5594900399855336e-7	3.2865268896279184e-11	-181508.6139316438	6.4443381603218555e7	0.
5.4713880479826406e-6	3.2865268896279184e-11	-276516.92750421114	9.740251257249409e7	0.
6.079320053314045e-7	3.2865268896279184e-11	-183927.98274786974	6.536582734421019e7	0.
5.6233710493154915e-6	3.2865268896279184e-11	-279836.15988836123	9.84374014186631e7	0.
7.599150066642557e-7	3.2865268896279184e-11	-186377.87101029427	6.629556520932442e7	0.
5.7753540506483425e-6	3.2865268896279184e-11	-283177.57449275756	9.947189876375823e7	0.
9.118980079971067e-7	3.2865268896279184e-11	-188858.206682317	6.723236861772276e7	0.
5.9273370519811935e-6	3.2865268896279184e-11	-286540.8225279506	1.0050583956044665e8	0.
1.0638810093299578e-6	3.2865268896279184e-11	-191368.90210324395	6.81760051458874e7	0.
6.079320053314045e-6	3.2865268896279184e-11	-289925.5553104052	1.0153905251597598e8	0.
1.215864010662809e-6	3.2865268896279184e-11	-193909.85421506185	6.91262386396374e7	0.
6.231303054646896e-6	3.2865268896279184e-11	-293331.4246401017	1.025713811849889e8	0.
1.3678470119956601e-6	3.2865268896279184e-11	-196480.94482718068	7.00828300885469e7	0.
6.383286055979747e-6	3.2865268896279184e-11	-296758.08315922954	1.036026657096721e8	0.
1.5198300133285113e-6	3.2865268896279184e-11	-199082.04091757516	7.10455349982939e7	0.
6.535269057312598e-6	3.2865268896279184e-11	-300205.1846919242	1.0463276000604945e8	0.
1.6718130146613623e-6	3.2865268896279184e-11	-201712.99496856082	7.201410481225538e7	0.
6.687252058645449e-6	3.2865268896279184e-11	-303672.3845650822	1.0566152247098723e8	0.
1.8237960159942135e-6	3.2865268896279184e-11	-204373.6453352632	7.2988290408479e7	0.
6.8392350599783e-6	3.2865268896279184e-11	-307159.3399103795	1.0668881242036833e8	0.
1.9757790173270646e-6	3.2865268896279184e-11	-207063.81664468208	7.396783941858509e7	0.
6.991218061311152e-6	3.2865268896279184e-11	-310665.7099476909	1.0771450148013379e8	0.
2.1277620186599156e-6	3.2865268896279184e-11	-209783.3202231163	7.49524962567276e7	0.
7.143201062644003e-6	3.2865268896279184e-11	-314191.1562501777	1.0873845943015198e8	0.
2.279745019992767e-6	3.2865268896279184e-11	-212531.95454960145	7.594200744097725e7	0.
7.295184063976854e-6	3.2865268896279184e-11	-317735.3429913748	1.0976057129171786e8	0.
2.431728021325618e-6	3.2865268896279184e-11	-215309.50573291906	7.69361166298741e7	0.
7.447167065309705e-6	3.2865268896279184e-11	-321297.93717465794	1.1078071628117092e8	0.
2.583711022658469e-6	3.2865268896279184e-11	-218115.74800966895	7.793456697273049e7	0.
7.599150066642556e-6	3.2865268896279184e-11	-324878.60884552717	1.1179878877180716e8	0.
2.7356940239913203e-6	3.2865268896279184e-11	-220950.4442608477	7.893710295722207e7	0.
7.751133067975407e-6	3.2865268896279184e-11	-328477.0312871743	1.128146798932304e8	0.
2.8876770253241713e-6	3.2865268896279184e-11	-223813.34654435216	7.994346987739587e7	0.
7.903116069308259e-6	3.2865268896279184e-11	-332092.8811998464	1.1382829518550079e8	0.
3.0396600266570226e-6	3.2865268896279184e-11	-226704.19664082394	8.09534130956026e7	0.
8.055099070641109e-6	3.2865268896279184e-11	-335725.8388645381	1.148395369652069e8	0.
3.1916430279898736e-6	3.2865268896279184e-11	-229622.72661026687	8.196668001347263e7	0.
8.20708207197396e-6	3.2865268896279184e-11	-339375.5882915761	1.1584831652586135e8	0.
3.3436260293227246e-6	3.2865268896279184e-11	-232568.65935690675	8.298302331576289e7	0.
8.359065073306812e-6	3.2865268896279184e-11	-343041.8173546708	1.1685455001979372e8	0.
3.495609030655576e-6	3.2865268896279184e-11	-235541.7091998165	8.400219048611848e7	0.
8.511048074639662e-6	3.2865268896279184e-11	-346724.21791102935	1.1785815551803972e8	0.
3.647592031988427e-6	3.2865268896279184e-11	-238541.58244690148	8.50239419536742e7	0.
8.663031075972514e-6	3.2865268896279184e-11	-350422.48590812995	1.1885905834283355e8	0.
3.799575033321278e-6	3.2865268896279184e-11	-241567.97796992393	8.604803305301619e7	0.
8.815014077305364e-6	3.2865268896279184e-11	-354136.3214777621	1.1985718736782527e8	0.
3.951558034654129e-6	3.2865268896279184e-11	-244620.58777834743	8.70742257601019e7	0.
8.966997078638216e-6	3.2865268896279184e-11	-357865.4290179418	1.2085247468663192e8	0.
4.10354103598698e-6	3.2865268896279184e-11	-247699.0975898892	8.810228739270742e7	0.
9.118980079971068e-6	3.2865268896279184e-11	-361609.5172633063	1.2184485950976385e8	0.
4.255524037319831e-6	3.2865268896279184e-11	-250803.18739579132	8.913198894089411e7	0.
9.270963081303918e-6	3.2865268896279184e-11	-365368.2993445874	1.2283428306646596e8	0.
4.407507038652682e-6	3.2865268896279184e-11	-253932.53201894843	9.016310133791968e7	0.
9.42294608263677e-6	3.2865268896279184e-11	-369141.4928377588	1.2382068663270323e8	0.
4.559490039985534e-6	3.2865268896279184e-11	-257086.80166316434	9.119540288126513e7	0.
9.57492908396962e-6	3.2865268896279184e-11	-372928.81980343873	1.2480402378423592e8	0.
4.711473041318385e-6	3.2865268896279184e-11	-260265.66245194824	9.222868303310579e7	0.
9.726912085302472e-6	3.2865268896279184e-11	-376730.0068171201	1.2578424606332587e8	0.
4.863456042651236e-6	3.2865268896279184e-11	-263468.77695540345	9.326272877446787e7	0.
9.878895086635324e-6	3.2865268896279184e-11	-380544.78499078547	1.2676130594309981e8	0.
5.015439043984087e-6	3.2865268896279184e-11	-266695.8047039039	9.429733030375767e7	0.
0.000010030878087968174	3.2865268896279184e-11	-384372.8899864516	1.2773516970325686e8	0.
5.167422045316938e-6	3.2865268896279184e-11	-269946.40268739796	9.533229201588662e7	0.
0.000010182861089301025	3.2865268896279184e-11	-388214.0620221681	1.2870578997483109e8	0.
5.31940504664979e-6	3.2865268896279184e-11	-273220.22583931714	9.636741487382302e7	0.
0.000010334844090633876	3.2865268896279184e-11	-392068.04587098287	1.2967314065479536e8	0.
0.000010486827091966727	3.2865268896279184e-11	-395934.59085336415	1.3063718945663297e8	0.
0.000015502266135950813	3.2865268896279184e-11	-529189.3123251145	1.605221383177578e8	0.
0.00001063881009329958	3.2865268896279184e-11	-399813.4508235536	1.3159790429076734e8	0.
0.000015654249137283665	3.2865268896279184e-11	-533363.7265399083	1.613698139295809e8	0.
0.00001079079309463243	3.2865268896279184e-11	-403704.38415030634	1.3255526121507597e8	0.
0.000015806232138616517	3.2865268896279184e-11	-537544.4642742593	1.6221422396466967e8	0.
0.000010942776095965281	3.2865268896279184e-11	-407607.15369245195	1.3350923607446316e8	0.
0.00001595821513994937	3.2865268896279184e-11	-541731.4069562827	1.6305538301703006e8	0.
0.000011094759097298131	3.2865268896279184e-11	-411521.52676969406	1.3445981024661657e8	0.
0.000016110198141282217	3.2865268896279184e-11	-545924.4385808976	1.6389330928802294e8	0.
0.000011246742098630983	3.2865268896279184e-11	-415447.27512904577	1.354069637039664e8	0.
0.00001626218114261507	3.2865268896279184e-11	-550123.4456539074	1.6472802476966685e8	0.
0.000011398725099963835	3.2865268896279184e-11	-419384.1749072784	1.36350682270968e8	0.
0.00001641416414394792	3.2865268896279184e-11	-554328.3171369603	1.6555954830643466e8	0.
0.000011550708101296685	3.2865268896279184e-11	-423332.00658974407	1.3729095143956852e8	0.
0.000016566147145280773	3.2865268896279184e-11	-558538.9443934134	1.6638789380310106e8	0.
0.000011702691102629537	3.2865268896279184e-11	-427290.55496591236	1.3822775955386218e8	0.
0.000016718130146613624	3.2865268896279184e-11	-562755.221135108	1.672130898301314e8	0.
0.000011854674103962387	3.2865268896279184e-11	-431259.60908194253	1.3916109721890613e8	0.
0.000016870113147946473	3.2865268896279184e-11	-566977.0433700703	1.6803514075766322e8	0.
0.000012006657105295239	3.2865268896279184e-11	-435238.9621905979	1.400909557752541e8	0.
0.000017022096149279325	3.2865268896279184e-11	-571204.3093511468	1.688540828146047e8	0.
0.00001215864010662809	3.2865268896279184e-11	-439228.4116987882	1.410173328450448e8	0.
0.000017174079150612177	3.2865268896279184e-11	-575436.919525576	1.6966992758039013e8	0.
0.00001231062310796094	3.2865268896279184e-11	-443227.75911301037	1.4194021905688095e8	0.
0.00001732606215194503	3.2865268896279184e-11	-579674.7764855059	1.704826949346714e8	0.
0.000012462606109293792	3.2865268896279184e-11	-447236.80998294376	1.4285961756867665e8	0.
0.00001747804515327788	3.2865268896279184e-11	-583917.7849194539	1.7129240827072576e8	0.
0.000012614589110626643	3.2865268896279184e-11	-451255.3738434344	1.4377552145371246e8	0.
0.00001763002815461073	3.2865268896279184e-11	-588165.8515647127	1.7209908797968572e8	0.
0.000012766572111959494	3.2865268896279184e-11	-455283.2641550962	1.446879344967973e8	0.
0.00001778201115594358	3.2865268896279184e-11	-592418.8851606973	1.7290275129788867e8	0.
0.000012918555113292345	3.2865268896279184e-11	-459320.2982437333	1.455968586606913e8	0.
0.000017933994157276432	3.2865268896279184e-11	-596676.7964032317	1.737034204638071e8	0.
0.000013070538114625196	3.2865268896279184e-11	-463366.297238781	1.465022971640664e8	0.
0.000018085977158609284	3.2865268896279184e-11	-600939.4978997695	1.7450111789547566e8	0.
0.000013222521115958048	3.2865268896279184e-11	-467421.0860109458	1.474042580166333e8	0.
0.000018237960159942136	3.2865268896279184e-11	-605206.9041255423	1.752958584907764e8	0.
0.000013374504117290898	3.2865268896279184e-11	-471484.4931092116	1.483027390716417e8	0.
0.000018389943161274984	3.2865268896279184e-11	-609478.9313806294	1.760876706750543e8	0.
0.00001352648711862375	3.2865268896279184e-11	-475556.35069737193	1.491977534866524e8	0.
0.000018541926162607836	3.2865268896279184e-11	-613755.4977479392	1.7687656933181834e8	0.
0.0000136784701199566	3.2865268896279184e-11	-479636.4944902277	1.500893093470416e8	0.
0.000018693909163940688	3.2865268896279184e-11	-618036.5230520933	1.776625734978106e8	0.
0.000013830453121289452	3.2865268896279184e-11	-483724.76368958945	1.5097740991644794e8	0.
0.00001884589216527354	3.2865268896279184e-11	-622321.9288192054	1.7844571279129758e8	0.
0.000013982436122622304	3.2865268896279184e-11	-487821.00092020375	1.5186207075763598e8	0.
0.00001899787516660639	3.2865268896279184e-11	-626611.6382375399	1.792260009372431e8	0.
0.000014134419123955154	3.2865268896279184e-11	-491925.05216571904	1.5274330274699512e8	0.
0.00001914985816793924	3.2865268896279184e-11	-630905.5761190437	1.800034587735486e8	0.
0.000014286402125288006	3.2865268896279184e-11	-496036.76670479454	1.5362111156171435e8	0.
0.000019301841169272092	3.2865268896279184e-11	-635203.6688617356	1.8077811182310787e8	0.
0.000014438385126620856	3.2865268896279184e-11	-500155.9970474474	1.544955141121471e8	0.
0.000019453824170604944	3.2865268896279184e-11	-639505.8444129415	1.8154997403682938e8	0.
0.000014590368127953708	3.2865268896279184e-11	-504282.59887172526	1.5536652611391154e8	0.
0.000019605807171937795	3.2865268896279184e-11	-643812.0322333641	1.8231907105760628e8	0.
0.00001474235112928656	3.2865268896279184e-11	-508416.4309607834	1.5623415672212645e8	0.
0.000019757790173270647	3.2865268896279184e-11	-648122.1632619724	1.830854254803519e8	0.
0.00001489433413061941	3.2865268896279184e-11	-512557.3551404389	1.570984220642767e8	0.
0.000019909773174603496	3.2865268896279184e-11	-652436.1698816965	1.838490449745922e8	0.
0.000015046317131952261	3.2865268896279184e-11	-516705.23621726653	1.5795933920078275e8	0.
0.000020061756175936347	3.2865268896279184e-11	-656753.9858859179	1.8460996420040843e8	0.
0.000015198300133285111	3.2865268896279184e-11	-520859.94191729353	1.5881691771135566e8	0.
0.0000202137391772692	3.2865268896279184e-11	-661075.5464457353	1.8536820129915074e8	0.
0.00001535028313461796	3.2865268896279184e-11	-525021.3428253495	1.5967117808582976e8	0.
0.00002036572217860205	3.2865268896279184e-11	-665400.7880779966	1.8612377025706705e8	0.
0.000020517705179934903	3.2865268896279184e-11	-669729.6486140812	1.8687669105820018e8	0.
0.00002553314422391899	3.2865268896279184e-11	-814271.0355436802	2.1036417085452393e8	0.
0.00002066968818126775	3.2865268896279184e-11	-674062.0671694183	1.8762699172862676e8	0.
0.00002568512722525184	3.2865268896279184e-11	-818693.6030312044	2.1103827071077436e8	0.
0.000020821671182600603	3.2865268896279184e-11	-678397.9841137256	1.8837468445950267e8	0.
0.00002583711022658469	3.2865268896279184e-11	-823118.2464429473	2.1171035128044564e8	0.
0.000020973654183933455	3.2865268896279184e-11	-682737.3410419559	1.8911979353876355e8	0.
0.00002598909322791754	3.2865268896279184e-11	-827544.9353368455	2.1238041941690752e8	0.
0.000021125637185266307	3.2865268896279184e-11	-687080.080745937	1.8986234061223346e8	0.
0.000026141076229250393	3.2865268896279184e-11	-831973.6398345333	2.1304850310034522e8	0.
0.00002127762018659916	3.2865268896279184e-11	-691426.1471866881	1.9060233677435955e8	0.
0.000026293059230583244	3.2865268896279184e-11	-836404.3306090758	2.1371461123792198e8	0.
0.000021429603187932007	3.2865268896279184e-11	-695775.4854674033	1.9133980686240995e8	0.
0.000026445042231916096	3.2865268896279184e-11	-840836.9788730006	2.1437875392697665e8	0.
0.00002158158618926486	3.2865268896279184e-11	-700128.0418070821	1.9207477498202384e8	0.
0.000026597025233248945	3.2865268896279184e-11	-845271.5563666177	2.1504095478807598e8	0.
0.00002173356919059771	3.2865268896279184e-11	-704483.7635147969	1.9280724857647356e8	0.
0.000026749008234581796	3.2865268896279184e-11	-849708.0353466221	2.157012225988775e8	0.
0.000021885552191930562	3.2865268896279184e-11	-708842.5989645837	1.9353725700961348e8	0.
0.000026900991235914648	3.2865268896279184e-11	-854146.388574971	2.1635957319054762e8	0.
0.000022037535193263414	3.2865268896279184e-11	-713204.4975709388	1.942648158261945e8	0.
0.0000270529742372475	3.2865268896279184e-11	-858586.5893080287	2.1701602079375833e8	0.
0.000022189518194596263	3.2865268896279184e-11	-717569.4097649119	1.949899455202353e8	0.
0.000027204957238580352	3.2865268896279184e-11	-863028.611285973	2.176705780110934e8	0.
0.000022341501195929114	3.2865268896279184e-11	-721937.2869707793	1.9571266353421113e8	0.
0.0000273569402399132	3.2865268896279184e-11	-867472.4287224556	2.1832326188010892e8	0.
0.000022493484197261966	3.2865268896279184e-11	-726308.0815832845	1.9643298423805347e8	0.
0.000027508923241246052	3.2865268896279184e-11	-871918.0162945106	2.1897408614694932e8	0.
0.000022645467198594818	3.2865268896279184e-11	-730681.7469454355	1.9715093179852843e8	0.
0.000027660906242578904	3.2865268896279184e-11	-876365.3491327033	2.1962306175713304e8	0.
0.00002279745019992767	3.2865268896279184e-11	-735058.2373268412	1.9786652280758703e8	0.
0.000027812889243911756	3.2865268896279184e-11	-880814.4028115162	2.2027020356398898e8	0.
0.000022949433201260518	3.2865268896279184e-11	-739437.5079025783	1.9857977215395874e8	0.
0.000027964872245244608	3.2865268896279184e-11	-885265.1533399628	2.2091552362547877e8	0.
0.00002310141620259337	3.2865268896279184e-11	-743819.5147325759	1.9929070549254972e8	0.
0.000028116855246577456	3.2865268896279184e-11	-889717.5771524258	2.2155903980049363e8	0.
0.000023253399203926222	3.2865268896279184e-11	-748204.214741501	1.9999933473983026e8	0.
0.000028268838247910308	3.2865268896279184e-11	-894171.6510997118	2.2220076074891633e8	0.
0.000023405382205259074	3.2865268896279184e-11	-752591.5656991405	2.0070567770393178e8	0.
0.00002842082124924316	3.2865268896279184e-11	-898627.3524403191	2.2284070274046445e8	0.
0.000023557365206591925	3.2865268896279184e-11	-756981.5262012599	2.0140975471611488e8	0.
0.00002857280425057601	3.2865268896279184e-11	-903084.6588319122	2.2347887362892696e8	0.
0.000023709348207924774	3.2865268896279184e-11	-761374.0556509333	2.0211158514491096e8	0.
0.000028724787251908863	3.2865268896279184e-11	-907543.5483229972	2.2411529121227726e8	0.
0.000023861331209257626	3.2865268896279184e-11	-765769.1142403287	2.028111797687477e8	0.
0.00002887677025324171	3.2865268896279184e-11	-912003.9993447937	2.247499637923378e8	0.
0.000024013314210590477	3.2865268896279184e-11	-770166.6629329415	2.0350855909331965e8	0.
0.000029028753254574563	3.2865268896279184e-11	-916465.9907032986	2.2538291083037123e8	0.
0.00002416529721192333	3.2865268896279184e-11	-774566.6634462612	2.042037382417429e8	0.
0.000029180736255907415	3.2865268896279184e-11	-920929.5015715348	2.2601413933807862e8	0.
0.00002431728021325618	3.2865268896279184e-11	-778969.0782348646	2.0489673603649e8	0.
0.000029332719257240267	3.2865268896279184e-11	-925394.5114819832	2.2664366292335567e8	0.
0.00002446926321458903	3.2865268896279184e-11	-783373.870473921	2.055875719900276e8	0.
0.00002948470225857312	3.2865268896279184e-11	-929861.0003191908	2.272714937189771e8	0.
0.00002462124621592188	3.2865268896279184e-11	-787781.0040431023	2.0627625673973235e8	0.
0.000029636685259905967	3.2865268896279184e-11	-934328.948312551	2.27897641314878e8	0.
0.000024773229217254733	3.2865268896279184e-11	-792190.4435108866	2.0696281437525988e8	0.
0.00002978866826123882	3.2865268896279184e-11	-938798.3360292547	2.2852212547082463e8	0.
0.000024925212218587585	3.2865268896279184e-11	-796602.1541192449	2.0764725137101293e8	0.
0.00002994065126257167	3.2865268896279184e-11	-943269.1443673995	2.291449473439913e8	0.
0.000025077195219920433	3.2865268896279184e-11	-801016.1017687029	2.0832958913522747e8	0.
0.000030092634263904523	3.2865268896279184e-11	-947741.354549266	2.297661267620048e8	0.
0.000025229178221253285	3.2865268896279184e-11	-805432.2530037672	2.0900984649128002e8	0.
0.000030244617265237375	3.2865268896279184e-11	-952214.9481147438	2.3038567539772183e8	0.
0.000025381161222586137	3.2865268896279184e-11	-809850.5749987066	2.0968803470846635e8	0.
0.000030396600266570223	3.2865268896279184e-11	-956689.9069149117	2.310035992288326e8	0.
