# Filename	C:\Users\edmag\Documents\Work\2D-Comp-Model\computation\Turning Timeresults\2018-02-05T05-32-32.txt
# Source	C:\Users\edmag\Documents\Work\2D-Comp-Model\computation\Turning Time\turning.nb
# Note	1D calculation of turning time vs. field and orbit energy.
# Date	2018-02-05T05:32:32
# Dir	-1
# field	2.4308630840443183e-11
# zi	-6.
W	field	zt	t	argt
-0.000025229178221253285	2.4308630840443183e-11	-38228.547421583535	8.193860238040732e6	0.
-0.000030396600266570223	2.4308630840443183e-11	-32075.63181549734	6.32176023630799e6	0.
-0.000025077195219920433	2.4308630840443183e-11	-38444.20713413001	8.262086555694799e6	0.
-0.000030244617265237375	2.4308630840443183e-11	-32228.894695804607	6.366564041675758e6	0.
-0.000024925212218587585	2.4308630840443183e-11	-38662.228067793956	8.331231219883026e6	0.
-0.000030092634263904523	2.4308630840443183e-11	-32383.592657047982	6.411886368697103e6	0.
-0.000024773229217254733	2.4308630840443183e-11	-38882.64778362105	8.401310613615094e6	0.
-0.00002994065126257167	2.4308630840443183e-11	-32539.74542929929	6.457735862499519e6	0.
-0.00002462124621592188	2.4308630840443183e-11	-39105.50461158883	8.47234240662432e6	0.
-0.00002978866826123882	2.4308630840443183e-11	-32697.373096042364	6.5041186530663e6	-4.987683877982118e-7
-0.00002446926321458903	2.4308630840443183e-11	-39330.837669485525	8.544343191218754e6	0.
-0.000029636685259905967	2.4308630840443183e-11	-32856.49610188417	6.551046185411036e6	-2.9957229046527787e-7
-0.00002431728021325618	2.4308630840443183e-11	-39558.68688231785	8.617331623767499e6	0.
-0.00002948470225857312	2.4308630840443183e-11	-33017.13526046162	6.598527855371606e6	0.
-0.00002416529721192333	2.4308630840443183e-11	-39789.0930022628	8.691326170719016e6	0.
-0.000029332719257240267	2.4308630840443183e-11	-33179.31176254998	6.646566798970217e6	-2.0158476968516066e-7
-0.000024013314210590477	2.4308630840443183e-11	-40022.097629180615	8.766344445153344e6	0.
-0.000029180736255907415	2.4308630840443183e-11	-33343.04718437798	6.695178850715513e6	0.
-0.000023861331209257626	2.4308630840443183e-11	-40257.7432317066	8.842407259363348e6	0.
-0.000029028753254574563	2.4308630840443183e-11	-33508.36349615748	6.744369536226209e6	0.
-0.000023709348207924774	2.4308630840443183e-11	-40496.073168937684	8.919532347868834e6	0.
-0.00002887677025324171	2.4308630840443183e-11	-33675.283070830745	6.794149355805106e6	0.
-0.000023557365206591925	2.4308630840443183e-11	-40737.131712734474	8.997741212103399e6	0.
-0.000028724787251908863	2.4308630840443183e-11	-33843.82869304475	6.844526489469574e6	0.
-0.000023405382205259074	2.4308630840443183e-11	-40980.964070654976	9.077053740630781e6	0.
-0.00002857280425057601	2.4308630840443183e-11	-34014.02356835738	6.89551272855494e6	0.
-0.000023253399203926222	2.4308630840443183e-11	-41227.616409541304	9.157490584426882e6	0.
-0.00002842082124924316	2.4308630840443183e-11	-34185.89133268211	6.947117919882445e6	0.
-0.00002310141620259337	2.4308630840443183e-11	-41477.13587977853	9.239074328206908e6	0.
-0.000028268838247910308	2.4308630840443183e-11	-34359.45606197901	6.999350749467227e6	0.
-0.000022949433201260518	2.4308630840443183e-11	-41729.57064024572	9.321825741963642e6	0.
-0.000028116855246577456	2.4308630840443183e-11	-34534.74228219892	7.052223234888693e6	0.
-0.00002279745019992767	2.4308630840443183e-11	-41984.969883981925	9.405768657679843e6	0.
-0.000027964872245244608	2.4308630840443183e-11	-34711.774979487505	7.105744598746078e6	0.
-0.000022645467198594818	2.4308630840443183e-11	-42243.38386458686	9.49092461346065e6	0.
-0.000027812889243911756	2.4308630840443183e-11	-34890.57961065817	7.159927451972689e6	0.
-0.000022493484197261966	2.4308630840443183e-11	-42504.86392338099	9.577318692612493e6	0.
-0.000027660906242578904	2.4308630840443183e-11	-35071.18211393991	7.214781613160253e6	0.
-0.000022341501195929114	2.4308630840443183e-11	-42769.46251734611	9.664973391029147e6	0.
-0.000027508923241246052	2.4308630840443183e-11	-35253.60892001025	7.270319939659217e6	0.
-0.000022189518194596263	2.4308630840443183e-11	-43037.23324787208	9.75391442796666e6	0.
-0.0000273569402399132	2.4308630840443183e-11	-35437.886963319535	7.326551026872994e6	0.
-0.000022037535193263414	2.4308630840443183e-11	-43308.230890332976	9.844167039419945e6	0.
-0.000027204957238580352	2.4308630840443183e-11	-35624.04369371754	7.383491460290774e6	0.
-0.000021885552191930562	2.4308630840443183e-11	-43582.511424518765	9.935757431692464e6	0.
-0.0000270529742372475	2.4308630840443183e-11	-35812.10708838826	7.441147291084894e6	0.
-0.00002173356919059771	2.4308630840443183e-11	-43860.132065947975	1.0028711509738335e7	0.
-0.000026900991235914648	2.4308630840443183e-11	-36002.10566410577	7.499535397591332e6	0.
-0.00002158158618926486	2.4308630840443183e-11	-44141.151298088975	1.0123057542802094e7	0.
-0.000026749008234581796	2.4308630840443183e-11	-36194.06848981722	7.558667673469372e6	0.
-0.000021429603187932007	2.4308630840443183e-11	-44425.62890551619	1.021882241143525e7	0.
-0.000026597025233248945	2.4308630840443183e-11	-36388.0251995647	7.618555973510298e6	0.
-0.00002127762018659916	2.4308630840443183e-11	-44713.62600803106	1.0316035190268055e7	0.
-0.000026445042231916096	2.4308630840443183e-11	-36584.006005755815	7.679213510701272e6	0.
-0.000021125637185266307	2.4308630840443183e-11	-45005.20509577568	1.0414723507910552e7	0.
-0.000026293059230583244	2.4308630840443183e-11	-36782.041712792845	7.7406542897683615e6	0.
-0.000020973654183933455	2.4308630840443183e-11	-45300.43006536989	1.0514919042661557e7	0.
-0.000026141076229250393	2.4308630840443183e-11	-36982.16373107162	7.802892463890178e6	0.
-0.000020821671182600603	2.4308630840443183e-11	-45599.366257102105	1.061665269886713e7	0.
-0.00002598909322791754	2.4308630840443183e-11	-37184.40409136076	7.8659409798515355e6	0.
-0.00002066968818126775	2.4308630840443183e-11	-45902.08049320575	1.071995568955451e7	0.
-0.00002583711022658469	2.4308630840443183e-11	-37388.795459573834	7.929814932669984e6	0.
-0.000020517705179934903	2.4308630840443183e-11	-46208.641117253814	1.0824858629550226e7	0.
-0.00002568512722525184	2.4308630840443183e-11	-37595.371151944535	7.994528480284386e6	0.
-0.00002036572217860205	2.4308630840443183e-11	-46519.11803470499	1.0931396683756774e7	0.
-0.00002553314422391899	2.4308630840443183e-11	-37804.16515061867	8.060097061602948e6	0.
-0.0000202137391772692	2.4308630840443183e-11	-46833.58275463484	1.1039602338901548e7	0.
-0.000025381161222586137	2.4308630840443183e-11	-38015.21211967422	8.126535668937137e6	0.
-0.00001489433413061941	2.4308630840443183e-11	-61055.6062838137	1.6217710597440753e7	0.
-0.000020061756175936347	2.4308630840443183e-11	-47152.10843268824	1.1149511102881555e7	0.
-0.00001474235112928656	2.4308630840443183e-11	-61579.17377706069	1.641786097030641e7	0.
-0.000019909773174603496	2.4308630840443183e-11	-47474.769915287994	1.1261158488281187e7	0.
-0.000014590368127953708	2.4308630840443183e-11	-62111.02184847824	1.6621793902591508e7	0.
-0.000019757790173270647	2.4308630840443183e-11	-47801.64378513693	1.1374580084297469e7	0.
-0.000014438385126620856	2.4308630840443183e-11	-62651.329698016954	1.6829599595787644e7	0.
-0.000019605807171937795	2.4308630840443183e-11	-48132.80840805132	1.1489814654100638e7	0.
-0.000014286402125288006	2.4308630840443183e-11	-63200.28112380162	1.7041370027772557e7	0.
-0.000019453824170604944	2.4308630840443183e-11	-48468.34398116353	1.1606900882667786e7	0.
-0.000014134419123955154	2.4308630840443183e-11	-63758.06464548688	1.7257201570312172e7	0.
-0.000019301841169272092	2.4308630840443183e-11	-48808.33258253396	1.1725875068314617e7	0.
-0.000013982436122622304	2.4308630840443183e-11	-64324.87363031631	1.7477191896894846e7	0.
-0.00001914985816793924	2.4308630840443183e-11	-49152.85822221245	1.1846779921584208e7	0.
-0.000013830453121289452	2.4308630840443183e-11	-64900.90642186882	1.77014418229399e7	0.
-0.00001899787516660639	2.4308630840443183e-11	-49502.00689478975	1.19696562439855e7	0.
-0.0000136784701199566	2.4308630840443183e-11	-65486.36647146533	1.7930053454841983e7	0.
-0.00001884589216527354	2.4308630840443183e-11	-49855.86663348168	1.2094546864854623e7	0.
-0.00001352648711862375	2.4308630840443183e-11	-66081.46247220003	1.816313338120683e7	0.
-0.000018693909163940688	2.4308630840443183e-11	-50214.52756578814	1.2221495064482525e7	0.
-0.000013374504117290898	2.4308630840443183e-11	-66686.40849554792	1.8400790090090618e7	0.
-0.000018541926162607836	2.4308630840443183e-11	-50578.08197077094	1.2350545870311541e7	0.
-0.000013222521115958048	2.4308630840443183e-11	-67301.42413048894	1.864313458827232e7	0.
-0.000018389943161274984	2.4308630840443183e-11	-50946.6243379942	1.2481744852019496e7	0.
-0.000013070538114625196	2.4308630840443183e-11	-67926.73462507565	1.8890281502594568e7	0.
-0.000018237960159942136	2.4308630840443183e-11	-51320.251428172734	1.2615138518873958e7	0.
-0.000012918555113292345	2.4308630840443183e-11	-68562.57103035563	1.9142348832532752e7	0.
-0.000018085977158609284	2.4308630840443183e-11	-51699.06233557381	1.2750776845628627e7	0.
-0.000012766572111959494	2.4308630840443183e-11	-69209.17034654482	1.93994582266162e7	0.
-0.000017933994157276432	2.4308630840443183e-11	-52083.15855221798	1.2888704858878141e7	0.
-0.000012614589110626643	2.4308630840443183e-11	-69866.77567132967	1.966173006423596e7	0.
-0.00001778201115594358	2.4308630840443183e-11	-52472.644033927216	1.3028979788247108e7	0.
-0.000012462606109293792	2.4308630840443183e-11	-70535.63635015808	1.9929292626464676e7	0.
-0.00001763002815461073	2.4308630840443183e-11	-52867.62526826479	1.3171646411666417e7	0.
-0.00001231062310796094	2.4308630840443183e-11	-71216.00812835644	2.0202277347277753e7	0.
-0.00001747804515327788	2.4308630840443183e-11	-53268.21134441827	1.3316764942686565e7	0.
-0.00001215864010662809	2.4308630840443183e-11	-71908.15330488954	2.048081531322927e7	0.
-0.00001732606215194503	2.4308630840443183e-11	-53674.51402506913	1.3464384965034919e7	0.
-0.000012006657105295239	2.4308630840443183e-11	-72612.34088755562	2.076504481118477e7	0.
-0.000017174079150612177	2.4308630840443183e-11	-54086.64782030148	1.3614567804289183e7	0.
-0.000011854674103962387	2.4308630840443183e-11	-73328.84674938141	2.1055106174855396e7	0.
-0.000017022096149279325	2.4308630840443183e-11	-54504.73006359341	1.3767366299393889e7	0.
-0.000011702691102629537	2.4308630840443183e-11	-74057.95378595532	2.1351142550123803e7	0.
-0.000016870113147946473	2.4308630840443183e-11	-54928.880989943726	1.3922842944312561e7	0.
-0.000011550708101296685	2.4308630840443183e-11	-74799.95207340643	2.1653302256209653e7	0.
-0.000016718130146613624	2.4308630840443183e-11	-55359.223816177706	1.4081057205817927e7	0.
-0.000011398725099963835	2.4308630840443183e-11	-75555.139026703	2.1961735126616772e7	0.
-0.000016566147145280773	2.4308630840443183e-11	-55795.884823482185	1.4242072308685642e7	0.
-0.000011246742098630983	2.4308630840443183e-11	-76323.81955791214	2.227659590919196e7	0.
-0.00001641416414394792	2.4308630840443183e-11	-56238.993442215375	1.4405952151000092e7	0.
-0.000011094759097298131	2.4308630840443183e-11	-77106.30623402218	2.259804365674331e7	0.
-0.00001626218114261507	2.4308630840443183e-11	-56688.68233903831	1.4572762600317504e7	0.
-0.000010942776095965281	2.4308630840443183e-11	-77902.91943389137	2.2926238998385265e7	0.
-0.000016110198141282217	2.4308630840443183e-11	-57145.08750641263	1.4742571677273473e7	0.
-0.00001079079309463243	2.4308630840443183e-11	-78713.98750384439	2.3261349992595714e7	0.
-0.00001595821513994937	2.4308630840443183e-11	-57608.34835450889	1.491544827109527e7	0.
-0.00001063881009329958	2.4308630840443183e-11	-79539.84691139149	2.360354436660476e7	0.
-0.000015806232138616517	2.4308630840443183e-11	-58078.60780556784	1.509146262798571e7	0.
-0.000010486827091966727	2.4308630840443183e-11	-80380.84239650045	2.3952997260559507e7	0.
-0.000015654249137283665	2.4308630840443183e-11	-58556.01239075529	1.5270689881110027e7	0.
-0.000010334844090633876	2.4308630840443183e-11	-81237.32711979786	2.4309886046657193e7	0.
-0.000015502266135950813	2.4308630840443183e-11	-59040.71234954893	1.5453205285263075e7	0.
-0.000010182861089301025	2.4308630840443183e-11	-82109.66280702635	2.467439146270932e7	0.
-0.00001535028313461796	2.4308630840443183e-11	-59532.861731693265	1.563908404074442e7	0.
-0.000010030878087968174	2.4308630840443183e-11	-82998.21988902666	2.5046699735782538e7	0.
-0.000015198300133285111	2.4308630840443183e-11	-60032.61850175648	1.5828406683800897e7	0.
-9.878895086635324e-6	2.4308630840443183e-11	-83903.37763645554	2.5426999843695194e7	0.
-0.000015046317131952261	2.4308630840443183e-11	-60540.14464631799	1.6021254509669175e7	0.
-9.726912085302472e-6	2.4308630840443183e-11	-84825.52428838998	2.5815485470885802e7	0.
-4.559490039985534e-6	2.4308630840443183e-11	-129673.50694170805	4.5487432728356816e7	0.
-9.57492908396962e-6	2.4308630840443183e-11	-85765.05717390367	2.6212353816666614e7	0.
-4.407507038652682e-6	2.4308630840443183e-11	-131505.7313044655	4.6305824561283074e7	0.
-9.42294608263677e-6	2.4308630840443183e-11	-86722.38282563652	2.6617806578087356e7	0.
-4.255524037319831e-6	2.4308630840443183e-11	-133374.6188266401	4.714058419260397e7	0.
-9.270963081303918e-6	2.4308630840443183e-11	-87697.91708430903	2.7032048078238487e7	0.
-4.10354103598698e-6	2.4308630840443183e-11	-135280.79896011594	4.799187710973705e7	0.
-9.118980079971068e-6	2.4308630840443183e-11	-88692.08519306376	2.7455287291673787e7	0.
-3.951558034654129e-6	2.4308630840443183e-11	-137224.89633255213	4.885985658410681e7	0.
-8.966997078638216e-6	2.4308630840443183e-11	-89705.3218804438	2.7887736979433976e7	0.
-3.799575033321278e-6	2.4308630840443183e-11	-139207.52953142126	4.974466363257716e7	0.
-8.815014077305364e-6	2.4308630840443183e-11	-90738.07143074478	2.8329614027476028e7	0.
-3.647592031988427e-6	2.4308630840443183e-11	-141229.3098455757	5.0646425158319525e7	0.
-8.663031075972514e-6	2.4308630840443183e-11	-91790.78774040336	2.8781138777156625e7	0.
-3.495609030655576e-6	2.4308630840443183e-11	-143290.83996807536	5.15652536113032e7	0.
-8.511048074639662e-6	2.4308630840443183e-11	-92863.93435900983	2.9242533748477034e7	0.
-3.3436260293227246e-6	2.4308630840443183e-11	-145392.712664563	5.2501244460029885e7	0.
-8.359065073306812e-6	2.4308630840443183e-11	-93957.98451345837	2.971402565657189e7	0.
-3.1916430279898736e-6	2.4308630840443183e-11	-147535.50941202923	5.3454479173638046e7	0.
-8.20708207197396e-6	2.4308630840443183e-11	-95073.42111367526	3.019584570611495e7	0.
-3.0396600266570226e-6	2.4308630840443183e-11	-149719.7990133566	5.442501960603222e7	0.
-8.055099070641109e-6	2.4308630840443183e-11	-96210.73673829206	3.06882269761555e7	0.
-2.8876770253241713e-6	2.4308630840443183e-11	-151946.13619356815	5.5412911716368884e7	0.
-7.903116069308259e-6	2.4308630840443183e-11	-97370.43359856305	3.1191405102622565e7	0.
-2.7356940239913203e-6	2.4308630840443183e-11	-154215.06018421627	5.641818012448033e7	0.
-7.751133067975407e-6	2.4308630840443183e-11	-98553.0234787587	3.1705617880682014e7	0.
-2.583711022658469e-6	2.4308630840443183e-11	-156527.09330282835	5.744083244385966e7	0.
-7.599150066642556e-6	2.4308630840443183e-11	-99759.02765120627	3.2231108889201526e7	0.
-2.431728021325618e-6	2.4308630840443183e-11	-158882.73953476397	5.848085660868703e7	0.
-7.447167065309705e-6	2.4308630840443183e-11	-100988.97676409184	3.2768119476653524e7	0.
-2.279745019992767e-6	2.4308630840443183e-11	-161282.48312522713	5.9538214063371174e7	0.
-7.295184063976854e-6	2.4308630840443183e-11	-102243.41070009128	3.3316895378355823e7	0.
-2.1277620186599156e-6	2.4308630840443183e-11	-163726.78718950623	6.061285104120897e7	0.
-7.143201062644003e-6	2.4308630840443183e-11	-103522.87840385515	3.387768379759376e7	0.
-1.9757790173270646e-6	2.4308630840443183e-11	-166216.09234977342	6.170469017471379e7	0.
-6.991218061311152e-6	2.4308630840443183e-11	-104827.9376763441	3.445073358277713e7	0.
-1.8237960159942135e-6	2.4308630840443183e-11	-168750.8154069604	6.2813630630183175e7	0.
-6.8392350599783e-6	2.4308630840443183e-11	-106159.15493399202	3.50362928217775e7	0.
-1.6718130146613623e-6	2.4308630840443183e-11	-171331.34805632624	6.393955201603326e7	0.
-6.687252058645449e-6	2.4308630840443183e-11	-107517.10493067	3.563461107651562e7	0.
-1.5198300133285113e-6	2.4308630840443183e-11	-173958.05565534128	6.5082307064543225e7	0.
-6.535269057312598e-6	2.4308630840443183e-11	-108902.37044043349	3.624593921899648e7	0.
-1.3678470119956601e-6	2.4308630840443183e-11	-176631.27605242614	6.624172933776109e7	0.
-6.383286055979747e-6	2.4308630840443183e-11	-110315.54189906328	3.6870525578122504e7	0.
-1.215864010662809e-6	2.4308630840443183e-11	-179351.3184848961	6.741762763471003e7	0.
-6.231303054646896e-6	2.4308630840443183e-11	-111757.21700245814	3.75086171614573e7	0.
-1.0638810093299578e-6	2.4308630840443183e-11	-182118.462554176	6.860978999269989e7	0.
-6.079320053314045e-6	2.4308630840443183e-11	-113228.00026000396	3.816046309884415e7	0.
-9.118980079971067e-7	2.4308630840443183e-11	-184932.95728595994	6.981797805630706e7	0.
-5.9273370519811935e-6	2.4308630840443183e-11	-114728.50250113565	3.8826307023454025e7	0.
-7.599150066642557e-7	2.4308630840443183e-11	-187795.02028250264	7.104193757288824e7	0.
-5.7753540506483425e-6	2.4308630840443183e-11	-116259.34033342544	3.950639166233924e7	0.
-6.079320053314045e-7	2.4308630840443183e-11	-190704.83697364185	7.228138587646657e7	0.
-5.6233710493154915e-6	2.4308630840443183e-11	-117821.13555067327	4.020095610539115e7	0.
-4.5594900399855336e-7	2.4308630840443183e-11	-193662.55997247883	7.35360230277329e7	0.
-5.4713880479826406e-6	2.4308630840443183e-11	-119414.51448964795	4.0910236082043e7	0.
-3.0396600266570224e-7	2.4308630840443183e-11	-196668.3085408816	7.480552793782906e7	0.
-5.31940504664979e-6	2.4308630840443183e-11	-121040.10733433008	4.163446140212266e7	0.
-1.5198300133285112e-7	2.4308630840443183e-11	-199722.16816914562	7.608955746798638e7	0.
-5.167422045316938e-6	2.4308630840443183e-11	-122698.54736674273	4.2373857427772455e7	0.
0.	2.4308630840443183e-11	-202824.19027325118	7.738775399998918e7	0.
-5.015439043984087e-6	2.4308630840443183e-11	-124390.47016372206	4.312864451101003e7	0.
1.5198300133285112e-7	2.4308630840443183e-11	-205974.3920122093	7.869973681906177e7	0.
-4.863456042651236e-6	2.4308630840443183e-11	-126116.51273928198	4.389903438245832e7	0.
3.0396600266570224e-7	2.4308630840443183e-11	-209172.75622700888	8.002510894463424e7	0.
-4.711473041318385e-6	2.4308630840443183e-11	-127877.31263256098	4.46852314280654e7	0.
5.4713880479826406e-6	2.4308630840443183e-11	-344494.57283993915	1.2971631118611257e8	0.
4.5594900399855336e-7	2.4308630840443183e-11	-212419.2315016698	8.13634607245523e7	0.
5.6233710493154915e-6	2.4308630840443183e-11	-349153.4177440281	1.3121816904287392e8	0.
6.079320053314045e-7	2.4308630840443183e-11	-215713.73234589642	8.271436424731793e7	0.
5.7753540506483425e-6	2.4308630840443183e-11	-353843.84636984393	1.3271776264085554e8	0.
7.599150066642557e-7	2.4308630840443183e-11	-219056.13949782087	8.407737881790102e7	0.
5.9273370519811935e-6	2.4308630840443183e-11	-358565.23238061776	1.3421482019409014e8	0.
9.118980079971067e-7	2.4308630840443183e-11	-222446.30034434184	8.545205114101364e7	0.
6.079320053314045e-6	2.4308630840443183e-11	-363316.9539825498	1.3570908605500668e8	0.
1.0638810093299578e-6	2.4308630840443183e-11	-225884.0294556215	8.683791684262489e7	0.
6.231303054646896e-6	2.4308630840443183e-11	-368098.39456806757	1.372003151498414e8	0.
1.215864010662809e-6	2.4308630840443183e-11	-229369.10922940527	8.823450117837316e7	0.
6.383286055979747e-6	2.4308630840443183e-11	-372908.94330773636	1.386882785426781e8	0.
1.3678470119956601e-6	2.4308630840443183e-11	-232901.29063999892	8.964132141959777e7	0.
6.535269057312598e-6	2.4308630840443183e-11	-377747.99569217017	1.401727549163297e8	0.
1.5198300133285113e-6	2.4308630840443183e-11	-236480.29408597774	9.105788971899012e7	0.
6.687252058645449e-6	2.4308630840443183e-11	-382614.95402547036	1.416535394227071e8	0.
1.6718130146613623e-6	2.4308630840443183e-11	-240105.8103300263	9.248370756812002e7	0.
6.8392350599783e-6	2.4308630840443183e-11	-387509.227871856	1.4313043574131736e8	0.
1.8237960159942135e-6	2.4308630840443183e-11	-243777.50152372415	9.391827716162397e7	0.
6.991218061311152e-6	2.4308630840443183e-11	-392430.23445727176	1.4460326012869045e8	0.
1.9757790173270646e-6	2.4308630840443183e-11	-247495.00230960082	9.536109585965797e7	0.
7.143201062644003e-6	2.4308630840443183e-11	-397377.39902784646	1.4607184104017755e8	0.
2.1277620186599156e-6	2.4308630840443183e-11	-251257.9209923972	9.681165438318346e7	0.
7.295184063976854e-6	2.4308630840443183e-11	-402350.1551671462	1.4753601340455097e8	0.
2.279745019992767e-6	2.4308630840443183e-11	-255065.8407711818	9.826945448915847e7	0.
7.447167065309705e-6	2.4308630840443183e-11	-407347.94507421047	1.489956315285379e8	0.
2.431728021325618e-6	2.4308630840443183e-11	-258918.32102378225	9.973398796134226e7	0.
7.599150066642556e-6	2.4308630840443183e-11	-412370.21980438853	1.5045054840832078e8	0.
2.583711022658469e-6	2.4308630840443183e-11	-262814.8986349103	1.0120475461894749e8	0.
7.751133067975407e-6	2.4308630840443183e-11	-417416.4394750045	1.5190063145709437e8	0.
2.7356940239913203e-6	2.4308630840443183e-11	-266755.0893593619	1.0268125778706147e8	0.
7.903116069308259e-6	2.4308630840443183e-11	-422486.0734378726	1.5334576667503384e8	0.
2.8876770253241713e-6	2.4308630840443183e-11	-270738.38921177736	1.0416300027062277e8	0.
8.055099070641109e-6	2.4308630840443183e-11	-427578.60042066517	1.5478583568034732e8	0.
3.0396600266570226e-6	2.4308630840443183e-11	-274764.2758746295	1.0564949763737266e8	0.
8.20708207197396e-6	2.4308630840443183e-11	-432693.508639112	1.562207343563318e8	0.
3.1916430279898736e-6	2.4308630840443183e-11	-278832.2101163658	1.0714026823357269e8	0.
8.359065073306812e-6	2.4308630840443183e-11	-437830.2958819589	1.57650371287645e8	0.
3.3436260293227246e-6	2.4308630840443183e-11	-282941.6372119632	1.0863483241320835e8	0.
8.511048074639662e-6	2.4308630840443183e-11	-442988.4695705739	1.5907465196513954e8	0.
3.495609030655576e-6	2.4308630840443183e-11	-287091.9883585392	1.1013273249284656e8	0.
8.663031075972514e-6	2.4308630840443183e-11	-448167.5467950311	1.6049350113644007e8	0.
3.647592031988427e-6	2.4308630840443183e-11	-291282.6820791032	1.1163350868654089e8	0.
8.815014077305364e-6	2.4308630840443183e-11	-453367.05432843615	1.61906844940304e8	0.
3.799575033321278e-6	2.4308630840443183e-11	-295513.1256080124	1.1313671469329432e8	0.
8.966997078638216e-6	2.4308630840443183e-11	-458586.5286211988	1.6331461671799624e8	0.
3.951558034654129e-6	2.4308630840443183e-11	-299782.71625220694	1.1464191688852969e8	0.
9.118980079971068e-6	2.4308630840443183e-11	-463825.5157768825	1.6471676086220974e8	0.
4.10354103598698e-6	2.4308630840443183e-11	-304090.8427228343	1.1614868725437419e8	0.
9.270963081303918e-6	2.4308630840443183e-11	-469083.5715111914	1.661132216749943e8	0.
4.255524037319831e-6	2.4308630840443183e-11	-308436.88643242215	1.1765661658897644e8	0.
9.42294608263677e-6	2.4308630840443183e-11	-474360.2610955825	1.6750395379551476e8	0.
4.407507038652682e-6	2.4308630840443183e-11	-312820.22275331116	1.1916530161954144e8	0.
9.57492908396962e-6	2.4308630840443183e-11	-479655.15928691323	1.688889156089666e8	0.
4.559490039985534e-6	2.4308630840443183e-11	-317240.2222336174	1.2067435622012472e8	0.
9.726912085302472e-6	2.4308630840443183e-11	-484967.85024446325	1.7026807433270037e8	0.
4.711473041318385e-6	2.4308630840443183e-11	-321696.25176753395	1.2218340335831644e8	0.
9.878895086635324e-6	2.4308630840443183e-11	-490297.92743559246	1.71641398934331e8	0.
4.863456042651236e-6	2.4308630840443183e-11	-326187.6757173186	1.2369208115497687e8	0.
0.000010030878087968174	2.4308630840443183e-11	-495644.9935312272	1.7300886573191932e8	0.
5.015439043984087e-6	2.4308630840443183e-11	-330713.8569848223	1.2520003922544062e8	0.
0.000010182861089301025	2.4308630840443183e-11	-501008.66029229056	1.743704510637033e8	0.
5.167422045316938e-6	2.4308630840443183e-11	-335274.1580309067	1.2670694471333404e8	0.
0.000010334844090633876	2.4308630840443183e-11	-506388.54844812566	1.7572614257511e8	0.
5.31940504664979e-6	2.4308630840443183e-11	-339867.9418415576	1.2821247074493913e8	0.
0.000010486827091966727	2.4308630840443183e-11	-511784.2875678919	1.770759265449678e8	0.
0.000015502266135950813	2.4308630840443183e-11	-696767.5443420407	2.183930701584585e8	0.
0.00001063881009329958	2.4308630840443183e-11	-517195.51592584664	1.7841979748325363e8	0.
0.000015654249137283665	2.4308630840443183e-11	-702535.0682263107	2.1955306912324488e8	0.
0.00001079079309463243	2.4308630840443183e-11	-522621.8803613632	1.7975775150886694e8	0.
0.000015806232138616517	2.4308630840443183e-11	-708309.8874841869	2.2070809132965955e8	0.
0.000010942776095965281	2.4308630840443183e-11	-528063.0361344737	1.8108978481462726e8	0.
0.00001595821513994937	2.4308630840443183e-11	-714091.8518761916	2.218581753279489e8	0.
0.000011094759097298131	2.4308630840443183e-11	-533518.6467776683	1.8241590623277098e8	0.
0.000016110198141282217	2.4308630840443183e-11	-719880.8148711589	2.2300336428095192e8	0.
0.000011246742098630983	2.4308630840443183e-11	-538988.3839446218	1.8373611339235255e8	0.
0.00001626218114261507	2.4308630840443183e-11	-725676.6335468482	2.2414369218429568e8	0.
0.000011398725099963835	2.4308630840443183e-11	-544471.9272564764	1.8505042242219064e8	0.
0.00001641416414394792	2.4308630840443183e-11	-731479.168493089	2.2527920903559375e8	0.
0.000011550708101296685	2.4308630840443183e-11	-549968.9641462434	1.8635884247637454e8	0.
0.000016566147145280773	2.4308630840443183e-11	-737288.2837174195	2.2640994629725313e8	0.
0.000011702691102629537	2.4308630840443183e-11	-555479.189701856	1.8766138781430158e8	0.
0.000016718130146613624	2.4308630840443183e-11	-743103.8465531786	2.2753594965155777e8	0.
0.000011854674103962387	2.4308630840443183e-11	-561002.3065083456	1.889580751096707e8	0.
0.000016870113147946473	2.4308630840443183e-11	-748925.7275700083	2.286572633151562e8	0.
0.000012006657105295239	2.4308630840443183e-11	-566538.0244895836	1.902489220470557e8	0.
0.000017022096149279325	2.4308630840443183e-11	-754753.8004867216	2.2977392175428566e8	0.
0.00001215864010662809	2.4308630840443183e-11	-572086.0607499812	1.9153395259826183e8	0.
0.000017174079150612177	2.4308630840443183e-11	-760587.9420864934	2.3088596730202514e8	0.
0.00001231062310796094	2.4308630840443183e-11	-577646.1394165116	1.9281318544916442e8	0.
0.00001732606215194503	2.4308630840443183e-11	-766428.0321343245	2.3199343613362372e8	0.
0.000012462606109293792	2.4308630840443183e-11	-583217.991481377	1.9408665072228318e8	0.
0.00001747804515327788	2.4308630840443183e-11	-772273.9532967374	2.330963776361972e8	0.
0.000012614589110626643	2.4308630840443183e-11	-588801.3546456122	1.9535436777785087e8	0.
0.00001763002815461073	2.4308630840443183e-11	-778125.5910636475	2.341948242059904e8	0.
0.000012766572111959494	2.4308630840443183e-11	-594395.973163891	1.9661636917217302e8	0.
0.00001778201115594358	2.4308630840443183e-11	-783982.8336723737	2.3528881925048268e8	0.
0.000012918555113292345	2.4308630840443183e-11	-600001.5976907654	1.978726817951311e8	0.
0.000017933994157276432	2.4308630840443183e-11	-789845.572033728	2.3637839577769274e8	0.
0.000013070538114625196	2.4308630840443183e-11	-605617.9851285492	1.9912333955155113e8	0.
0.000018085977158609284	2.4308630840443183e-11	-795713.6996601475	2.3746360123536888e8	0.
0.000013222521115958048	2.4308630840443183e-11	-611244.898477026	2.003683697520241e8	0.
0.000018237960159942136	2.4308630840443183e-11	-801587.1125958102	2.3854446808079365e8	0.
0.000013374504117290898	2.4308630840443183e-11	-616882.1066851487	2.0160780976224685e8	0.
0.000018389943161274984	2.4308630840443183e-11	-807465.7093486952	2.3962103699124688e8	0.
0.00001352648711862375	2.4308630840443183e-11	-622529.3845048645	2.0284169014142966e8	0.
0.000018541926162607836	2.4308630840443183e-11	-813349.3908245355	2.4069334400931293e8	0.
0.0000136784701199566	2.4308630840443183e-11	-628186.5123471933	2.0407004551501796e8	0.
0.000018693909163940688	2.4308630840443183e-11	-819238.0602626165	2.4176143375193235e8	0.
0.000013830453121289452	2.4308630840443183e-11	-633853.2761406605	2.052929164918158e8	0.
0.00001884589216527354	2.4308630840443183e-11	-825131.6231733735	2.4282533312169424e8	0.
0.000013982436122622304	2.4308630840443183e-11	-639529.4671921716	2.065103307412696e8	0.
0.00001899787516660639	2.4308630840443183e-11	-831029.9872777455	2.4388509184904763e8	0.
0.000014134419123955154	2.4308630840443183e-11	-645214.8820504058	2.0772233295994782e8	0.
0.00001914985816793924	2.4308630840443183e-11	-836933.0624482316	2.4494073914456773e8	0.
0.000014286402125288006	2.4308630840443183e-11	-650909.3223717842	2.0892895821169367e8	0.
0.000019301841169272092	2.4308630840443183e-11	-842840.7606516168	2.459923136570165e8	0.
0.000014438385126620856	2.4308630840443183e-11	-656612.5947890632	2.101302449128799e8	0.
0.000019453824170604944	2.4308630840443183e-11	-848752.9958933099	2.4703985004645458e8	0.
0.000014590368127953708	2.4308630840443183e-11	-662324.5107825882	2.1132623162683696e8	0.
0.000019605807171937795	2.4308630840443183e-11	-854669.6841632616	2.4808339001298803e8	0.
0.00001474235112928656	2.4308630840443183e-11	-668044.8865542343	2.1251695761379504e8	0.
0.000019757790173270647	2.4308630840443183e-11	-860590.7433834109	2.491229638331767e8	0.
0.00001489433413061941	2.4308630840443183e-11	-673773.5429040509	2.1370246028540137e8	0.
0.000019909773174603496	2.4308630840443183e-11	-866516.0933566254	2.5015860881563345e8	0.
0.000015046317131952261	2.4308630840443183e-11	-679510.3051096189	2.1488278590318596e8	0.
0.000020061756175936347	2.4308630840443183e-11	-872445.6557170894	2.511903601832272e8	0.
0.000015198300133285111	2.4308630840443183e-11	-685255.0028081209	2.1605796802279535e8	0.
0.0000202137391772692	2.4308630840443183e-11	-878379.3538820996	2.5221825270586446e8	0.
0.00001535028313461796	2.4308630840443183e-11	-691007.4698811213	2.172280471000672e8	0.
0.00002036572217860205	2.4308630840443183e-11	-884317.1130052333	2.5324232096779504e8	0.
0.000020517705179934903	2.4308630840443183e-11	-890258.8599308459	2.542625991819436e8	0.
0.00002553314422391899	2.4308630840443183e-11	-1.088177770785311e6	2.8600958321057314e8	0.
0.00002066968818126775	2.4308630840443183e-11	-896204.5231498614	2.5527912104933244e8	0.
0.00002568512722525184	2.4308630840443183e-11	-1.0942212006297004e6	2.869189716827459e8	0.
0.000020821671182600603	2.4308630840443183e-11	-902154.0327568214	2.5629192011570007e8	0.
0.00002583711022658469	2.4308630840443183e-11	-1.1002668487803934e6	2.878255654715381e8	0.
0.000020973654183933455	2.4308630840443183e-11	-908107.3204081529	2.5730102763906616e8	0.
0.00002598909322791754	2.4308630840443183e-11	-1.106314681255244e6	2.887293798523209e8	0.
0.000021125637185266307	2.4308630840443183e-11	-914064.3192816223	2.58306480365145e8	0.
0.000026141076229250393	2.4308630840443183e-11	-1.1123646647380185e6	2.896304471055745e8	0.
0.00002127762018659916	2.4308630840443183e-11	-920024.9640369414	2.5930831084647086e8	0.
0.000026293059230583244	2.4308630840443183e-11	-1.1184167665628034e6	2.9052877775351584e8	0.
0.000021429603187932007	2.4308630840443183e-11	-925989.1907774901	2.6030654714987177e8	0.
0.000026445042231916096	2.4308630840443183e-11	-1.1244709546988301e6	2.914244044405486e8	0.
0.00002158158618926486	2.4308630840443183e-11	-931956.9370131264	2.613012192597731e8	0.
0.000026597025233248945	2.4308630840443183e-11	-1.1305271977357024e6	2.923173369336898e8	0.
0.00002173356919059771	2.4308630840443183e-11	-937928.1416240492	2.6229236640904307e8	0.
0.000026749008234581796	2.4308630840443183e-11	-1.1365854648690186e6	2.932076102830635e8	0.
0.000021885552191930562	2.4308630840443183e-11	-943902.7448256837	2.632800158323944e8	0.
0.000026900991235914648	2.4308630840443183e-11	-1.1426457258863708e6	2.940952389125365e8	0.
0.000022037535193263414	2.4308630840443183e-11	-949880.6881345615	2.6426419835491797e8	0.
0.0000270529742372475	2.4308630840443183e-11	-1.148707951153717e6	2.9498024851686186e8	0.
0.000022189518194596263	2.4308630840443183e-11	-955861.9143351641	2.6524494636464325e8	0.
0.000027204957238580352	2.4308630840443183e-11	-1.1547721116021099e6	2.958626538923761e8	0.
0.000022341501195929114	2.4308630840443183e-11	-961846.3674477017	2.6622228443981192e8	0.
0.0000273569402399132	2.4308630840443183e-11	-1.1608381787147755e6	2.967424803728043e8	0.
0.000022493484197261966	2.4308630840443183e-11	-967833.9926968004	2.6719624980128133e8	0.
0.000027508923241246052	2.4308630840443183e-11	-1.16690612451453e6	2.9761975012721676e8	0.
0.000022645467198594818	2.4308630840443183e-11	-973824.7364810699	2.6816686636614856e8	0.
0.000027660906242578904	2.4308630840443183e-11	-1.1729759215515233e6	2.984944768706132e8	0.
0.00002279745019992767	2.4308630840443183e-11	-979818.5463435288	2.691341652600851e8	0.
0.000027812889243911756	2.4308630840443183e-11	-1.1790475428913052e6	2.9936668227111363e8	0.
0.000022949433201260518	2.4308630840443183e-11	-985815.370942856	2.7009817327484804e8	0.
0.000027964872245244608	2.4308630840443183e-11	-1.1851209621031983e6	3.0023639101993513e8	0.
0.00002310141620259337	2.4308630840443183e-11	-991815.1600254524	2.710589228082497e8	0.
0.000028116855246577456	2.4308630840443183e-11	-1.191196153248973e6	3.011036143998721e8	0.
0.000023253399203926222	2.4308630840443183e-11	-997817.8643982789	2.72016438541054e8	0.
0.000028268838247910308	2.4308630840443183e-11	-1.1972730908718167e6	3.019683799068714e8	0.
0.000023405382205259074	2.4308630840443183e-11	-1.0038234359024564e6	2.7297075529969215e8	0.
0.00002842082124924316	2.4308630840443183e-11	-1.2033517499855838e6	3.02830706973389e8	0.
0.000023557365206591925	2.4308630840443183e-11	-1.0098318273875995e6	2.7392188985219115e8	0.
0.00002857280425057601	2.4308630840443183e-11	-1.2094321060643226e6	3.0369060571529055e8	0.
0.000023709348207924774	2.4308630840443183e-11	-1.0158429926868663e6	2.7486987879213995e8	0.
0.000028724787251908863	2.4308630840443183e-11	-1.2155141350320736e6	3.0454810026780665e8	0.
0.000023861331209257626	2.4308630840443183e-11	-1.0218568865926987e6	2.758147414282165e8	0.
0.00002887677025324171	2.4308630840443183e-11	-1.221597813252923e6	3.054032120635485e8	0.
0.000024013314210590477	2.4308630840443183e-11	-1.0278734648332365e6	2.767565102185937e8	0.
0.000029028753254574563	2.4308630840443183e-11	-1.2276831175213135e6	3.062559530695632e8	0.
0.00002416529721192333	2.4308630840443183e-11	-1.0338926840493825e6	2.7769521156919116e8	0.
0.000029180736255907415	2.4308630840443183e-11	-1.2337700250525977e6	3.0710634762639874e8	0.
0.00002431728021325618	2.4308630840443183e-11	-1.0399145017725012e6	2.786308676032911e8	0.
0.000029332719257240267	2.4308630840443183e-11	-1.2398585134738334e6	3.0795441071446466e8	0.
0.00002446926321458903	2.4308630840443183e-11	-1.0459388764027322e6	2.795635022459314e8	0.
0.00002948470225857312	2.4308630840443183e-11	-1.2459485608148088e6	3.088001578498843e8	0.
0.00002462124621592188	2.4308630840443183e-11	-1.0519657671878992e6	2.8049315031516266e8	0.
0.000029636685259905967	2.4308630840443183e-11	-1.2520401454992949e6	3.0964360839779097e8	0.
0.000024773229217254733	2.4308630840443183e-11	-1.057995134202995e6	2.8141982960001516e8	0.
0.00002978866826123882	2.4308630840443183e-11	-1.2581332463365167e6	3.104847794501387e8	0.
0.000024925212218587585	2.4308630840443183e-11	-1.0640269383302317e6	2.823435650642123e8	0.
0.00002994065126257167	2.4308630840443183e-11	-1.2642278425128371e6	3.1132368492585886e8	0.
0.000025077195219920433	2.4308630840443183e-11	-1.0700611412396312e6	2.832643848203808e8	0.
0.000030092634263904523	2.4308630840443183e-11	-1.2703239135836496e6	3.1216034822386974e8	0.
0.000025229178221253285	2.4308630840443183e-11	-1.0760977053701484e6	2.841823114995648e8	0.
0.000030244617265237375	2.4308630840443183e-11	-1.27642143946547e6	3.12994786477092e8	0.
0.000025381161222586137	2.4308630840443183e-11	-1.082136593911303e6	2.8509737090516514e8	0.
0.000030396600266570223	2.4308630840443183e-11	-1.2825204004282262e6	3.138270090130487e8	0.
