# Filename	C:\Users\edmag\Documents\Work\2D-Comp-Model\computation\Turning Timeresults\2018-02-05T05-27-16.txt
# Source	C:\Users\edmag\Documents\Work\2D-Comp-Model\computation\Turning Time\turning.nb
# Note	1D calculation of turning time vs. field and orbit energy.
# Date	2018-02-05T05:27:16
# Dir	-1
# field	5.834071401706363e-12
# zi	-6.
W	field	zt	t	argt
-0.000030396600266570223	5.834071401706363e-12	-32693.269796914465	6.550570102293069e6	0.
-0.000025229178221253285	5.834071401706363e-12	-39279.85920610617	8.617854597424213e6	0.
-0.000030244617265237375	5.834071401706363e-12	-32855.50624943649	6.599237609111645e6	0.
-0.000025077195219920433	5.834071401706363e-12	-39513.63366904153	8.694556334046505e6	0.
-0.000030092634263904523	5.834071401706363e-12	-33019.350662272605	6.648506851645773e6	0.
-0.000024925212218587585	5.834071401706363e-12	-39750.18184501144	8.772388649983354e6	-1.594704848161454e-7
-0.00002994065126257167	5.834071401706363e-12	-33184.826905418704	6.698388939974263e6	0.
-0.000024773229217254733	5.834071401706363e-12	-39989.552930249185	8.851380714948617e6	-1.8971524380989226e-7
-0.00002978866826123882	5.834071401706363e-12	-33351.959320562964	6.748892503395824e6	0.
-0.00002462124621592188	5.834071401706363e-12	-40231.79728008834	8.931554962131187e6	0.
-0.000029636685259905967	5.834071401706363e-12	-33520.77273271794	6.800030670865099e6	0.
-0.00002446926321458903	5.834071401706363e-12	-40476.96644295872	9.012935185462927e6	0.
-0.00002948470225857312	5.834071401706363e-12	-33691.29246219155	6.851813384888356e6	0.
-0.00002431728021325618	5.834071401706363e-12	-40725.11319557039	9.095545496235007e6	0.
-0.000029332719257240267	5.834071401706363e-12	-33863.54433691726	6.904252466428107e6	0.
-0.00002416529721192333	5.834071401706363e-12	-40976.291579341545	9.179412967468554e6	-1.5429587590269166e-7
-0.000029180736255907415	5.834071401706363e-12	-34037.55470514923	6.95735886362964e6	0.
-0.000024013314210590477	5.834071401706363e-12	-41230.55693811084	9.264566232025515e6	0.
-0.000029028753254574563	5.834071401706363e-12	-34213.3504485391	7.011144217718747e6	-1.4272259430532288e-7
-0.000023861331209257626	5.834071401706363e-12	-41487.96595719862	9.351030172756132e6	0.
-0.00002887677025324171	5.834071401706363e-12	-34390.95899560437	7.065622999071328e6	0.
-0.000023709348207924774	5.834071401706363e-12	-41748.5767038604	9.438833006139684e6	0.
-0.000028724787251908863	5.834071401706363e-12	-34570.40833560717	7.120805871733587e6	0.
-0.000023557365206591925	5.834071401706363e-12	-42012.4486692019	9.528005160887757e6	0.
-0.00002857280425057601	5.834071401706363e-12	-34751.72703285028	7.176704458182111e6	0.
-0.000023405382205259074	5.834071401706363e-12	-42279.64281160714	9.618575945558624e6	0.
-0.00002842082124924316	5.834071401706363e-12	-34934.9442414139	7.233333080922191e6	-2.2837933184744984e-7
-0.000023253399203926222	5.834071401706363e-12	-42550.2216017503	9.710575288363336e6	0.
-0.000028268838247910308	5.834071401706363e-12	-35120.08972034024	7.290708010966021e6	0.
-0.00002310141620259337	5.834071401706363e-12	-42824.249069253936	9.80403390945955e6	0.
-0.000028116855246577456	5.834071401706363e-12	-35307.19384928993	7.348835704070088e6	0.
-0.000022949433201260518	5.834071401706363e-12	-43101.790851064856	9.898985419624839e6	0.
-0.000027964872245244608	5.834071401706363e-12	-35496.287644681004	7.4077360993327685e6	0.
-0.00002279745019992767	5.834071401706363e-12	-43382.9142416209	9.995462182347294e6	-1.5002274081253526e-7
-0.000027812889243911756	5.834071401706363e-12	-35687.40277633001	7.467421731202333e6	0.
-0.000022645467198594818	5.834071401706363e-12	-43667.68824488351	1.0093504089579737e7	0.
-0.000027660906242578904	5.834071401706363e-12	-35880.57158461459	7.527906758715675e6	0.
-0.000022493484197261966	5.834071401706363e-12	-43956.1836283224	1.0193136656695914e7	0.
-0.000027508923241246052	5.834071401706363e-12	-36075.82709817587	7.589207071757361e6	0.
-0.000022341501195929114	5.834071401706363e-12	-44248.47297892821	1.0294396932990424e7	0.
-0.0000273569402399132	5.834071401706363e-12	-36273.20305217751	7.651337213359789e6	0.
-0.000022189518194596263	5.834071401706363e-12	-44544.63076134988	1.0397329813624237e7	0.
-0.000027204957238580352	5.834071401706363e-12	-36472.7339071478	7.714312481875912e6	-1.301808652545611e-7
-0.000022037535193263414	5.834071401706363e-12	-44844.73337824318	1.050196842308309e7	0.
-0.0000270529742372475	5.834071401706363e-12	-36674.45486841881	7.778150719065321e6	0.
-0.000021885552191930562	5.834071401706363e-12	-45148.85923293383	1.0608352485290227e7	0.
-0.000026900991235914648	5.834071401706363e-12	-36878.40190619445	7.842867062840542e6	0.
-0.00002173356919059771	5.834071401706363e-12	-45457.0887944939	1.0716524623660585e7	0.
-0.000026749008234581796	5.834071401706363e-12	-37084.61177625766	7.908478152111386e6	0.
-0.00002158158618926486	5.834071401706363e-12	-45769.50466533844	1.0826526414151205e7	0.
-0.000026597025233248945	5.834071401706363e-12	-37293.12204135564	7.975003130433366e6	0.
-0.000021429603187932007	5.834071401706363e-12	-46086.19165146009	1.0938396676617268e7	0.
-0.000026445042231916096	5.834071401706363e-12	-37503.97109327497	8.042456129858329e6	0.
-0.00002127762018659916	5.834071401706363e-12	-46407.23683541586	1.1052183629882889e7	0.
-0.000026293059230583244	5.834071401706363e-12	-37717.19817564475	8.110858547762402e6	0.
-0.000021125637185266307	5.834071401706363e-12	-46732.729652192764	1.1167929812596045e7	-2.574085015338881e-7
-0.000026141076229250393	5.834071401706363e-12	-37932.8434074845	8.180228511450274e6	0.
-0.000020973654183933455	5.834071401706363e-12	-47062.76196808339	1.1285686618248709e7	-2.04768222772897e-7
-0.00002598909322791754	5.834071401706363e-12	-38150.94780753322	8.250584093772139e6	0.
-0.000020821671182600603	5.834071401706363e-12	-47397.42816271032	1.1405500325114153e7	-1.2491006859513772e-7
-0.00002583711022658469	5.834071401706363e-12	-38371.55331938651	8.321944327450488e6	0.
-0.00002066968818126775	5.834071401706363e-12	-47736.82521434255	1.1527424018067759e7	0.
-0.00002568512722525184	5.834071401706363e-12	-38594.70283747349	8.39433259027926e6	0.
-0.000020517705179934903	5.834071401706363e-12	-48081.05278865977	1.1651501390140455e7	0.
-0.00002553314422391899	5.834071401706363e-12	-38820.44023390307	8.467764204677826e6	0.
-0.00002036572217860205	5.834071401706363e-12	-48430.21333112141	1.1777791953550657e7	0.
-0.000025381161222586137	5.834071401706363e-12	-39048.810386221485	8.54226469346022e6	0.
-0.0000202137391772692	5.834071401706363e-12	-48784.41216311314	1.1906346777346246e7	-1.7712729986269935e-7
-0.000020061756175936347	5.834071401706363e-12	-49143.75758204679	1.2037228374562737e7	0.
-0.00001489433413061941	5.834071401706363e-12	-65461.13833322942	1.8431148209744036e7	0.
-0.000019909773174603496	5.834071401706363e-12	-49508.36096560425	1.2170486905463686e7	-2.0741714101462232e-7
-0.00001474235112928656	5.834071401706363e-12	-66102.59818261364	1.8699345661895227e7	0.
-0.000019757790173270647	5.834071401706363e-12	-49878.33688031783	1.2306188870000068e7	-4.430061118734029e-7
-0.000014590368127953708	5.834071401706363e-12	-66756.4321728387	1.8973943514781352e7	0.
-0.000019605807171937795	5.834071401706363e-12	-50253.80319470219	1.244439601960198e7	0.
-0.000014438385126620856	5.834071401706363e-12	-67422.99227366142	1.9255148198478077e7	0.
-0.000019453824170604944	5.834071401706363e-12	-50634.88119715251	1.2585170809749454e7	0.
-0.000014286402125288006	5.834071401706363e-12	-68102.64354796382	1.9543181483516965e7	0.
-0.000019301841169272092	5.834071401706363e-12	-51021.695718841474	1.2728575560902515e7	0.
-0.000014134419123955154	5.834071401706363e-12	-68795.76474693809	1.983827132635299e7	0.
-0.00001914985816793924	5.834071401706363e-12	-51414.375261863315	1.2874683588526972e7	-1.679783223166986e-7
-0.000013982436122622304	5.834071401706363e-12	-69502.74893685093	2.014065269794519e7	0.
-0.00001899787516660639	5.834071401706363e-12	-51813.05213287458	1.3023568842618609e7	0.
-0.000013830453121289452	5.834071401706363e-12	-70224.00415927391	2.0450575800753195e7	0.
-0.00001884589216527354	5.834071401706363e-12	-52217.86258251492	1.317529400487299e7	-1.7148602139869253e-7
-0.0000136784701199566	5.834071401706363e-12	-70959.95412678662	2.0768295495760527e7	0.
-0.000018693909163940688	5.834071401706363e-12	-52628.94695088299	1.3329943744390922e7	-1.476853073021874e-7
-0.00001352648711862375	5.834071401706363e-12	-71711.03895629541	2.1094082770099558e7	0.
-0.000018541926162607836	5.834071401706363e-12	-53046.44981938053	1.3487601618038516e7	0.
-0.000013374504117290898	5.834071401706363e-12	-72477.71594224463	2.142821819917634e7	0.
-0.000018389943161274984	5.834071401706363e-12	-53470.52016923977	1.3648322506589497e7	-2.565334213584647e-7
-0.000013222521115958048	5.834071401706363e-12	-73260.46037215074	2.1770993181019995e7	0.
-0.000018237960159942136	5.834071401706363e-12	-53901.31154707293	1.3812224495539755e7	0.
-0.000013070538114625196	5.834071401706363e-12	-74059.7663870481	2.2122715772775922e7	0.
-0.000018085977158609284	5.834071401706363e-12	-54338.982237804215	1.3979358954801828e7	-8.181390503305747e-7
-0.000012918555113292345	5.834071401706363e-12	-74876.14788960286	2.2483702224813905e7	0.
-0.000017933994157276432	5.834071401706363e-12	-54783.695445359124	1.414984160397278e7	-1.54940135159576e-7
-0.000012766572111959494	5.834071401706363e-12	-75710.13950283766	2.285428624080282e7	0.
-0.00001778201115594358	5.834071401706363e-12	-55235.619481512775	1.4323760353642406e7	0.
-0.000012614589110626643	5.834071401706363e-12	-76562.29758259881	2.3234818631723527e7	0.
-0.00001763002815461073	5.834071401706363e-12	-55694.92796332106	1.450119792072448e7	-1.960761955614827e-7
-0.000012462606109293792	5.834071401706363e-12	-77433.2012871062	2.3625664100297786e7	0.
-0.00001747804515327788	5.834071401706363e-12	-56161.80001957841	1.4682266476047765e7	-1.4308429198790536e-7
-0.00001231062310796094	5.834071401706363e-12	-78323.45370714711	2.4027198396619402e7	0.
-0.00001732606215194503	5.834071401706363e-12	-56636.4205067804	1.4867065925398305e7	0.
-0.00001215864010662809	5.834071401706363e-12	-79233.68306070783	2.443982239421046e7	0.
-0.000012006657105295239	5.834071401706363e-12	-80164.54395608677	2.486395446107127e7	0.
-0.000017174079150612177	5.834071401706363e-12	-57118.98023509089	1.5055699555087727e7	0.
-0.000011854674103962387	5.834071401706363e-12	-81116.71872779886	2.530003213080961e7	0.
-0.000017022096149279325	5.834071401706363e-12	-57609.676204841635	1.524827661017152e7	-1.26339343412641e-7
-0.000011702691102629537	5.834071401706363e-12	-82090.91884986196	2.5748507304552134e7	0.
-0.000016870113147946473	5.834071401706363e-12	-58108.71185413153	1.5444926794349957e7	0.
-0.000011550708101296685	5.834071401706363e-12	-83087.88643135845	2.6209862172131762e7	0.
-0.000016718130146613624	5.834071401706363e-12	-58616.29731812144	1.5645732676455226e7	-8.055125667291037e-7
-0.000011398725099963835	5.834071401706363e-12	-84108.39579947686	2.6684598811823204e7	0.
-0.000016566147145280773	5.834071401706363e-12	-59132.6497006506	1.5850854418999715e7	0.
-0.000011246742098630983	5.834071401706363e-12	-85153.25517558107	2.7173238906855907e7	0.
-0.00001641416414394792	5.834071401706363e-12	-59657.993358851585	1.6060399624117542e7	0.
-0.000011094759097298131	5.834071401706363e-12	-86223.30845020787	2.767634080942998e7	0.
-0.00001626218114261507	5.834071401706363e-12	-60192.56020147007	1.6274516224873306e7	0.
-0.000010942776095965281	5.834071401706363e-12	-87319.437063266	2.819446688737732e7	0.
-0.000016110198141282217	5.834071401706363e-12	-60736.590001643286	1.6493309070361916e7	-2.1533068087659266e-7
-0.00001079079309463243	5.834071401706363e-12	-88442.56199611352	2.8728239636221964e7	0.
-0.00001595821513994937	5.834071401706363e-12	-61290.33072493901	1.6716956147403456e7	0.
-0.00001063881009329958	5.834071401706363e-12	-89593.64588259529	2.927829722469921e7	0.
-0.000015806232138616517	5.834071401706363e-12	-61854.0388735023	1.6945588261912126e7	0.
-0.000010486827091966727	5.834071401706363e-12	-90773.69524656916	2.984528528033272e7	0.
-0.000015654249137283665	5.834071401706363e-12	-62427.97984720968	1.717936600728945e7	0.
-0.000010334844090633876	5.834071401706363e-12	-91983.76287390022	3.0429932770661425e7	0.
-0.000015502266135950813	5.834071401706363e-12	-63012.428322791195	1.741843461167752e7	0.
-0.000010182861089301025	5.834071401706363e-12	-93224.95032737307	3.1032956971471384e7	0.
-0.00001535028313461796	5.834071401706363e-12	-63607.66865193567	1.7662975263902035e7	0.
-0.000010030878087968174	5.834071401706363e-12	-94498.4106134753	3.1655141997502103e7	0.
-0.000015198300133285111	5.834071401706363e-12	-64213.9952794575	1.7913150128139228e7	-2.1559024483837346e-7
-9.878895086635324e-6	5.834071401706363e-12	-95805.35101050166	3.2297305666694727e7	0.
-0.000015046317131952261	5.834071401706363e-12	-64831.71318267617	1.8169148371567916e7	0.
-4.559490039985534e-6	5.834071401706363e-12	-178536.79149634435	7.854631485520408e7	0.
-9.726912085302472e-6	5.834071401706363e-12	-97147.03606795656	3.29602976634286e7	0.
-4.407507038652682e-6	5.834071401706363e-12	-182701.72845146814	8.108143754924855e7	0.
-9.57492908396962e-6	5.834071401706363e-12	-98524.79078776241	3.3645023493440576e7	0.
-4.255524037319831e-6	5.834071401706363e-12	-187031.90016295167	8.373060241597353e7	0.
-9.42294608263677e-6	5.834071401706363e-12	-99940.0039983133	3.435242970263894e7	0.
-4.10354103598698e-6	5.834071401706363e-12	-191535.2413601363	8.649930143811183e7	0.
-9.270963081303918e-6	5.834071401706363e-12	-101394.13193295343	3.5083519839757726e7	0.
-3.951558034654129e-6	5.834071401706363e-12	-196220.0292874697	8.939318528011668e7	0.
-9.118980079971068e-6	5.834071401706363e-12	-102888.70202498128	3.5839339803695e7	0.
-3.799575033321278e-6	5.834071401706363e-12	-201094.88352297575	9.241806887756065e7	0.
-8.966997078638216e-6	5.834071401706363e-12	-104425.31693179553	3.662099663014431e7	0.
-3.647592031988427e-6	5.834071401706363e-12	-206168.76260551292	9.557989938287897e7	0.
-8.815014077305364e-6	5.834071401706363e-12	-106005.65880127439	3.7429663150407225e7	0.
-3.495609030655576e-6	5.834071401706363e-12	-211450.95693169767	9.888473651735623e7	0.
-8.663031075972514e-6	5.834071401706363e-12	-107631.4937939199	3.82665686455136e7	0.
-3.3436260293227246e-6	5.834071401706363e-12	-216951.0773496256	1.0233871839979653e8	0.
-8.511048074639662e-6	5.834071401706363e-12	-109304.67687467928	3.913300570726966e7	0.
-3.1916430279898736e-6	5.834071401706363e-12	-222679.03885261927	1.0594802470152022e8	0.
-8.359065073306812e-6	5.834071401706363e-12	-111027.15688865083	4.003034045051606e7	0.
-3.0396600266570226e-6	5.834071401706363e-12	-228645.03876611378	1.0971884019404256e8	0.
-8.20708207197396e-6	5.834071401706363e-12	-112800.98193507659	4.096001724111378e7	0.
-2.8876770253241713e-6	5.834071401706363e-12	-234859.52882891727	1.1365729812820594e8	0.
-8.055099070641109e-6	5.834071401706363e-12	-114628.30505408267	4.192355881054793e7	0.
-7.903116069308259e-6	5.834071401706363e-12	-116511.3902405172	4.292256505822785e7	0.
-2.7356940239913203e-6	5.834071401706363e-12	-241333.180601324	1.177694221499787e8	0.
-7.751133067975407e-6	5.834071401706363e-12	-118452.61879891437	4.3958732112341285e7	0.
-2.583711022658469e-6	5.834071401706363e-12	-248076.8436919244	1.2206106903608447e8	0.
-7.599150066642556e-6	5.834071401706363e-12	-120454.49605302463	4.503384271631129e7	0.
-2.431728021325618e-6	5.834071401706363e-12	-255101.49638733693	1.2653785380328977e8	0.
-7.447167065309705e-6	5.834071401706363e-12	-122519.65842245321	4.614978721660076e7	0.
-2.279745019992767e-6	5.834071401706363e-12	-262418.18839875393	1.3120506801951292e8	0.
-7.295184063976854e-6	5.834071401706363e-12	-124650.88087765	4.730854874003207e7	0.
-2.1277620186599156e-6	5.834071401706363e-12	-270037.9756093	1.360676049635033e8	0.
-7.143201062644003e-6	5.834071401706363e-12	-126851.08478274214	4.851223028354697e7	0.
-1.9757790173270646e-6	5.834071401706363e-12	-277971.8469181117	1.4112986073893875e8	0.
-6.991218061311152e-6	5.834071401706363e-12	-129123.3461333737	4.976304629474356e7	0.
-1.8237960159942135e-6	5.834071401706363e-12	-286230.6435296794	1.463956582016179e8	0.
-6.8392350599783e-6	5.834071401706363e-12	-131470.9041937388	5.106333763119255e7	0.
-1.6718130146613623e-6	5.834071401706363e-12	-294824.97132611834	1.5186813752196082e8	0.
-6.687252058645449e-6	5.834071401706363e-12	-133897.17053321688	5.241557154566507e7	0.
-1.5198300133285113e-6	5.834071401706363e-12	-303765.1072777574	1.5754967964380157e8	0.
-6.535269057312598e-6	5.834071401706363e-12	-136405.73845832527	5.382234957251188e7	0.
-1.3678470119956601e-6	5.834071401706363e-12	-313060.90118179435	1.634418070809766e8	0.
-6.383286055979747e-6	5.834071401706363e-12	-139000.39282992075	5.528641732804153e7	0.
-6.231303054646896e-6	5.834071401706363e-12	-141685.12024854583	5.681067077257824e7	0.
-1.215864010662809e-6	5.834071401706363e-12	-322721.6743538057	1.6954510991879898e8	0.
-6.079320053314045e-6	5.834071401706363e-12	-144464.11958232656	5.839816042154008e7	0.
-1.0638810093299578e-6	5.834071401706363e-12	-332756.1172130392	1.7585916030509263e8	0.
-5.9273370519811935e-6	5.834071401706363e-12	-147341.81280167692	6.005209328834245e7	0.
-9.118980079971067e-7	5.834071401706363e-12	-343172.1879775051	1.8238246627034363e8	0.
-5.7753540506483425e-6	5.834071401706363e-12	-150322.8560730198	6.177586149936768e7	0.
-7.599150066642557e-7	5.834071401706363e-12	-353977.0148956508	1.891124237067264e8	0.
-5.6233710493154915e-6	5.834071401706363e-12	-153412.1510495498	6.357301893672839e7	0.
-6.079320053314045e-7	5.834071401706363e-12	-365176.8045655324	1.9604527547939736e8	0.
-5.4713880479826406e-6	5.834071401706363e-12	-156614.85628049923	6.544730190472518e7	0.
-4.5594900399855336e-7	5.834071401706363e-12	-376776.75891079224	2.0317612478726828e8	0.
-5.31940504664979e-6	5.834071401706363e-12	-159936.3986411508	6.74026451304721e7	0.
-3.0396600266570224e-7	5.834071401706363e-12	-388781.00328195037	2.1049893148472476e8	0.
-5.167422045316938e-6	5.834071401706363e-12	-163382.48466374597	6.944316597416253e7	0.
-1.5198300133285112e-7	5.834071401706363e-12	-401192.5279258243	2.1800654832563257e8	0.
-5.015439043984087e-6	5.834071401706363e-12	-166959.1116242378	7.157317869886653e7	0.
0.	5.834071401706363e-12	-414013.1447188604	2.256907896217332e8	0.
-4.863456042651236e-6	5.834071401706363e-12	-170672.57821135368	7.37971985391777e7	0.
1.5198300133285112e-7	5.834071401706363e-12	-427243.46060525614	2.335425069023138e8	0.
-4.711473041318385e-6	5.834071401706363e-12	-174529.49457256935	7.61199382105749e7	0.
3.0396600266570224e-7	5.834071401706363e-12	-440882.86864081403	2.415516728587552e8	0.
5.4713880479826406e-6	5.834071401706363e-12	-1.0944484327400462e6	5.3385931653019875e8	0.
4.5594900399855336e-7	5.834071401706363e-12	-454929.5569490879	2.4970752314358094e8	0.
5.6233710493154915e-6	5.834071401706363e-12	-1.1172966601885287e6	5.416832311735661e8	0.
6.079320053314045e-7	5.834071401706363e-12	-469380.53528325993	2.579986506486436e8	0.
5.7753540506483425e-6	5.834071401706363e-12	-1.1402582978914303e6	5.494356594056524e8	0.
7.599150066642557e-7	5.834071401706363e-12	-484231.6782928101	2.6641316094051963e8	0.
5.9273370519811935e-6	5.834071401706363e-12	-1.1633281872995193e6	5.571170453910156e8	0.
9.118980079971067e-7	5.834071401706363e-12	-499477.7840540962	2.749388224144517e8	0.
6.079320053314045e-6	5.834071401706363e-12	-1.1865014267596009e6	5.647279076934832e8	0.
1.0638810093299578e-6	5.834071401706363e-12	-515112.64596906217	2.835631921261412e8	0.
6.231303054646896e-6	5.834071401706363e-12	-1.209773360105252e6	5.722688472942419e8	0.
1.215864010662809e-6	5.834071401706363e-12	-531129.1357892606	2.9227375734120876e8	0.
6.383286055979747e-6	5.834071401706363e-12	-1.2331395653660588e6	5.797405695621312e8	0.
1.3678470119956601e-6	5.834071401706363e-12	-547519.2952966811	3.010580694309458e8	0.
6.535269057312598e-6	5.834071401706363e-12	-1.256595843673895e6	5.871438347115415e8	0.
1.5198300133285113e-6	5.834071401706363e-12	-564274.434072076	3.099038850222202e8	0.
6.687252058645449e-6	5.834071401706363e-12	-1.2801382084282185e6	5.944794601783018e8	0.
1.6718130146613623e-6	5.834071401706363e-12	-581385.2307998688	3.187992521073559e8	0.
6.8392350599783e-6	5.834071401706363e-12	-1.3037628747681724e6	6.01748321674648e8	0.
1.8237960159942135e-6	5.834071401706363e-12	-598841.8356828616	3.2773261300557315e8	0.
6.991218061311152e-6	5.834071401706363e-12	-1.3274662493872393e6	6.089513241593059e8	0.
1.9757790173270646e-6	5.834071401706363e-12	-616633.9717507259	3.3669290961713976e8	0.
7.143201062644003e-6	5.834071401706363e-12	-1.3512449207160394e6	6.160894074978704e8	0.
2.1277620186599156e-6	5.834071401706363e-12	-634751.033121346	3.456696178301016e8	0.
7.295184063976854e-6	5.834071401706363e-12	-1.3750956494903793e6	6.231635443654655e8	0.
2.279745019992767e-6	5.834071401706363e-12	-653182.1785902318	3.546528125365653e8	0.
7.447167065309705e-6	5.834071401706363e-12	-1.399015359714614e6	6.301746890732563e8	0.
2.431728021325618e-6	5.834071401706363e-12	-671916.4192582465	3.636332237890839e8	0.
7.599150066642556e-6	5.834071401706363e-12	-1.4230011300246175e6	6.371238813806331e8	0.
2.583711022658469e-6	5.834071401706363e-12	-690942.6992422659	3.7260223861884946e8	0.
7.751133067975407e-6	5.834071401706363e-12	-1.4470501854499392e6	6.440121090366071e8	0.
2.7356940239913203e-6	5.834071401706363e-12	-710249.9688310975	3.8155190830058944e8	0.
7.903116069308259e-6	5.834071401706363e-12	-1.471159889570974e6	6.508403735654372e8	0.
2.8876770253241713e-6	5.834071401706363e-12	-729827.2497381226	3.9047495873952156e8	0.
8.055099070641109e-6	5.834071401706363e-12	-1.4953277370639709e6	6.576096812968974e8	0.
3.0396600266570226e-6	5.834071401706363e-12	-749663.6923547509	3.993647852729428e8	0.
8.20708207197396e-6	5.834071401706363e-12	-1.519551346624397e6	6.643210798115413e8	0.
3.1916430279898736e-6	5.834071401706363e-12	-769748.6251206883	4.082154390183158e8	0.
8.359065073306812e-6	5.834071401706363e-12	-1.543828454257403e6	6.709755407519203e8	0.
3.3436260293227246e-6	5.834071401706363e-12	-790071.5962971264	4.170215842197942e8	0.
8.511048074639662e-6	5.834071401706363e-12	-1.5681569069228633e6	6.77574091639176e8	0.
3.495609030655576e-6	5.834071401706363e-12	-810622.4085586305	4.257784864880332e8	0.
8.663031075972514e-6	5.834071401706363e-12	-1.592534656521536e6	6.841177031529328e8	0.
3.647592031988427e-6	5.834071401706363e-12	-831391.1469118776	4.344819724529464e8	0.
8.815014077305364e-6	5.834071401706363e-12	-1.6169597542083221e6	6.90607363268663e8	0.
3.799575033321278e-6	5.834071401706363e-12	-852368.2005087722	4.43128411390532e8	0.
8.966997078638216e-6	5.834071401706363e-12	-1.641430345018275e6	6.970440339969075e8	0.
3.951558034654129e-6	5.834071401706363e-12	-873544.278952698	4.517146574831245e8	0.
9.118980079971068e-6	5.834071401706363e-12	-1.6659446627908929e6	7.034286864802465e8	0.
4.10354103598698e-6	5.834071401706363e-12	-894910.4237047965	4.602380280974314e8	0.
9.270963081303918e-6	5.834071401706363e-12	-1.6905010253782966e6	7.097622554859947e8	0.
4.255524037319831e-6	5.834071401706363e-12	-916458.0151870437	4.6869626406711096e8	0.
9.42294608263677e-6	5.834071401706363e-12	-1.7150978301230886e6	7.160456623525915e8	0.
4.407507038652682e-6	5.834071401706363e-12	-938178.7761549918	4.770874915764353e8	0.
9.57492908396962e-6	5.834071401706363e-12	-1.7397335495919695e6	7.222798380716802e8	0.
4.559490039985534e-6	5.834071401706363e-12	-960064.7718793001	4.8541020503698987e8	0.
9.726912085302472e-6	5.834071401706363e-12	-1.7644067275515953e6	7.284656528258264e8	0.
4.711473041318385e-6	5.834071401706363e-12	-982108.4076349569	4.9366319471106935e8	0.
9.878895086635324e-6	5.834071401706363e-12	-1.7891159751735725e6	7.346040123849962e8	0.
4.863456042651236e-6	5.834071401706363e-12	-1.0043024239531732e6	5.0184557107785225e8	0.
0.000010030878087968174	5.834071401706363e-12	-1.8138599674559778e6	7.40695760102132e8	0.
5.015439043984087e-6	5.834071401706363e-12	-1.026639890045489e6	5.0995667093848515e8	0.
0.000010182861089301025	5.834071401706363e-12	-1.8386374398493078e6	7.467417418253548e8	0.
5.167422045316938e-6	5.834071401706363e-12	-1.0491141957644292e6	5.1799611010883313e8	0.
0.000010334844090633876	5.834071401706363e-12	-1.8634471850752663e6	7.527427935676908e8	0.
5.31940504664979e-6	5.834071401706363e-12	-1.071719042421266e6	5.259636595245207e8	0.
0.000010486827091966727	5.834071401706363e-12	-1.8882880501273673e6	7.58699732674339e8	0.
0.000015502266135950813	5.834071401706363e-12	-2.720207561624841e6	9.349137417281165e8	0.
0.00001063881009329958	5.834071401706363e-12	-1.9131589334428257e6	7.646133612670591e8	0.
0.000015654249137283665	5.834071401706363e-12	-2.7456740458286908e6	9.397447744973528e8	0.
0.00001079079309463243	5.834071401706363e-12	-1.9380587822357754e6	7.704844175042497e8	0.
0.000015806232138616517	5.834071401706363e-12	-2.7711510375344157e6	9.445510469055219e8	0.
0.000010942776095965281	5.834071401706363e-12	-1.96298658998236e6	7.76313708298423e8	0.
0.00001595821513994937	5.834071401706363e-12	-2.7966382620652844e6	9.493329139952059e8	0.
0.000011094759097298131	5.834071401706363e-12	-1.9879413940487334e6	7.821019522664964e8	0.
0.000016110198141282217	5.834071401706363e-12	-2.82213545402142e6	9.540907028385212e8	0.
0.000011246742098630983	5.834071401706363e-12	-2.0129222734535385e6	7.8784987685315e8	0.
0.00001626218114261507	5.834071401706363e-12	-2.8476423569006785e6	9.588247541271263e8	0.
0.000011398725099963835	5.834071401706363e-12	-2.0379283467568664e6	7.935582062384263e8	0.
0.00001641416414394792	5.834071401706363e-12	-2.873158722737492e6	9.635354344177765e8	0.
0.000011550708101296685	5.834071401706363e-12	-2.0629587700681796e6	7.992276291943547e8	0.
0.000016566147145280773	5.834071401706363e-12	-2.8986843117587236e6	9.682230368926111e8	0.
0.000011702691102629537	5.834071401706363e-12	-2.0880127351661152e6	8.04858831891096e8	0.
0.000016718130146613624	5.834071401706363e-12	-2.924218892055626e6	9.728878912386855e8	0.
0.000011854674103962387	5.834071401706363e-12	-2.1130894677234837e6	8.104524652530539e8	0.
0.000016870113147946473	5.834071401706363e-12	-2.9497622392710675e6	9.775302992615743e8	0.
0.000012006657105295239	5.834071401706363e-12	-2.1381882256312035e6	8.160091774204187e8	0.
0.000017022096149279325	5.834071401706363e-12	-2.9753141363012097e6	9.821505894165642e8	0.
0.00001215864010662809	5.834071401706363e-12	-2.1633082974152565e6	8.215296101015459e8	0.
0.000017174079150612177	5.834071401706363e-12	-3.0008743730108906e6	9.867490498383989e8	0.
0.00001231062310796094	5.834071401706363e-12	-2.1884490007411274e6	8.270143926796023e8	0.
0.00001732606215194503	5.834071401706363e-12	-3.026442745962012e6	9.9132597435137e8	0.
0.000012462606109293792	5.834071401706363e-12	-2.2136096810005186e6	8.324641195820607e8	0.
0.00001747804515327788	5.834071401706363e-12	-3.052019058154242e6	9.958816502709605e8	0.
0.000012614589110626643	5.834071401706363e-12	-2.238789709975443e6	8.378793659157946e8	0.
0.00001763002815461073	5.834071401706363e-12	-3.0776031187774166e6	1.0004163706572858e9	0.
0.000012766572111959494	5.834071401706363e-12	-2.2639884845751137e6	8.432607238965809e8	0.
0.00001778201115594358	5.834071401706363e-12	-3.1031947429750403e6	1.0049303748054225e9	0.
0.000012918555113292345	5.834071401706363e-12	-2.2892054256413104e6	8.486087564886892e8	0.
0.000017933994157276432	5.834071401706363e-12	-3.128793751618318e6	1.009423968697938e9	0.
0.000013070538114625196	5.834071401706363e-12	-2.314439976818188e6	8.539240242661424e8	0.
0.000018085977158609284	5.834071401706363e-12	-3.1543999710901957e6	1.0138974181795641e9	0.
0.000013222521115958048	5.834071401706363e-12	-2.339691603482723e6	8.592070545386078e8	0.
0.000018237960159942136	5.834071401706363e-12	-3.1800132330788956e6	1.0183509339583082e9	0.
0.000013374504117290898	5.834071401706363e-12	-2.364959791732248e6	8.644583532675463e8	0.
0.000018389943161274984	5.834071401706363e-12	-3.2056333743804945e6	1.0227848382227268e9	0.
0.00001352648711862375	5.834071401706363e-12	-2.3902440474257306e6	8.696784639497048e8	0.
0.000018541926162607836	5.834071401706363e-12	-3.231260236710067e6	1.0271993264074023e9	0.
0.0000136784701199566	5.834071401706363e-12	-2.415543895275654e6	8.748678813342353e8	0.
0.000018693909163940688	5.834071401706363e-12	-3.2568936665210016e6	1.0315946840067024e9	0.
0.000013830453121289452	5.834071401706363e-12	-2.440858877987573e6	8.800270775874244e8	0.
0.00001884589216527354	5.834071401706363e-12	-3.2825335148320654e6	1.035971118976323e9	0.
0.000013982436122622304	5.834071401706363e-12	-2.466188555444582e6	8.851565482328428e8	0.
0.00001899787516660639	5.834071401706363e-12	-3.308179637061857e6	1.0403288658333807e9	0.
0.000014134419123955154	5.834071401706363e-12	-2.4915325039341007e6	8.902567601650269e8	0.
0.00001914985816793924	5.834071401706363e-12	-3.3338318928702776e6	1.0446681860564837e9	0.
0.000014286402125288006	5.834071401706363e-12	-2.5168903154145586e6	8.953281591135889e8	0.
0.000019301841169272092	5.834071401706363e-12	-3.3594901460066875e6	1.0489892623779923e9	0.
0.000014438385126620856	5.834071401706363e-12	-2.542261596819688e6	9.003712034141024e8	0.
0.000019453824170604944	5.834071401706363e-12	-3.38515426416443e6	1.0532923397979304e9	0.
0.000014590368127953708	5.834071401706363e-12	-2.5676459693982974e6	9.053863153320609e8	0.
0.000019605807171937795	5.834071401706363e-12	-3.410824118841412e6	1.0575776508240436e9	0.
0.00001474235112928656	5.834071401706363e-12	-2.5930430680875042e6	9.103739276400388e8	0.
0.000019757790173270647	5.834071401706363e-12	-3.4364995852064593e6	1.061845381787514e9	0.
0.00001489433413061941	5.834071401706363e-12	-2.6184525409175516e6	9.153344442024337e8	0.
0.000019909773174603496	5.834071401706363e-12	-3.462180541971177e6	1.0660957501193537e9	0.
0.000015046317131952261	5.834071401706363e-12	-2.64387404844643e6	9.202682874235108e8	0.
0.000020061756175936347	5.834071401706363e-12	-3.4878668712670524e6	1.0703289614356135e9	0.
0.000015198300133285111	5.834071401706363e-12	-2.669307263222643e6	9.251758636608952e8	0.
0.0000202137391772692	5.834071401706363e-12	-3.51355845852755e6	1.0745452158438067e9	0.
0.00001535028313461796	5.834071401706363e-12	-2.694751869274553e6	9.300575509481685e8	0.
0.00002036572217860205	5.834071401706363e-12	-3.539255192374991e6	1.0787447116608593e9	0.
0.000020517705179934903	5.834071401706363e-12	-3.564956964511961e6	1.082927641645975e9	0.
0.00002553314422391899	5.834071401706363e-12	-4.415377130378456e6	1.2127579161260061e9	0.
0.00002066968818126775	5.834071401706363e-12	-3.5906636696170755e6	1.0870942079770117e9	0.
0.00002568512722525184	5.834071401706363e-12	-4.441202325661457e6	1.2164717616645966e9	0.
0.000020821671182600603	5.834071401706363e-12	-3.616375205244875e6	1.091244574797209e9	0.
0.00002583711022658469	5.834071401706363e-12	-4.467030108822802e6	1.2201741128720376e9	0.
0.000020973654183933455	5.834071401706363e-12	-3.64209147172968e6	1.0953789357659292e9	0.
0.00002598909322791754	5.834071401706363e-12	-4.49286043599038e6	1.2238650025056815e9	0.
0.000021125637185266307	5.834071401706363e-12	-3.6678123720932207e6	1.0994974506664317e9	0.
0.000026141076229250393	5.834071401706363e-12	-4.518693264269764e6	1.227544582904299e9	0.
0.00002127762018659916	5.834071401706363e-12	-3.693537811955876e6	1.1036003383737528e9	0.
0.000026293059230583244	5.834071401706363e-12	-4.544528551717356e6	1.2312129530554664e9	0.
0.000021429603187932007	5.834071401706363e-12	-3.7192676994513515e6	1.1076877428992999e9	0.
0.000026445042231916096	5.834071401706363e-12	-4.570366257314418e6	1.234870214957064e9	0.
0.00002158158618926486	5.834071401706363e-12	-3.745001945144662e6	1.1117598599110734e9	0.
0.000026597025233248945	5.834071401706363e-12	-4.59620634094193e6	1.2385164532465754e9	0.
0.00002173356919059771	5.834071401706363e-12	-3.7707404619532498e6	1.1158168318750308e9	0.
0.000026749008234581796	5.834071401706363e-12	-4.622048763356265e6	1.2421517666334033e9	0.
0.000021885552191930562	5.834071401706363e-12	-3.7964831650711214e6	1.119858823517789e9	0.
0.000026900991235914648	5.834071401706363e-12	-4.647893486165633e6	1.2457762742523665e9	0.
0.000022037535193263414	5.834071401706363e-12	-3.8222299718958633e6	1.1238860321340504e9	0.
0.0000270529742372475	5.834071401706363e-12	-4.67374047180729e6	1.249390058030745e9	0.
0.000022189518194596263	5.834071401706363e-12	-3.8479808019584008e6	1.1278985605790377e9	0.
0.000027204957238580352	5.834071401706363e-12	-4.6995896835254505e6	1.2529931932795324e9	0.
0.000022341501195929114	5.834071401706363e-12	-3.8737355768554113e6	1.1318966145907779e9	0.
0.0000273569402399132	5.834071401706363e-12	-4.725441085349912e6	1.2565857992474244e9	0.
0.000022493484197261966	5.834071401706363e-12	-3.8994942201842377e6	1.135880307048391e9	0.
0.000027508923241246052	5.834071401706363e-12	-4.751294642075342e6	1.2601679588575711e9	0.
0.000022645467198594818	5.834071401706363e-12	-3.92525665748023e6	1.1398498100944686e9	0.
0.000027660906242578904	5.834071401706363e-12	-4.777150319241213e6	1.2637397546362443e9	0.
0.00002279745019992767	5.834071401706363e-12	-3.9510228161564e6	1.143805299222355e9	0.
0.000027812889243911756	5.834071401706363e-12	-4.80300808311236e6	1.2673012911460848e9	0.
0.000022949433201260518	5.834071401706363e-12	-3.9767926254452746e6	1.1477468539341476e9	0.
0.000027964872245244608	5.834071401706363e-12	-4.828867900660143e6	1.2708526562567105e9	0.
0.00002310141620259337	5.834071401706363e-12	-4.002566016342896e6	1.1516746753733122e9	0.
0.000028116855246577456	5.834071401706363e-12	-4.854729739544184e6	1.2743939299778926e9	0.
0.000023253399203926222	5.834071401706363e-12	-4.0283429215548243e6	1.1555888852548432e9	0.
0.000028268838247910308	5.834071401706363e-12	-4.880593568094666e6	1.277925177508599e9	0.
0.000023405382205259074	5.834071401706363e-12	-4.054123275444113e6	1.1594896228832855e9	0.
0.00002842082124924316	5.834071401706363e-12	-4.906459355295172e6	1.2814465311681426e9	0.
0.000023557365206591925	5.834071401706363e-12	-4.07990701398114e6	1.1633770239569125e9	0.
0.00002857280425057601	5.834071401706363e-12	-4.932327070766039e6	1.2849579954825723e9	0.
0.000023709348207924774	5.834071401706363e-12	-4.10569407469523e6	1.1672512231360435e9	0.
0.000028724787251908863	5.834071401706363e-12	-4.958196684748229e6	1.2884597378779104e9	0.
0.000023861331209257626	5.834071401706363e-12	-4.1314843966280003e6	1.1711123525561368e9	0.
0.00002887677025324171	5.834071401706363e-12	-4.984068168087657e6	1.2919517860161633e9	0.
0.000024013314210590477	5.834071401706363e-12	-4.1572779202883444e6	1.1749605513083546e9	0.
0.000029028753254574563	5.834071401706363e-12	-5.009941492220024e6	1.2954342524623845e9	0.
0.00002416529721192333	5.834071401706363e-12	-4.183074587609007e6	1.1787959200254002e9	0.
0.000029180736255907415	5.834071401706363e-12	-5.035816629156066e6	1.2989071911098797e9	0.
0.00002431728021325618	5.834071401706363e-12	-4.208874341904667e6	1.1826186032463913e9	0.
0.000029332719257240267	5.834071401706363e-12	-5.061693551467266e6	1.3023706876359763e9	0.
0.00002446926321458903	5.834071401706363e-12	-4.234677127831488e6	1.186428750277192e9	0.
0.00002948470225857312	5.834071401706363e-12	-5.087572232271972e6	1.3058248183567486e9	0.
0.00002462124621592188	5.834071401706363e-12	-4.260482891348049e6	1.1902264297039018e9	0.
0.000029636685259905967	5.834071401706363e-12	-5.11345264522193e6	1.309269659122567e9	0.
0.000024773229217254733	5.834071401706363e-12	-4.286291579677641e6	1.1940117984985063e9	0.
0.00002978866826123882	5.834071401706363e-12	-5.1393347644892065e6	1.3127052756041803e9	0.
0.000024925212218587585	5.834071401706363e-12	-4.312103141271836e6	1.1977849745455031e9	0.
0.00002994065126257167	5.834071401706363e-12	-5.165218564753495e6	1.316131767096068e9	0.
0.000025077195219920433	5.834071401706363e-12	-4.3379175257752985e6	1.201546055163347e9	0.
0.000030092634263904523	5.834071401706363e-12	-5.191104021189781e6	1.319549190189777e9	0.
0.000025229178221253285	5.834071401706363e-12	-4.3637346839917945e6	1.2052951635956306e9	0.
0.000030244617265237375	5.834071401706363e-12	-5.216991109456376e6	1.3229575721176913e9	0.
0.000025381161222586137	5.834071401706363e-12	-4.389554567851341e6	1.2090324039630783e9	0.
0.000030396600266570223	5.834071401706363e-12	-5.242879805683286e6	1.3263570742929878e9	0.
