# Filename	C:\Users\edmag\Documents\Work\2D-Comp-Model\computation\Turning Timeresults\2018-02-05T05-35-56.txt
# Source	C:\Users\edmag\Documents\Work\2D-Comp-Model\computation\Turning Time\turning.nb
# Note	1D calculation of turning time vs. field and orbit energy.
# Date	2018-02-05T05:35:56
# Dir	-1
# field	3.617124269057945e-11
# zi	-6.
W	field	zt	t	argt
-0.000030396600266570223	3.617124269057945e-11	-31702.436574363477	6.186070591316484e6	0.
-0.000025229178221253285	3.617124269057945e-11	-37608.78163011239	7.950365620696734e6	0.
-0.000030244617265237375	3.617124269057945e-11	-31850.492113130003	6.228686821307396e6	0.
-0.000025077195219920433	3.617124269057945e-11	-37814.34986864947	8.0140263180541e6	0.
-0.000030092634263904523	3.617124269057945e-11	-31999.88740415036	6.271774427272473e6	0.
-0.000024925212218587585	3.617124269057945e-11	-38022.06542732859	8.078497295274483e6	0.
-0.00002994065126257167	3.617124269057945e-11	-32150.64003284446	6.315343325285851e6	-4.098818172375795e-7
-0.000024773229217254733	3.617124269057945e-11	-38231.96034313706	8.143792912776999e6	0.
-0.00002978866826123882	3.617124269057945e-11	-32302.767881193024	6.359403667078336e6	0.
-0.00002462124621592188	3.617124269057945e-11	-38444.067255553746	8.209928055905029e6	0.
-0.000029636685259905967	3.617124269057945e-11	-32456.289133726255	6.403955231194832e6	0.
-0.00002446926321458903	3.617124269057945e-11	-38658.41941976126	8.276914640458235e6	0.
-0.00002948470225857312	3.617124269057945e-11	-32611.222283648647	6.449011308919318e6	0.
-0.00002431728021325618	3.617124269057945e-11	-38875.050720174826	8.344769149006076e6	0.
-0.000029332719257240267	3.617124269057945e-11	-32767.586139105177	6.494577226819785e6	-4.5980660854038893e-7
-0.00002416529721192333	3.617124269057945e-11	-39093.995684294125	8.413507067231013e6	0.
-0.000029180736255907415	3.617124269057945e-11	-32925.399829591646	6.540663376979904e6	0.
-0.000024013314210590477	3.617124269057945e-11	-39315.289496886566	8.483140144300884e6	0.
-0.000029028753254574563	3.617124269057945e-11	-33084.68281251432	6.587275190328869e6	0.
-0.000023861331209257626	3.617124269057945e-11	-39538.96801451043	8.553687855359985e6	0.
-0.00002887677025324171	3.617124269057945e-11	-33245.45487989963	6.634420481043851e6	-3.2043557013991587e-7
-0.000023709348207924774	3.617124269057945e-11	-39765.06778038397	8.625164068032257e6	0.
-0.000028724787251908863	3.617124269057945e-11	-33407.73616526042	6.682110461552068e6	0.
-0.000023557365206591925	3.617124269057945e-11	-39993.62603961097	8.6975849727958e6	0.
-0.00002857280425057601	3.617124269057945e-11	-33571.54715062228	6.7303507913687555e6	0.
-0.000023405382205259074	3.617124269057945e-11	-40224.68075476934	8.77096791857663e6	0.
-0.00002842082124924316	3.617124269057945e-11	-33736.90867371181	6.77915591804844e6	0.
-0.000023253399203926222	3.617124269057945e-11	-40458.270621871634	8.845329112806162e6	0.
-0.000028268838247910308	3.617124269057945e-11	-33903.841935313496	6.828519806741738e6	0.
-0.00002310141620259337	3.617124269057945e-11	-40694.435086706515	8.920685741615597e6	0.
-0.000028116855246577456	3.617124269057945e-11	-34072.36850679841	6.878465402979643e6	0.
-0.000022949433201260518	3.617124269057945e-11	-40933.21436156922	8.997055526247522e6	0.
-0.000027964872245244608	3.617124269057945e-11	-34242.510337828375	6.9289980220489465e6	0.
-0.00002279745019992767	3.617124269057945e-11	-41174.64944239017	9.074456186582075e6	0.
-0.000027812889243911756	3.617124269057945e-11	-34414.28976424084	6.980127081030614e6	0.
-0.000022645467198594818	3.617124269057945e-11	-41418.78212627067	9.152906230104323e6	0.
-0.000027660906242578904	3.617124269057945e-11	-34587.729516118685	7.031859610844845e6	0.
-0.000022493484197261966	3.617124269057945e-11	-41665.655029434645	9.232424684805268e6	0.
-0.000027508923241246052	3.617124269057945e-11	-34762.85272605001	7.0842090287516955e6	0.
-0.000022341501195929114	3.617124269057945e-11	-41915.31160560559	9.313029867460955e6	0.
-0.0000273569402399132	3.617124269057945e-11	-34939.682937581216	7.137181057641146e6	0.
-0.000022189518194596263	3.617124269057945e-11	-42167.7961648184	9.394743120249333e6	0.
-0.000027204957238580352	3.617124269057945e-11	-35118.244113870634	7.190789065503241e6	0.
-0.000022037535193263414	3.617124269057945e-11	-42423.153892674614	9.477580585842185e6	0.
-0.0000270529742372475	3.617124269057945e-11	-35298.560646545004	7.245041442120279e6	0.
-0.000021885552191930562	3.617124269057945e-11	-42681.43087005194	9.561566124614505e6	0.
-0.000026900991235914648	3.617124269057945e-11	-35480.65736476609	7.299948800870254e6	0.
-0.00002173356919059771	3.617124269057945e-11	-42942.674093275884	9.646719254242323e6	0.
-0.000026749008234581796	3.617124269057945e-11	-35664.55954451134	7.355522072585525e6	0.
-0.00002158158618926486	3.617124269057945e-11	-43206.93149476477	9.733061699980872e6	0.
-0.000026597025233248945	3.617124269057945e-11	-35850.29291807446	7.411772946224104e6	0.
-0.000021429603187932007	3.617124269057945e-11	-43474.251964156676	9.820613682386782e6	0.
-0.000026445042231916096	3.617124269057945e-11	-36037.88368379088	7.468710046965445e6	0.
-0.00002127762018659916	3.617124269057945e-11	-43744.685369928964	9.9093990232961e6	0.
-0.000026293059230583244	3.617124269057945e-11	-36227.35851599495	7.526346778483526e6	0.
-0.000021125637185266307	3.617124269057945e-11	-44018.282581519234	9.99944001512099e6	0.
-0.000026141076229250393	3.617124269057945e-11	-36418.74457521262	7.584693854428247e6	0.
-0.000020973654183933455	3.617124269057945e-11	-44295.09549195827	1.0090759263348525e7	0.
-0.00002598909322791754	3.617124269057945e-11	-36612.06951859729	7.643762784406889e6	0.
-0.000020821671182600603	3.617124269057945e-11	-44575.17704102466	1.018338046115586e7	0.
-0.00002583711022658469	3.617124269057945e-11	-36807.36151061389	7.703566361201529e6	0.
-0.00002066968818126775	3.617124269057945e-11	-44858.58123893051	1.027732776488233e7	0.
-0.00002568512722525184	3.617124269057945e-11	-37004.649233977245	7.764115465913033e6	0.
-0.000020517705179934903	3.617124269057945e-11	-45145.36319054842	1.0372625917271307e7	0.
-0.00002553314422391899	3.617124269057945e-11	-37203.961900851755	7.82542305562151e6	0.
-0.00002036572217860205	3.617124269057945e-11	-45435.57912018925	1.0469299907985784e7	0.
-0.000025381161222586137	3.617124269057945e-11	-37405.32926431785	7.887502111353066e6	0.
-0.0000202137391772692	3.617124269057945e-11	-45729.28639694026	1.0567375593643147e7	0.
-0.000020061756175936347	3.617124269057945e-11	-46026.5435605733	1.0666879356093893e7	0.
-0.00001489433413061941	3.617124269057945e-11	-58755.7752372489	1.5131314024895057e7	0.
-0.000019909773174603496	3.617124269057945e-11	-46327.41034803221	1.0767838233680671e7	0.
-0.00001474235112928656	3.617124269057945e-11	-59225.524569096124	1.5302765934244033e7	0.
-0.000019757790173270647	3.617124269057945e-11	-46631.947720508746	1.0870278820922438e7	0.
-0.000014590368127953708	3.617124269057945e-11	-59701.98095262732	1.5477090988991922e7	0.
-0.000019605807171937795	3.617124269057945e-11	-46940.2178911163	1.0974230094411425e7	0.
-0.000014438385126620856	3.617124269057945e-11	-60185.27021239157	1.5654344524406862e7	0.
-0.000019453824170604944	3.617124269057945e-11	-47252.28435316939	1.1079719965442557e7	0.
-0.000014286402125288006	3.617124269057945e-11	-60675.52079059627	1.5834588015170889e7	0.
-0.000019301841169272092	3.617124269057945e-11	-47568.21190907844	1.11867781717417e7	0.
-0.000014134419123955154	3.617124269057945e-11	-61172.863795092824	1.601788272899749e7	0.
-0.00001914985816793924	3.617124269057945e-11	-47888.066699867166	1.1295434281821419e7	0.
-0.000013982436122622304	3.617124269057945e-11	-61677.433047432634	1.6204286110531954e7	0.
-0.00001899787516660639	3.617124269057945e-11	-48211.916235320896	1.1405719563386098e7	0.
-0.000013830453121289452	3.617124269057945e-11	-62189.36513092023	1.6393864423500555e7	0.
-0.00001884589216527354	3.617124269057945e-11	-48539.82942477274	1.1517665032774895e7	0.
-0.0000136784701199566	3.617124269057945e-11	-62708.79943858205	1.658668105322424e7	0.
-0.000018693909163940688	3.617124269057945e-11	-48871.87660853498	1.1631300984801257e7	0.
-0.00001352648711862375	3.617124269057945e-11	-63235.87822096615	1.6782799729709744e7	0.
-0.000018541926162607836	3.617124269057945e-11	-49208.12958998202	1.1746662593098192e7	0.
-0.000013374504117290898	3.617124269057945e-11	-63770.74663367914	1.6982287727392957e7	0.
-0.000018389943161274984	3.617124269057945e-11	-49548.661668289846	1.1863781004154794e7	0.
-0.000013222521115958048	3.617124269057945e-11	-64313.55278455959	1.7185213693940982e7	0.
-0.000018237960159942136	3.617124269057945e-11	-49893.547671838714	1.19826918365071e7	0.
-0.000013070538114625196	3.617124269057945e-11	-64864.447780380004	1.739164627621044e7	0.
-0.000018085977158609284	3.617124269057945e-11	-50242.86399228173	1.2103429096547375e7	0.
-0.000012918555113292345	3.617124269057945e-11	-65423.585772961684	1.7601655207551364e7	0.
-0.000017933994157276432	3.617124269057945e-11	-50596.68861928427	1.2226028532973846e7	0.
-0.000012766572111959494	3.617124269057945e-11	-65991.12400457785	1.7815312113453116e7	0.
-0.00001778201115594358	3.617124269057945e-11	-50955.10117593623	1.2350526317067722e7	0.
-0.000012614589110626643	3.617124269057945e-11	-66567.222852512	1.8032691235228892e7	0.
-0.00001763002815461073	3.617124269057945e-11	-51318.18295483916	1.247696073792701e7	0.
-0.000012462606109293792	3.617124269057945e-11	-67152.04587262895	1.825386571956643e7	0.
-0.00001747804515327788	3.617124269057945e-11	-51686.0169548686	1.2605367234977577e7	0.
-0.00001231062310796094	3.617124269057945e-11	-67745.75984180797	1.847891160879084e7	0.
-0.00001732606215194503	3.617124269057945e-11	-52058.68791861205	1.273578735130569e7	0.
-0.00001215864010662809	3.617124269057945e-11	-68348.53479907535	1.870790541370161e7	0.
-0.000017174079150612177	3.617124269057945e-11	-52436.28237047923	1.2868258419553407e7	0.
-0.000012006657105295239	3.617124269057945e-11	-68960.54408526562	1.894092554665327e7	0.
-0.000017022096149279325	3.617124269057945e-11	-52818.888655483526	1.3002822901285073e7	0.
-0.000011854674103962387	3.617124269057945e-11	-69581.96438102878	1.917805270921964e7	0.
-0.000016870113147946473	3.617124269057945e-11	-53206.596978687936	1.3139520553838944e7	0.
-0.000011702691102629537	3.617124269057945e-11	-70212.9757429904	1.941936687382458e7	0.
-0.000016718130146613624	3.617124269057945e-11	-53599.49944531113	1.327839519729445e7	0.
-0.000011550708101296685	3.617124269057945e-11	-70853.76163786085	1.9664950234400585e7	0.
-0.000016566147145280773	3.617124269057945e-11	-53997.69010148394	1.3419488611466844e7	0.
-0.000011398725099963835	3.617124269057945e-11	-71504.50897427723	1.9914886037464056e7	0.
-0.00001641416414394792	3.617124269057945e-11	-54401.26497564788	1.356284573289305e7	0.
-0.000011246742098630983	3.617124269057945e-11	-72165.40813215086	2.0169259796552237e7	0.
-0.00001626218114261507	3.617124269057945e-11	-54810.32212058238	1.3708510556151144e7	0.
-0.000011094759097298131	3.617124269057945e-11	-72836.65298928048	2.0428156987348016e7	0.
-0.000016110198141282217	3.617124269057945e-11	-55224.96165604773	1.3856530846340666e7	0.
-0.000010942776095965281	3.617124269057945e-11	-73518.44094497985	2.069166573581525e7	0.
-0.00001595821513994937	3.617124269057945e-11	-55645.28581202592	1.4006953145775242e7	0.
-0.00001079079309463243	3.617124269057945e-11	-74210.97294045515	2.0959875174819063e7	0.
-0.000015806232138616517	3.617124269057945e-11	-56071.39897254136	1.415982377551958e7	0.
-0.00001063881009329958	3.617124269057945e-11	-74914.45347565573	2.1232872340831507e7	0.
-0.000015654249137283665	3.617124269057945e-11	-56503.40772003919	1.4315194805400042e7	0.
-0.000010486827091966727	3.617124269057945e-11	-75629.09062231	2.151075099470812e7	0.
-0.000015502266135950813	3.617124269057945e-11	-56941.42088029549	1.4473112051612625e7	0.
-0.000010334844090633876	3.617124269057945e-11	-76355.09603284334	2.1793602032838963e7	0.
-0.00001535028313461796	3.617124269057945e-11	-57385.5495678332	1.4633630782979468e7	0.
-0.000010182861089301025	3.617124269057945e-11	-77092.68494486574	2.208151894115393e7	0.
-0.000015198300133285111	3.617124269057945e-11	-57835.90723181018	1.4796801388973964e7	0.
-0.000010030878087968174	3.617124269057945e-11	-77842.07618090232	2.2374596710326787e7	0.
-0.000015046317131952261	3.617124269057945e-11	-58292.609702346206	1.4962677727441674e7	0.
-9.878895086635324e-6	3.617124269057945e-11	-78603.49214302874	2.2672929212384544e7	0.
-9.726912085302472e-6	3.617124269057945e-11	-79377.1588020628	2.29766142678013e7	0.
-4.559490039985534e-6	3.617124269057945e-11	-114789.76131217337	3.719335031949554e7	0.
-9.57492908396962e-6	3.617124269057945e-11	-80163.30568095067	2.328574834460079e7	0.
-4.407507038652682e-6	3.617124269057945e-11	-116156.88839998451	3.774533287079661e7	0.
-9.42294608263677e-6	3.617124269057945e-11	-80962.16583197788	2.3600429566991907e7	0.
-4.255524037319831e-6	3.617124269057945e-11	-117545.98937546427	3.830583957960772e7	0.
-9.270963081303918e-6	3.617124269057945e-11	-81773.97580742405	2.3920756520729348e7	0.
-4.10354103598698e-6	3.617124269057945e-11	-118957.3313236485	3.887490974131036e7	0.
-9.118980079971068e-6	3.617124269057945e-11	-82598.97562327217	2.4246829989344336e7	0.
-3.951558034654129e-6	3.617124269057945e-11	-120391.17712699452	3.94525776365138e7	0.
-8.966997078638216e-6	3.617124269057945e-11	-83437.40871557544	2.457874876862936e7	0.
-3.799575033321278e-6	3.617124269057945e-11	-121847.78504502815	4.003886850102078e7	0.
-8.815014077305364e-6	3.617124269057945e-11	-84289.52188907863	2.491661481534846e7	0.
-3.647592031988427e-6	3.617124269057945e-11	-123327.40828922295	4.063380536905172e7	0.
-8.663031075972514e-6	3.617124269057945e-11	-85155.56525768475	2.5260527969868265e7	0.
-3.495609030655576e-6	3.617124269057945e-11	-124830.2945944012	4.12374023366361e7	0.
-8.511048074639662e-6	3.617124269057945e-11	-86035.79217635584	2.5610591696890857e7	0.
-3.3436260293227246e-6	3.617124269057945e-11	-126356.6857880306	4.1849669263103634e7	0.
-8.359065073306812e-6	3.617124269057945e-11	-86930.45916403324	2.5966906650248e7	0.
-3.1916430279898736e-6	3.617124269057945e-11	-127906.81735886552	4.24706073130981e7	0.
-8.20708207197396e-6	3.617124269057945e-11	-87839.82581716479	2.6329575562117107e7	0.
-3.0396600266570226e-6	3.617124269057945e-11	-129480.91802645483	4.310021334942946e7	0.
-8.055099070641109e-6	3.617124269057945e-11	-88764.15471342718	2.669870026731939e7	0.
-2.8876770253241713e-6	3.617124269057945e-11	-131079.2093130999	4.373847425935499e7	0.
-7.903116069308259e-6	3.617124269057945e-11	-89703.7113052377	2.707438224894355e7	0.
-2.7356940239913203e-6	3.617124269057945e-11	-132701.90511990403	4.438537220434209e7	0.
-7.751133067975407e-6	3.617124269057945e-11	-90658.76380265658	2.7456723603686165e7	0.
-2.583711022658469e-6	3.617124269057945e-11	-134349.21130859884	4.504088195561519e7	0.
-7.599150066642556e-6	3.617124269057945e-11	-91629.58304529166	2.78458265687343e7	0.
-2.431728021325618e-6	3.617124269057945e-11	-136021.325290871	4.570496883179044e7	0.
-7.447167065309705e-6	3.617124269057945e-11	-92616.44236283016	2.8241791646805894e7	0.
-2.279745019992767e-6	3.617124269057945e-11	-137718.43562693652	4.637759415778608e7	0.
-7.295184063976854e-6	3.617124269057945e-11	-93619.61742383998	2.864471827859407e7	0.
-2.1277620186599156e-6	3.617124269057945e-11	-139440.7216351231	4.705870850873234e7	0.
-7.143201062644003e-6	3.617124269057945e-11	-94639.38607250218	2.905470584926659e7	0.
-1.9757790173270646e-6	3.617124269057945e-11	-141188.35301422258	4.774825637618808e7	0.
-6.991218061311152e-6	3.617124269057945e-11	-95676.0281529609	2.94718541266453e7	0.
-1.8237960159942135e-6	3.617124269057945e-11	-142961.4894803614	4.844617501820871e7	0.
-6.8392350599783e-6	3.617124269057945e-11	-96729.8253210046	2.9896259736862585e7	0.
-1.6718130146613623e-6	3.617124269057945e-11	-144760.28042011254	4.915239248595792e7	0.
-6.687252058645449e-6	3.617124269057945e-11	-97801.06084282497	3.0328017817491535e7	0.
-1.5198300133285113e-6	3.617124269057945e-11	-146584.8645615312	4.986683178829796e7	0.
-6.535269057312598e-6	3.617124269057945e-11	-98890.01938063587	3.0767223252800655e7	0.
-1.3678470119956601e-6	3.617124269057945e-11	-148435.36966474282	5.058940589508473e7	0.
-6.383286055979747e-6	3.617124269057945e-11	-99996.98676497529	3.1213968699424885e7	0.
-1.215864010662809e-6	3.617124269057945e-11	-150311.91223364507	5.132001902854895e7	0.
-6.231303054646896e-6	3.617124269057945e-11	-101122.24975355889	3.166834520809599e7	0.
-1.0638810093299578e-6	3.617124269057945e-11	-152214.5972502028	5.205857301689294e7	0.
-6.079320053314045e-6	3.617124269057945e-11	-102266.09577660364	3.2130439401484475e7	0.
-9.118980079971067e-7	3.617124269057945e-11	-154143.51793271996	5.280495803170759e7	0.
-5.9273370519811935e-6	3.617124269057945e-11	-103428.81266859443	3.260033856957906e7	0.
-7.599150066642557e-7	3.617124269057945e-11	-156098.75551936685	5.355905741203418e7	0.
-5.7753540506483425e-6	3.617124269057945e-11	-104610.6883865254	3.3078125959675077e7	0.
-6.079320053314045e-7	3.617124269057945e-11	-158080.37907811912	5.43207498874606e7	0.
-5.6233710493154915e-6	3.617124269057945e-11	-105812.01071471264	3.356388270406543e7	0.
-4.5594900399855336e-7	3.617124269057945e-11	-160088.44534413598	5.508990355952093e7	0.
-5.4713880479826406e-6	3.617124269057945e-11	-107033.06695634146	3.4057684794296436e7	0.
-3.0396600266570224e-7	3.617124269057945e-11	-162122.9985854651	5.586638377616901e7	0.
-5.31940504664979e-6	3.617124269057945e-11	-108274.14361198597	3.455960704185316e7	0.
-1.5198300133285112e-7	3.617124269057945e-11	-164184.0704978107	5.665004528566201e7	0.
-5.167422045316938e-6	3.617124269057945e-11	-109535.52604541378	3.50697204261517e7	0.
0.	3.617124269057945e-11	-166271.68012894806	5.744074013552429e7	0.
-5.015439043984087e-6	3.617124269057945e-11	-110817.4981370696	3.558809054700652e7	0.
1.5198300133285112e-7	3.617124269057945e-11	-168385.83383320295	5.8238313442244835e7	0.
-4.863456042651236e-6	3.617124269057945e-11	-112120.34192571628	3.611478114591315e7	0.
3.0396600266570224e-7	3.617124269057945e-11	-170526.52525624956	5.9042600423165254e7	0.
-4.711473041318385e-6	3.617124269057945e-11	-113444.33723879699	3.664985008293765e7	0.
5.4713880479826406e-6	3.617124269057945e-11	-258296.5470304619	8.90236053633596e7	0.
4.5594900399855336e-7	3.617124269057945e-11	-172693.7353503127	5.985343733892394e7	0.
5.6233710493154915e-6	3.617124269057945e-11	-261277.25412422532	8.994186336679144e7	0.
6.079320053314045e-7	3.617124269057945e-11	-174887.43241968803	6.0670652512236185e7	0.
5.7753540506483425e-6	3.617124269057945e-11	-264277.69513143034	9.086005698237166e7	0.
7.599150066642557e-7	3.617124269057945e-11	-177107.57219632802	6.149406777794516e7	0.
5.9273370519811935e-6	3.617124269057945e-11	-267297.58274889155	9.177803931268254e7	0.
9.118980079971067e-7	3.617124269057945e-11	-179354.0979450734	6.2323503242209405e7	0.
6.079320053314045e-6	3.617124269057945e-11	-270336.6291922931	9.269566943839572e7	0.
1.0638810093299578e-6	3.617124269057945e-11	-181626.9405979484	6.315877110144441e7	0.
6.231303054646896e-6	3.617124269057945e-11	-273394.54650464054	9.361280614723508e7	0.
1.215864010662809e-6	3.617124269057945e-11	-183926.01891678295	6.3999684294980936e7	0.
6.383286055979747e-6	3.617124269057945e-11	-276471.0468514491	9.452931514818841e7	0.
1.3678470119956601e-6	3.617124269057945e-11	-186251.2396832729	6.484604930703547e7	0.
6.535269057312598e-6	3.617124269057945e-11	-279565.842802502	9.544507330341217e7	0.
1.5198300133285113e-6	3.617124269057945e-11	-188602.49791545354	6.5697671019489445e7	0.
6.687252058645449e-6	3.617124269057945e-11	-282678.6476000833	9.635995020399311e7	0.
1.6718130146613623e-6	3.617124269057945e-11	-190979.67710942714	6.6554351114698485e7	0.
6.8392350599783e-6	3.617124269057945e-11	-285809.1754136552	9.727382850804971e7	0.
1.8237960159942135e-6	3.617124269057945e-11	-193382.6495050682	6.7415887835334e7	0.
6.991218061311152e-6	3.617124269057945e-11	-288957.1415810037	9.818659114596395e7	0.
1.9757790173270646e-6	3.617124269057945e-11	-195811.27637432163	6.828208032002573e7	0.
7.143201062644003e-6	3.617124269057945e-11	-292122.2628359372	9.909812745982938e7	0.
2.1277620186599156e-6	3.617124269057945e-11	-198265.4083306144	6.91527230955119e7	0.
7.295184063976854e-6	3.617124269057945e-11	-295304.2575226673	1.0000833322384658e8	0.
2.279745019992767e-6	3.617124269057945e-11	-200744.88565782006	7.002761272682513e7	0.
7.447167065309705e-6	3.617124269057945e-11	-298502.8457970497	1.0091710089770544e8	0.
2.431728021325618e-6	3.617124269057945e-11	-203249.53865714677	7.090654045185839e7	0.
7.599150066642556e-6	3.617124269057945e-11	-301717.7498149034	1.0182433342694376e8	0.
2.583711022658469e-6	3.617124269057945e-11	-205779.18801026684	7.178930270450926e7	0.
7.751133067975407e-6	3.617124269057945e-11	-304948.6939076606	1.0272993903101027e8	0.
2.7356940239913203e-6	3.617124269057945e-11	-208333.64515696428	7.267569077754143e7	0.
7.903116069308259e-6	3.617124269057945e-11	-308195.40474563395	1.0363382438346319e8	0.
2.8876770253241713e-6	3.617124269057945e-11	-210912.71268555237	7.356549921984315e7	0.
8.055099070641109e-6	3.617124269057945e-11	-311457.61148921563	1.0453590592687248e8	0.
3.0396600266570226e-6	3.617124269057945e-11	-213516.18473429955	7.445852438058946e7	0.
8.20708207197396e-6	3.617124269057945e-11	-314735.04592834547	1.054361007732235e8	0.
3.1916430279898736e-6	3.617124269057945e-11	-216143.8474021025	7.535455856304878e7	0.
8.359065073306812e-6	3.617124269057945e-11	-318027.4426106062	1.0633433087574098e8	0.
3.3436260293227246e-6	3.617124269057945e-11	-218795.47916665976	7.625340023323812e7	0.
8.511048074639662e-6	3.617124269057945e-11	-321334.538958321	1.07230521071887e8	0.
3.495609030655576e-6	3.617124269057945e-11	-221470.8513084226	7.715484888176918e7	0.
8.663031075972514e-6	3.617124269057945e-11	-324656.0753750421	1.0812460163054043e8	0.
3.647592031988427e-6	3.617124269057945e-11	-224169.72833863657	7.8058703053957e7	0.
8.815014077305364e-6	3.617124269057945e-11	-327991.79534182826	1.0901650692864151e8	0.
3.799575033321278e-6	3.617124269057945e-11	-226891.868429834	7.89647651354261e7	0.
8.966997078638216e-6	3.617124269057945e-11	-331341.4455037173	1.0990617137804383e8	0.
3.951558034654129e-6	3.617124269057945e-11	-229637.0238471926	7.987284126798e7	0.
9.118980079971068e-6	3.617124269057945e-11	-334704.77574680623	1.1079353507434018e8	0.
4.10354103598698e-6	3.617124269057945e-11	-232404.94137923885	8.078273902029242e7	0.
9.270963081303918e-6	3.617124269057945e-11	-338081.5392663504	1.116785428165639e8	0.
4.255524037319831e-6	3.617124269057945e-11	-235195.36276644687	8.16942684534373e7	0.
9.42294608263677e-6	3.617124269057945e-11	-341471.4926262964	1.1256114056108738e8	0.
4.407507038652682e-6	3.617124269057945e-11	-238008.0251263593	8.260724148944688e7	0.
9.57492908396962e-6	3.617124269057945e-11	-344874.39581066143	1.134412780418751e8	0.
4.559490039985534e-6	3.617124269057945e-11	-240842.66137394044	8.352147734465848e7	0.
9.726912085302472e-6	3.617124269057945e-11	-348290.0122671658	1.1431890895638488e8	0.
4.711473041318385e-6	3.617124269057945e-11	-243699.00063595627	8.443679572312145e7	0.
9.878895086635324e-6	3.617124269057945e-11	-351718.108943524	1.1519398694680914e8	0.
4.863456042651236e-6	3.617124269057945e-11	-246576.7686582678	8.535302076095587e7	0.
0.000010030878087968174	3.617124269057945e-11	-355158.45631678985	1.1606647365651865e8	0.
5.015439043984087e-6	3.617124269057945e-11	-249475.68820501334	8.626997970049487e7	0.
0.000010182861089301025	3.617124269057945e-11	-358610.82841614546	1.1693632698012662e8	0.
5.167422045316938e-6	3.617124269057945e-11	-252395.47944874977	8.718750649555978e7	0.
0.000010334844090633876	3.617124269057945e-11	-362075.00283951533	1.1780351691988204e8	0.
5.31940504664979e-6	3.617124269057945e-11	-255335.86035071424	8.810543579412866e7	0.
0.000010486827091966727	3.617124269057945e-11	-365550.7607643742	1.1866800349285288e8	0.
0.000015502266135950813	3.617124269057945e-11	-485521.2810903034	1.4558017026052746e8	0.
0.00001063881009329958	3.617124269057945e-11	-369037.8869531122	1.195297591904749e8	0.
0.000015654249137283665	3.617124269057945e-11	-489285.0312654394	1.463462470099817e8	0.
0.00001079079309463243	3.617124269057945e-11	-372536.1697533038	1.2038875637324795e8	0.
0.000015806232138616517	3.617124269057945e-11	-493054.78585333383	1.47109488823126e8	0.
0.000010942776095965281	3.617124269057945e-11	-376045.40109322075	1.2124496690783314e8	0.
0.00001595821513994937	3.617124269057945e-11	-496830.43602821056	1.478699143171787e8	0.
0.000011094759097298131	3.617124269057945e-11	-379565.3764729136	1.2209836980436218e8	0.
0.000016110198141282217	3.617124269057945e-11	-500611.8752076246	1.48627533682371e8	0.
0.000011246742098630983	3.617124269057945e-11	-383095.89495117625	1.2294894334496549e8	0.
0.00001626218114261507	3.617124269057945e-11	-504398.9990075515	1.493823630555211e8	0.
0.000011398725099963835	3.617124269057945e-11	-386636.7591286949	1.237966653858263e8	0.
0.00001641416414394792	3.617124269057945e-11	-508191.70519800927	1.501344161832987e8	0.
0.000011550708101296685	3.617124269057945e-11	-390187.7751276707	1.2464152044663998e8	0.
0.000016566147145280773	3.617124269057945e-11	-511989.89365923754	1.5088370308463508e8	0.
0.000011702691102629537	3.617124269057945e-11	-393748.7525681925	1.2548349041458488e8	0.
0.000016718130146613624	3.617124269057945e-11	-515793.4663384571	1.5163024530182946e8	0.
0.000011854674103962387	3.617124269057945e-11	-397319.5045416231	1.2632256390670514e8	0.
0.000016870113147946473	3.617124269057945e-11	-519602.32720722596	1.5237404706181297e8	0.
0.000012006657105295239	3.617124269057945e-11	-400899.84758125216	1.271587264973903e8	0.
0.000017022096149279325	3.617124269057945e-11	-523416.3822194138	1.5311513365516162e8	0.
0.00001215864010662809	3.617124269057945e-11	-404489.6016304542	1.279919720149321e8	0.
0.000017174079150612177	3.617124269057945e-11	-527235.5392698018	1.538535146372781e8	0.
0.00001231062310796094	3.617124269057945e-11	-408088.590008579	1.2882228817558245e8	0.
0.00001732606215194503	3.617124269057945e-11	-531059.7081533269	1.5458920654854712e8	0.
0.000012462606109293792	3.617124269057945e-11	-411696.6393747922	1.2964966574703883e8	0.
0.00001747804515327788	3.617124269057945e-11	-534888.8005249758	1.553222266886049e8	0.
0.000012614589110626643	3.617124269057945e-11	-415313.5796900675	1.304741029031758e8	0.
0.00001763002815461073	3.617124269057945e-11	-538722.7298603384	1.5605258568826616e8	0.
0.000012766572111959494	3.617124269057945e-11	-418939.2441775256	1.3129559218164423e8	0.
0.00001778201115594358	3.617124269057945e-11	-542561.4114168277	1.5678030447825435e8	0.
0.000012918555113292345	3.617124269057945e-11	-422573.4692813016	1.321141343715439e8	0.
0.000017933994157276432	3.617124269057945e-11	-546404.762195568	1.575053974578013e8	0.
0.000013070538114625196	3.617124269057945e-11	-426216.0946241122	1.3292972360786927e8	0.
0.000018085977158609284	3.617124269057945e-11	-550252.7009039577	1.5822788076620406e8	0.
0.000013222521115958048	3.617124269057945e-11	-429866.96296368405	1.337423603967567e8	0.
0.000018237960159942136	3.617124269057945e-11	-554105.1479189069	1.5894776912346274e8	0.
0.000013374504117290898	3.617124269057945e-11	-433525.9201481959	1.3455204528737494e8	0.
0.000018389943161274984	3.617124269057945e-11	-557962.0252507502	1.5966508328076172e8	0.
0.00001352648711862375	3.617124269057945e-11	-437192.8150708751	1.353587813783102e8	0.
0.000018541926162607836	3.617124269057945e-11	-561823.2565078347	1.603798338346909e8	0.
0.0000136784701199566	3.617124269057945e-11	-440867.4996238832	1.361625677933616e8	0.
0.000018693909163940688	3.617124269057945e-11	-565688.7668617798	1.6109204043348846e8	0.
0.000013830453121289452	3.617124269057945e-11	-444549.8286516136	1.3696340805853635e8	0.
0.00001884589216527354	3.617124269057945e-11	-569558.4830134099	1.618017219930629e8	0.
0.000013982436122622304	3.617124269057945e-11	-448239.6599035183	1.3776130995762417e8	0.
0.00001899787516660639	3.617124269057945e-11	-573432.3331593503	1.6250888998428854e8	0.
0.000014134419123955154	3.617124269057945e-11	-451936.8539865706	1.385562771819655e8	0.
0.00001914985816793924	3.617124269057945e-11	-577310.2469592887	1.6321356485198224e8	0.
0.000014286402125288006	3.617124269057945e-11	-455641.27431746636	1.3934831436621544e8	0.
0.000019301841169272092	3.617124269057945e-11	-581192.1555038922	1.6391576210351947e8	0.
0.000014438385126620856	3.617124269057945e-11	-459352.7870746539	1.4013743136356592e8	0.
0.000019453824170604944	3.617124269057945e-11	-585077.9912833755	1.646155012057067e8	0.
0.000014590368127953708	3.617124269057945e-11	-463071.2611502819	1.4092363580386144e8	0.
0.000019605807171937795	3.617124269057945e-11	-588967.6881567147	1.6531279171854305e8	0.
0.00001474235112928656	3.617124269057945e-11	-466796.56810214295	1.4170693172371808e8	0.
0.000019757790173270647	3.617124269057945e-11	-592861.1813214993	1.6600765475180706e8	0.
0.00001489433413061941	3.617124269057945e-11	-470528.58210568794	1.4248733248860553e8	0.
0.000019909773174603496	3.617124269057945e-11	-596758.407284415	1.6670010966100925e8	0.
0.000015046317131952261	3.617124269057945e-11	-474267.1799061775	1.4326484786066478e8	0.
0.000020061756175936347	3.617124269057945e-11	-600659.3038323483	1.6739016768290886e8	0.
0.000015198300133285111	3.617124269057945e-11	-478012.2407710336	1.440394835426846e8	0.
0.0000202137391772692	3.617124269057945e-11	-604563.8100041075	1.680778508167326e8	0.
0.00001535028313461796	3.617124269057945e-11	-481763.64644244895	1.4481125636441225e8	0.
0.00002036572217860205	3.617124269057945e-11	-608471.8660627487	1.6876317038878068e8	0.
0.000020517705179934903	3.617124269057945e-11	-612383.4134685001	1.6944614696717298e8	0.
0.00002553314422391899	3.617124269057945e-11	-743100.2022467472	1.9077374499488646e8	0.
0.00002066968818126775	3.617124269057945e-11	-616298.3948522744	1.701267971292621e8	0.
0.00002568512722525184	3.617124269057945e-11	-747102.6529152651	1.913863574875251e8	0.
0.000020821671182600603	3.617124269057945e-11	-620216.7539897608	1.7080513328375235e8	0.
0.00002583711022658469	3.617124269057945e-11	-751107.1285272938	1.919971534690838e8	0.
0.000020973654183933455	3.617124269057945e-11	-624138.4357760868	1.714811774570186e8	0.
0.00002598909322791754	3.617124269057945e-11	-755113.5998706694	1.9260614614534128e8	0.
0.000021125637185266307	3.617124269057945e-11	-628063.3862010399	1.7215494172251806e8	0.
0.000026141076229250393	3.617124269057945e-11	-759122.038262677	1.9321335118632755e8	0.
0.00002127762018659916	3.617124269057945e-11	-631991.5523248418	1.7282644251837e8	0.
0.000026293059230583244	3.617124269057945e-11	-763132.4155388516	1.9381878033787757e8	0.
0.000021429603187932007	3.617124269057945e-11	-635922.8822544618	1.734956988879876e8	0.
0.000026445042231916096	3.617124269057945e-11	-767144.7040420397	1.9442244526113185e8	0.
0.00002158158618926486	3.617124269057945e-11	-639857.3251204621	1.741627270672751e8	0.
0.000026597025233248945	3.617124269057945e-11	-771158.8766117155	1.950243635120883e8	0.
0.00002173356919059771	3.617124269057945e-11	-643794.8310543655	1.74827538835052e8	0.
0.000026749008234581796	3.617124269057945e-11	-775174.9065735447	1.956245404739136e8	0.
0.000021885552191930562	3.617124269057945e-11	-647735.3511665338	1.75490155917321e8	0.
0.000026900991235914648	3.617124269057945e-11	-779192.7677291917	1.9622299364046237e8	0.
0.000022037535193263414	3.617124269057945e-11	-651678.8375245488	1.7615058743828103e8	0.
0.0000270529742372475	3.617124269057945e-11	-783212.4343463628	1.9681973555490047e8	0.
0.000022189518194596263	3.617124269057945e-11	-655625.2431320847	1.7680885860668302e8	0.
0.000027204957238580352	3.617124269057945e-11	-787233.8811490807	1.974147745387637e8	0.
0.000022341501195929114	3.617124269057945e-11	-659574.5219082641	1.774649757338085e8	0.
0.0000273569402399132	3.617124269057945e-11	-791257.0833081835	1.980081267876794e8	0.
0.000022493484197261966	3.617124269057945e-11	-663526.6286674854	1.7811896014661905e8	0.
0.000027508923241246052	3.617124269057945e-11	-795282.0164320446	1.985998044328287e8	0.
0.000022645467198594818	3.617124269057945e-11	-667481.5190997138	1.7877082596666056e8	0.
0.000027660906242578904	3.617124269057945e-11	-799308.6565575055	1.991898167240521e8	0.
0.00002279745019992767	3.617124269057945e-11	-671439.1497512255	1.7942058739446145e8	0.
0.000027812889243911756	3.617124269057945e-11	-803336.9801410199	1.9977817701294133e8	0.
0.000022949433201260518	3.617124269057945e-11	-675399.4780057967	1.8006826371393684e8	0.
0.000027964872245244608	3.617124269057945e-11	-807366.9640499997	2.0036489699344125e8	0.
0.00002310141620259337	3.617124269057945e-11	-679362.4620663262	1.807138650639021e8	0.
0.000028116855246577456	3.617124269057945e-11	-811398.5855543618	2.009499858123706e8	0.
0.000023253399203926222	3.617124269057945e-11	-683328.0609368836	1.8135741055473858e8	0.
0.000028268838247910308	3.617124269057945e-11	-815431.8223182692	2.015334627100937e8	0.
0.000023405382205259074	3.617124269057945e-11	-687296.2344051736	1.8199891524845085e8	0.
0.00002842082124924316	3.617124269057945e-11	-819466.6523920598	2.0211533150796697e8	0.
0.000023557365206591925	3.617124269057945e-11	-691266.9430254075	1.8263839157388833e8	0.
0.00002857280425057601	3.617124269057945e-11	-823503.0542043624	2.0269560346685252e8	0.
0.000023709348207924774	3.617124269057945e-11	-695240.1481015725	1.8327585438208267e8	0.
0.000028724787251908863	3.617124269057945e-11	-827541.0065543929	2.032742950454333e8	0.
0.000023861331209257626	3.617124269057945e-11	-699215.8116710912	1.839113211118115e8	0.
0.00002887677025324171	3.617124269057945e-11	-831580.4886044242	2.0385141478326306e8	0.
0.000024013314210590477	3.617124269057945e-11	-703193.8964888597	1.8454480515582982e8	0.
0.000029028753254574563	3.617124269057945e-11	-835621.4798724311	2.0442697379369178e8	0.
0.00002416529721192333	3.617124269057945e-11	-707174.3660116595	1.8517632105490357e8	0.
0.000029180736255907415	3.617124269057945e-11	-839663.9602249007	2.0500098296619022e8	0.
0.00002431728021325618	3.617124269057945e-11	-711157.1843829325	1.8580588324646726e8	0.
0.000029332719257240267	3.617124269057945e-11	-843707.9098698065	2.0557345436790186e8	0.
0.00002446926321458903	3.617124269057945e-11	-715142.3164179111	1.8643350609695846e8	0.
0.00002948470225857312	3.617124269057945e-11	-847753.3093497423	2.061443940095079e8	0.
0.00002462124621592188	3.617124269057945e-11	-719129.7275890958	1.870592051815723e8	0.
0.000029636685259905967	3.617124269057945e-11	-851800.1395352121	2.0671382072685614e8	0.
0.000024773229217254733	3.617124269057945e-11	-723119.3840120713	1.8768299054031017e8	0.
0.00002978866826123882	3.617124269057945e-11	-855848.3816180711	2.0728173798648304e8	0.
0.000024925212218587585	3.617124269057945e-11	-727111.2524316552	1.883048803676842e8	0.
0.00002994065126257167	3.617124269057945e-11	-859898.0171051146	2.0784815862522915e8	0.
0.000025077195219920433	3.617124269057945e-11	-731105.3002083681	1.8892488708461952e8	0.
0.000030092634263904523	3.617124269057945e-11	-863949.0278118129	2.084130929907747e8	0.
0.000025229178221253285	3.617124269057945e-11	-735101.4953052234	1.8954302595692658e8	0.
0.000030244617265237375	3.617124269057945e-11	-868001.3958561848	2.0897655139032266e8	0.
0.000025381161222586137	3.617124269057945e-11	-739099.806274821	1.9015930520329085e8	0.
0.000030396600266570223	3.617124269057945e-11	-872055.1036528103	2.095385394655693e8	0.
