# Filename	C:\Users\edmag\Documents\Work\2D-Comp-Model\computation\Turning Timeresults\2018-02-05T05-29-05.txt
# Source	C:\Users\edmag\Documents\Work\2D-Comp-Model\computation\Turning Time\turning.nb
# Note	1D calculation of turning time vs. field and orbit energy.
# Date	2018-02-05T05:29:05
# Dir	-1
# field	1.2251549943583364e-11
# zi	-6.
W	field	zt	t	argt
-0.000030396600266570223	1.2251549943583364e-11	-32473.384468499615	6.468499660397138e6	0.
-0.000025229178221253285	1.2251549943583364e-11	-38901.749242054924	8.463750902622096e6	0.
-0.000030244617265237375	1.2251549943583364e-11	-32632.374240622165	6.515753530245031e6	-1.960263111704573e-7
-0.000025077195219920433	1.2251549943583364e-11	-39128.85949448825	8.537292302582158e6	0.
-0.000030092634263904523	1.2251549943583364e-11	-32792.90815700685	6.563580603457177e6	-1.3478209020295405e-7
-0.000024925212218587585	1.2251549943583364e-11	-39358.58739961505	8.611883963945668e6	-4.3753734924326744e-7
-0.00002994065126257167	1.2251549943583364e-11	-32955.008522376855	6.611988650078448e6	0.
-0.000024773229217254733	1.2251549943583364e-11	-39590.977602454324	8.687548657168452e6	-3.2273177213911045e-7
-0.00002978866826123882	1.2251549943583364e-11	-33118.69806716283	6.660985774446367e6	0.
-0.00002462124621592188	1.2251549943583364e-11	-39826.07574849006	8.764308128495067e6	0.
-0.000029636685259905967	1.2251549943583364e-11	-33283.999957558895	6.710583640561371e6	0.
-0.00002446926321458903	1.2251549943583364e-11	-40063.92851124371	8.842179017636918e6	-2.812254727066184e-7
-0.00002948470225857312	1.2251549943583364e-11	-33450.93780586183	6.7607906703397e6	0.
-0.00002431728021325618	1.2251549943583364e-11	-40304.583620741076	8.921190414717939e6	0.
-0.000029332719257240267	1.2251549943583364e-11	-33619.535681101785	6.811618779984491e6	0.
-0.00002416529721192333	1.2251549943583364e-11	-40548.08989290923	9.001358707846556e6	-5.067851194545515e-7
-0.000029180736255907415	1.2251549943583364e-11	-33789.81811997232	6.8630772098609945e6	0.
-0.000024013314210590477	1.2251549943583364e-11	-40794.497259933945	9.08271395198963e6	0.
-0.000029028753254574563	1.2251549943583364e-11	-33961.81013807219	6.915177544516316e6	-3.461619361201374e-7
-0.000023861331209257626	1.2251549943583364e-11	-41043.85680161807	9.165275303495042e6	0.
-0.00002887677025324171	1.2251549943583364e-11	-34135.537241465914	6.9679352201389475e6	0.
-0.000023709348207924774	1.2251549943583364e-11	-41296.220777774346	9.249068026889896e6	0.
-0.000028724787251908863	1.2251549943583364e-11	-34311.02543857756	7.021350600931265e6	-1.793870897368607e-7
-0.000023557365206591925	1.2251549943583364e-11	-41551.642661694765	9.33411944359116e6	0.
-0.00002857280425057601	1.2251549943583364e-11	-34488.301252424455	7.075445486358466e6	-6.903426183768299e-7
-0.000023405382205259074	1.2251549943583364e-11	-41810.17717473479	9.420453239264956e6	-2.1967927504292896e-7
-0.00002842082124924316	1.2251549943583364e-11	-34667.39173320567	7.130230029461305e6	0.
-0.000023253399203926222	1.2251549943583364e-11	-42071.880322055935	9.508100771128241e6	0.
-0.000028268838247910308	1.2251549943583364e-11	-34848.32447125459	7.185714115004196e6	0.
-0.00002310141620259337	1.2251549943583364e-11	-42336.809429571935	9.597083589329654e6	0.
-0.000028116855246577456	1.2251549943583364e-11	-35031.127610368996	7.241906885290267e6	-1.6462653508092501e-7
-0.000022949433201260518	1.2251549943583364e-11	-42605.02318214142	9.687431214274192e6	-6.413090126298278e-7
-0.000027964872245244608	1.2251549943583364e-11	-35215.82986153073	7.298828519881483e6	0.
-0.00002279745019992767	1.2251549943583364e-11	-42876.58166305763	9.779177768730517e6	0.
-0.000027812889243911756	1.2251549943583364e-11	-35402.46051702951	7.356491889147614e6	0.
-0.000022645467198594818	1.2251549943583364e-11	-43151.54639488514	9.872343666367305e6	-3.7300295295894626e-7
-0.000027660906242578904	1.2251549943583364e-11	-35591.04946500075	7.41489774808771e6	0.
-0.000022493484197261966	1.2251549943583364e-11	-43429.980381693495	9.966966947286818e6	-1.9517253518295462e-7
-0.000027508923241246052	1.2251549943583364e-11	-35781.62720439711	7.474071860562521e6	-2.0220686996032988e-7
-0.000022341501195929114	1.2251549943583364e-11	-43711.9481527446	1.006308004564628e7	0.
-0.0000273569402399132	1.2251549943583364e-11	-35974.224860402435	7.534027464248885e6	0.
-0.000022189518194596263	1.2251549943583364e-11	-43997.51580768935	1.0160704639265653e7	-5.277001349950524e-7
-0.000027204957238580352	1.2251549943583364e-11	-36168.87420030898	7.594772997564827e6	-4.5591837538343244e-7
-0.000022037535193263414	1.2251549943583364e-11	-44286.75106333183	1.0259883650109954e7	0.
-0.0000270529742372475	1.2251549943583364e-11	-36365.60764986846	7.656329174664904e6	0.
-0.000021885552191930562	1.2251549943583364e-11	-44579.72330202528	1.0360645965819884e7	-4.840820449509148e-7
-0.000026900991235914648	1.2251549943583364e-11	-36564.458310137874	7.718706869787371e6	0.
-0.00002173356919059771	1.2251549943583364e-11	-44876.50362175995	1.046303152172724e7	0.
-0.000026749008234581796	1.2251549943583364e-11	-36765.459974833684	7.781919389400801e6	-2.9322879120126095e-7
-0.00002158158618926486	1.2251549943583364e-11	-45177.16488801553	1.0567068157675274e7	-3.6484075327107416e-7
-0.000026597025233248945	1.2251549943583364e-11	-36968.6471482142	7.845988719764663e6	0.
-0.000021429603187932007	1.2251549943583364e-11	-45481.78178744234	1.0672806161895152e7	0.
-0.000026445042231916096	1.2251549943583364e-11	-37174.05506350811	7.91092556945467e6	0.
-0.00002127762018659916	1.2251549943583364e-11	-45790.430883448906	1.078026164232124e7	0.
-0.000026293059230583244	1.2251549943583364e-11	-37381.71970190708	7.976747647599389e6	0.
-0.000021125637185266307	1.2251549943583364e-11	-46103.19067377012	1.0889490331921553e7	-4.088705493097165e-7
-0.000026141076229250393	1.2251549943583364e-11	-37591.67781214429	8.043474839463142e6	0.
-0.000020973654183933455	1.2251549943583364e-11	-46420.141650094294	1.1000532651699333e7	0.
-0.00002598909322791754	1.2251549943583364e-11	-37803.9669306773	8.11111592115108e6	0.
-0.000020821671182600603	1.2251549943583364e-11	-46741.366359836604	1.1113420094384035e7	0.
-0.00002583711022658469	1.2251549943583364e-11	-38018.62540249957	8.179696606319658e6	0.
-0.00002066968818126775	1.2251549943583364e-11	-47066.94947014053	1.1228199753064733e7	0.
-0.00002568512722525184	1.2251549943583364e-11	-38235.692402599336	8.249231656380868e6	0.
-0.000020517705179934903	1.2251549943583364e-11	-47396.97783420162	1.1344917038319629e7	0.
-0.00002553314422391899	1.2251549943583364e-11	-38455.20795809257	8.319738407498585e6	-2.4710926870358536e-7
-0.00002036572217860205	1.2251549943583364e-11	-47731.54056000582	1.146361259321709e7	0.
-0.000025381161222586137	1.2251549943583364e-11	-38677.2129710512	8.39123936043379e6	0.
-0.0000202137391772692	1.2251549943583364e-11	-48070.72908158347	1.1584335297020925e7	0.
-0.000020061756175936347	1.2251549943583364e-11	-48414.63723287965	1.1707130016003449e7	0.
-0.00001489433413061941	1.2251549943583364e-11	-63792.23963541929	1.7571491741665747e7	0.
-0.000019909773174603496	1.2251549943583364e-11	-48763.36132435124	1.1832048552363947e7	0.
-0.00001474235112928656	1.2251549943583364e-11	-64386.58098043324	1.7811655423104834e7	0.
-0.000019757790173270647	1.2251549943583364e-11	-49117.00022240028	1.1959138643957065e7	0.
-0.000014590368127953708	1.2251549943583364e-11	-64991.55118859514	1.8057062618004434e7	0.
-0.000019605807171937795	1.2251549943583364e-11	-49475.65543176499	1.2088453670857687e7	0.
-0.000014438385126620856	1.2251549943583364e-11	-65607.42282335123	1.8307866063449882e7	0.
-0.000019453824170604944	1.2251549943583364e-11	-49839.431180987616	1.2220046535640234e7	0.
-0.000014286402125288006	1.2251549943583364e-11	-66234.47728918333	1.8564224362463094e7	0.
-0.000019301841169272092	1.2251549943583364e-11	-50208.434511090265	1.2353967151029056e7	0.
-0.000014134419123955154	1.2251549943583364e-11	-66873.00516696976	1.8826300375934776e7	0.
-0.00001914985816793924	1.2251549943583364e-11	-50582.77536759175	1.2490278107054794e7	0.
-0.000013982436122622304	1.2251549943583364e-11	-67523.3065632483	1.909426382132536e7	0.
-0.00001899787516660639	1.2251549943583364e-11	-50962.56669600519	1.2629035767704552e7	0.
-0.000013830453121289452	1.2251549943583364e-11	-68185.69147395669	1.9368291932520315e7	0.
-0.00001884589216527354	1.2251549943583364e-11	-51347.92454096396	1.2770305034686815e7	0.
-0.0000136784701199566	1.2251549943583364e-11	-68860.48016324459	1.9648563523103263e7	0.
-0.000018693909163940688	1.2251549943583364e-11	-51738.96814912815	1.2914131117122948e7	0.
-0.00001352648711862375	1.2251549943583364e-11	-69548.00355797312	1.9935271484794278e7	0.
-0.000018541926162607836	1.2251549943583364e-11	-52135.82007603262	1.306059370780206e7	0.
-0.000013374504117290898	1.2251549943583364e-11	-70248.60365853002	2.0228605770314053e7	0.
-0.000018389943161274984	1.2251549943583364e-11	-52538.60629704202	1.320975354497388e7	0.
-0.000013222521115958048	1.2251549943583364e-11	-70962.63396661509	2.0528774779621035e7	0.
-0.000018237960159942136	1.2251549943583364e-11	-52947.45632258922	1.336167632692255e7	0.
-0.000013070538114625196	1.2251549943583364e-11	-71690.45993065865	2.0835982169156227e7	0.
-0.000018085977158609284	1.2251549943583364e-11	-53362.50331787923	1.3516435305344747e7	0.
-0.000012918555113292345	1.2251549943583364e-11	-72432.4594095609	2.115045168339399e7	0.
-0.000017933994157276432	1.2251549943583364e-11	-53783.88422724814	1.3674098965390118e7	0.
-0.000012766572111959494	1.2251549943583364e-11	-73189.02315544695	2.147240409138805e7	0.
-0.00001778201115594358	1.2251549943583364e-11	-54211.73990337887	1.3834743150038434e7	0.
-0.000012614589110626643	1.2251549943583364e-11	-73960.55531615377	2.180207738329202e7	0.
-0.00001763002815461073	1.2251549943583364e-11	-54646.21524157944	1.399844220807912e7	0.
-0.000012462606109293792	1.2251549943583364e-11	-74747.47395816962	2.2139710605638545e7	0.
-0.00001747804515327788	1.2251549943583364e-11	-55087.45931934354	1.4165278894755004e7	0.
-0.00001231062310796094	1.2251549943583364e-11	-75550.21161076326	2.2485559734387517e7	0.
-0.00001732606215194503	1.2251549943583364e-11	-55535.62554141886	1.4335330361566031e7	0.
-0.00001215864010662809	1.2251549943583364e-11	-76369.21583204016	2.2839878501001455e7	0.
-0.000017174079150612177	1.2251549943583364e-11	-55990.87179062293	1.4508683855161464e7	0.
-0.000012006657105295239	1.2251549943583364e-11	-77204.94979767378	2.320294447183768e7	0.
-0.000017022096149279325	1.2251549943583364e-11	-56453.3605846523	1.4685425929503923e7	0.
-0.000011854674103962387	1.2251549943583364e-11	-78057.89291305258	2.357503666493216e7	0.
-0.000016870113147946473	1.2251549943583364e-11	-56923.25923914597	1.4865641823004624e7	0.
-0.000011702691102629537	1.2251549943583364e-11	-78928.54144958593	2.395644607407628e7	0.
-0.000016718130146613624	1.2251549943583364e-11	-57400.74003727354	1.5049429863122553e7	0.
-0.000011550708101296685	1.2251549943583364e-11	-79817.40920589767	2.434747497180542e7	0.
-0.000016566147145280773	1.2251549943583364e-11	-57885.98040612903	1.5236883113871682e7	0.
-0.000011398725099963835	1.2251549943583364e-11	-80725.02819462308	2.47484377948226e7	0.
-0.00001641416414394792	1.2251549943583364e-11	-58379.163100227815	1.5428098024664322e7	0.
-0.000011246742098630983	1.2251549943583364e-11	-81651.94935550213	2.5159663509270135e7	0.
-0.00001626218114261507	1.2251549943583364e-11	-58880.476392413286	1.5623179835778873e7	0.
-0.000011094759097298131	1.2251549943583364e-11	-82598.74329543165	2.558147927406191e7	0.
-0.000016110198141282217	1.2251549943583364e-11	-59390.114272494146	1.5822233141051201e7	0.
-0.000010942776095965281	1.2251549943583364e-11	-83566.00105610173	2.6014246292278983e7	0.
-0.00001595821513994937	1.2251549943583364e-11	-59908.27665394853	1.6025366273498457e7	0.
-0.00001079079309463243	1.2251549943583364e-11	-84554.33490978915	2.645832621158892e7	0.
-0.000015806232138616517	1.2251549943583364e-11	-60435.16958904442	1.6232693777629888e7	0.
-0.00001063881009329958	1.2251549943583364e-11	-85564.37918382382	2.6914096230230402e7	0.
-0.000015654249137283665	1.2251549943583364e-11	-60971.00549273967	1.6444326639620049e7	0.
-0.000010486827091966727	1.2251549943583364e-11	-86596.7911141681	2.738194868391284e7	0.
-0.000015502266135950813	1.2251549943583364e-11	-61516.00337574361	1.6660389810097067e7	0.
-0.000010334844090633876	1.2251549943583364e-11	-87652.25172846051	2.786229201439479e7	0.
-0.00001535028313461796	1.2251549943583364e-11	-62070.389087133626	1.6881010153582286e7	0.
-0.000010182861089301025	1.2251549943583364e-11	-88731.46675877032	2.83555453440633e7	0.
-0.000015198300133285111	1.2251549943583364e-11	-62634.39556693953	1.710630752612603e7	0.
-0.000010030878087968174	1.2251549943583364e-11	-89835.16758418665	2.886215143152321e7	0.
-0.000015046317131952261	1.2251549943583364e-11	-63208.26310912656	1.7336422513460208e7	0.
-9.878895086635324e-6	1.2251549943583364e-11	-90964.11220321707	2.9382562736629732e7	0.
-9.726912085302472e-6	1.2251549943583364e-11	-92119.08623580779	2.991725250710966e7	0.
-4.559490039985534e-6	1.2251549943583364e-11	-154872.61188605495	6.136788490943378e7	0.
-9.57492908396962e-6	1.2251549943583364e-11	-93300.90395459747	3.0466709325013507e7	0.
-4.407507038652682e-6	1.2251549943583364e-11	-157730.07629058952	6.286880352262203e7	0.
-9.42294608263677e-6	1.2251549943583364e-11	-94510.40934479739	3.1031443920072272e7	0.
-4.255524037319831e-6	1.2251549943583364e-11	-160669.15072043394	6.4415462207227066e7	0.
-9.270963081303918e-6	1.2251549943583364e-11	-95748.4771918323	3.161198225938214e7	0.
-4.10354103598698e-6	1.2251549943583364e-11	-163692.24792700773	6.600900446447501e7	0.
-9.118980079971068e-6	1.2251549943583364e-11	-97016.01419558752	3.220887129158472e7	0.
-3.951558034654129e-6	1.2251549943583364e-11	-166801.81085526902	6.765055043060069e7	0.
-8.966997078638216e-6	1.2251549943583364e-11	-98313.9601097764	3.282267592540391e7	0.
-3.799575033321278e-6	1.2251549943583364e-11	-170000.30771290296	6.934119354346414e7	0.
-8.815014077305364e-6	1.2251549943583364e-11	-99643.28890457064	3.3453989603967868e7	0.
-3.647592031988427e-6	1.2251549943583364e-11	-173290.22646289493	7.108200148823336e7	0.
-8.663031075972514e-6	1.2251549943583364e-11	-101005.00995021558	3.4103416048691794e7	0.
-3.495609030655576e-6	1.2251549943583364e-11	-176674.06872613967	7.287399284115645e7	0.
-8.511048074639662e-6	1.2251549943583364e-11	-102400.16921888506	3.477159001787319e7	0.
-3.3436260293227246e-6	1.2251549943583364e-11	-180154.34308685304	7.471815250017008e7	0.
-8.359065073306812e-6	1.2251549943583364e-11	-103829.85050150169	3.5459162386882395e7	0.
-3.1916430279898736e-6	1.2251549943583364e-11	-183733.5578006955	7.661540111467062e7	0.
-8.20708207197396e-6	1.2251549943583364e-11	-105295.1766356685	3.616681272576771e7	0.
-3.0396600266570226e-6	1.2251549943583364e-11	-187414.2129137003	7.856660258114149e7	0.
-8.055099070641109e-6	1.2251549943583364e-11	-106797.31074020591	3.689524227823712e7	0.
-2.8876770253241713e-6	1.2251549943583364e-11	-191198.7918092626	8.057254671122098e7	0.
-7.903116069308259e-6	1.2251549943583364e-11	-108337.4574510754	3.7645173299695745e7	0.
-2.7356940239913203e-6	1.2251549943583364e-11	-195089.7522105357	8.263395396197796e7	0.
-7.751133067975407e-6	1.2251549943583364e-11	-109916.86415268265	3.84173562250316e7	0.
-2.583711022658469e-6	1.2251549943583364e-11	-199089.51667645687	8.475145117955044e7	0.
-7.599150066642556e-6	1.2251549943583364e-11	-111536.82219768813	3.9212567682739265e7	0.
-2.431728021325618e-6	1.2251549943583364e-11	-203200.4626411369	8.692557363714331e7	0.
-7.447167065309705e-6	1.2251549943583364e-11	-113198.66810751322	4.0031606267696805e7	0.
-2.279745019992767e-6	1.2251549943583364e-11	-207424.9120582651	8.915675017059821e7	0.
-7.295184063976854e-6	1.2251549943583364e-11	-114903.78474470483	4.0875295276497714e7	0.
-2.1277620186599156e-6	1.2251549943583364e-11	-211765.12072425263	9.144530465650013e7	0.
-7.143201062644003e-6	1.2251549943583364e-11	-116653.6024472147	4.174449045260922e7	0.
-1.9757790173270646e-6	1.2251549943583364e-11	-216223.2673657431	9.379143720369232e7	0.
-6.991218061311152e-6	1.2251549943583364e-11	-118449.60011345756	4.264006619909703e7	0.
-1.8237960159942135e-6	1.2251549943583364e-11	-220801.44258852015	9.619522703285423e7	0.
-6.8392350599783e-6	1.2251549943583364e-11	-120293.3062257413	4.35629276107482e7	0.
-1.6718130146613623e-6	1.2251549943583364e-11	-225501.63779534984	9.865661774766107e7	0.
-6.687252058645449e-6	1.2251549943583364e-11	-122186.299798304	4.451400326340425e7	0.
-1.5198300133285113e-6	1.2251549943583364e-11	-230325.73418952324	1.0117542158408633e8	0.
-6.535269057312598e-6	1.2251549943583364e-11	-124130.21123476757	4.5494249932376884e7	0.
-1.3678470119956601e-6	1.2251549943583364e-11	-235275.49198840337	1.037513023037361e8	0.
-6.383286055979747e-6	1.2251549943583364e-11	-126126.72307831653	4.6504644150340855e7	0.
-1.215864010662809e-6	1.2251549943583364e-11	-240352.5399767532	1.0638378021675357e8	0.
-6.231303054646896e-6	1.2251549943583364e-11	-128177.57063635973	4.754619359425911e7	0.
-1.0638810093299578e-6	1.2251549943583364e-11	-245558.36553266938	1.0907222972615053e8	0.
-6.079320053314045e-6	1.2251549943583364e-11	-130284.54245983271	4.861992785640454e7	0.
-9.118980079971067e-7	1.2251549943583364e-11	-250894.305259279	1.1181587415515384e8	0.
-5.9273370519811935e-6	1.2251549943583364e-11	-132449.48065567933	4.9726894437389635e7	0.
-7.599150066642557e-7	1.2251549943583364e-11	-256361.53635274584	1.1461378641271248e8	0.
-5.7753540506483425e-6	1.2251549943583364e-11	-134674.28100942908	5.08681686546666e7	0.
-6.079320053314045e-7	1.2251549943583364e-11	-261961.06883144716	1.174648892827271e8	0.
-5.6233710493154915e-6	1.2251549943583364e-11	-136960.89289319108	5.204484646184635e7	0.
-4.5594900399855336e-7	1.2251549943583364e-11	-267693.7387423932	1.2036796191314736e8	0.
-5.4713880479826406e-6	1.2251549943583364e-11	-139311.3189328547	5.3258032950113826e7	0.
-3.0396600266570224e-7	1.2251549943583364e-11	-273560.20244915754	1.2332164619214685e8	0.
-5.31940504664979e-6	1.2251549943583364e-11	-141727.61440685956	5.450886197067862e7	0.
-1.5198300133285112e-7	1.2251549943583364e-11	-279560.9320909682	1.2632443328391267e8	0.
-5.167422045316938e-6	1.2251549943583364e-11	-144211.88634761577	5.5798472105041e7	0.
0.	1.2251549943583364e-11	-285696.21228550735	1.293746978287197e8	0.
-5.015439043984087e-6	1.2251549943583364e-11	-146766.29231558714	5.7128017529711634e7	0.
1.5198300133285112e-7	1.2251549943583364e-11	-291966.13812879287	1.3247069115841874e8	0.
-4.863456042651236e-6	1.2251549943583364e-11	-149393.03881524072	5.849865704407512e7	0.
3.0396600266570224e-7	1.2251549943583364e-11	-298370.6145248069	1.3561054498596215e8	0.
-4.711473041318385e-6	1.2251549943583364e-11	-152094.37932159723	5.991155744163201e7	0.
5.4713880479826406e-6	1.2251549943583364e-11	-585898.7362945436	2.532392753045653e8	0.
4.5594900399855336e-7	1.2251549943583364e-11	-304909.3568558673	1.387922891366786e8	0.
5.6233710493154915e-6	1.2251549943583364e-11	-595953.5162927047	2.5664334910941494e8	0.
6.079320053314045e-7	1.2251549943583364e-11	-311581.89298274595	1.4201387015555477e8	0.
5.7753540506483425e-6	1.2251549943583364e-11	-606072.1104467673	2.6003057529021174e8	0.
7.599150066642557e-7	1.2251549943583364e-11	-318387.5665418693	1.4527314188943583e8	0.
5.9273370519811935e-6	1.2251549943583364e-11	-616252.5161308423	2.6340049291866904e8	0.
9.118980079971067e-7	1.2251549943583364e-11	-325325.5414862272	1.4856789839081338e8	0.
6.079320053314045e-6	1.2251549943583364e-11	-626492.7839728204	2.6675267180883062e8	0.
1.0638810093299578e-6	1.2251549943583364e-11	-332394.80779744225	1.518958746255339e8	0.
6.231303054646896e-6	1.2251549943583364e-11	-636791.0181871721	2.70086747997906e8	0.
1.215864010662809e-6	1.2251549943583364e-11	-339594.1882793507	1.552547656523677e8	0.
6.383286055979747e-6	1.2251549943583364e-11	-647145.3766669536	2.7340239900171345e8	0.
1.3678470119956601e-6	1.2251549943583364e-11	-346922.34632882563	1.5864223752758893e8	0.
6.535269057312598e-6	1.2251549943583364e-11	-657554.0708612294	2.7669935122622824e8	0.
1.5198300133285113e-6	1.2251549943583364e-11	-354377.79456777015	1.6205593219964495e8	0.
6.687252058645449e-6	1.2251549943583364e-11	-668015.3654625904	2.79977358343125e8	0.
1.6718130146613623e-6	1.2251549943583364e-11	-361958.90421142144	1.654934951250505e8	0.
6.8392350599783e-6	1.2251549943583364e-11	-678527.5779278525	2.832362415015471e8	0.
1.8237960159942135e-6	1.2251549943583364e-11	-369663.9150424164	1.6895257322289562e8	0.
6.991218061311152e-6	1.2251549943583364e-11	-689089.0778533934	2.864758277344185e8	0.
1.9757790173270646e-6	1.2251549943583364e-11	-377490.9458574641	1.7243083724796468e8	0.
7.143201062644003e-6	1.2251549943583364e-11	-699698.2862249753	2.8969600186789036e8	0.
2.1277620186599156e-6	1.2251549943583364e-11	-385438.00525379827	1.7592598078544825e8	0.
7.295184063976854e-6	1.2251549943583364e-11	-710353.6745602901	2.9289665892838335e8	0.
2.279745019992767e-6	1.2251549943583364e-11	-393503.0026256355	1.7943574065589625e8	0.
7.447167065309705e-6	1.2251549943583364e-11	-721053.7639609232	2.960777437589858e8	0.
2.431728021325618e-6	1.2251549943583364e-11	-401683.75924633193	1.8295789953464603e8	0.
7.599150066642556e-6	1.2251549943583364e-11	-731797.1240889227	2.9923921250852543e8	0.
2.583711022658469e-6	1.2251549943583364e-11	-409978.0193194766	1.8649030083484545e8	0.
7.751133067975407e-6	1.2251549943583364e-11	-742582.3720817419	3.0238104104344296e8	0.
2.7356940239913203e-6	1.2251549943583364e-11	-418383.46089138015	1.900308442110865e8	0.
7.903116069308259e-6	1.2251549943583364e-11	-753408.1714179594	3.055032523239521e8	0.
2.8876770253241713e-6	1.2251549943583364e-11	-426897.70652793173	1.9357750344190693e8	0.
8.055099070641109e-6	1.2251549943583364e-11	-764273.2307449145	3.0860586898326826e8	0.
3.0396600266570226e-6	1.2251549943583364e-11	-435518.33367019414	1.9712832575495788e8	0.
8.20708207197396e-6	1.2251549943583364e-11	-775176.3026782019	3.116889414172769e8	0.
3.1916430279898736e-6	1.2251549943583364e-11	-444242.8845950141	2.006814405527701e8	0.
8.359065073306812e-6	1.2251549943583364e-11	-786116.1825818599	3.147525285845272e8	0.
3.3436260293227246e-6	1.2251549943583364e-11	-453068.8759189963	2.042350483967429e8	0.
8.511048074639662e-6	1.2251549943583364e-11	-797091.7073370678	3.17796710488695e8	0.
3.495609030655576e-6	1.2251549943583364e-11	-461993.80759610765	2.077874463803649e8	0.
8.663031075972514e-6	1.2251549943583364e-11	-808101.7541062231	3.2082159053548694e8	0.
3.647592031988427e-6	1.2251549943583364e-11	-471015.17137068755	2.113370186378551e8	0.
8.815014077305364e-6	1.2251549943583364e-11	-819145.2390984028	3.238272671239109e8	0.
3.799575033321278e-6	1.2251549943583364e-11	-480130.4586585203	2.1488222983109856e8	0.
8.966997078638216e-6	1.2251549943583364e-11	-830221.1163414333	3.268138563196412e8	0.
3.951558034654129e-6	1.2251549943583364e-11	-489337.1678387111	2.1842163863102582e8	0.
9.118980079971068e-6	1.2251549943583364e-11	-841328.3764650691	3.29781501412145e8	0.
4.10354103598698e-6	1.2251549943583364e-11	-498632.81094827445	2.2195388019047976e8	0.
9.270963081303918e-6	1.2251549943583364e-11	-852466.0454991385	3.327303299424419e8	0.
4.255524037319831e-6	1.2251549943583364e-11	-508014.9197795254	2.2547769053653264e8	0.
9.42294608263677e-6	1.2251549943583364e-11	-863633.1836899283	3.3566048875489175e8	0.
4.407507038652682e-6	1.2251549943583364e-11	-517481.05138750555	2.2899188119453982e8	0.
9.57492908396962e-6	1.2251549943583364e-11	-874828.8843375529	3.3857213498561496e8	0.
4.559490039985534e-6	1.2251549943583364e-11	-527028.7930207958	2.3249535353345045e8	0.
9.726912085302472e-6	1.2251549943583364e-11	-886052.272656588	3.4146543363446707e8	0.
4.711473041318385e-6	1.2251549943583364e-11	-536655.7664941627	2.3598708545961478e8	0.
9.878895086635324e-6	1.2251549943583364e-11	-897302.5046618221	3.443405441177021e8	0.
4.863456042651236e-6	1.2251549943583364e-11	-546359.6320256309	2.3946613533169973e8	0.
0.000010030878087968174	1.2251549943583364e-11	-908578.7660806163	3.471976397581925e8	0.
5.015439043984087e-6	1.2251549943583364e-11	-556138.091563802	2.4293163741504598e8	0.
0.000010182861089301025	1.2251549943583364e-11	-919880.2712930246	3.500368915729098e8	0.
5.167422045316938e-6	1.2251549943583364e-11	-565988.8916336553	2.4638279775733602e8	0.
0.000010334844090633876	1.2251549943583364e-11	-931206.2623005395	3.528584900263588e8	0.
5.31940504664979e-6	1.2251549943583364e-11	-575909.8257307238	2.4981889554745188e8	0.
0.000010486827091966727	1.2251549943583364e-11	-942556.0077240719	3.556626084541199e8	0.
0.000015502266135950813	1.2251549943583364e-11	-1.3268470192338622e6	4.3961025493984914e8	0.
0.00001063881009329958	1.2251549943583364e-11	-953928.8018315523	3.58449433465838e8	0.
0.000015654249137283665	1.2251549943583364e-11	-1.338707227388683e6	4.419288284976828e8	0.
0.00001079079309463243	1.2251549943583364e-11	-965323.9635953424	3.612191545148106e8	0.
0.000015806232138616517	1.2251549943583364e-11	-1.3505765975228124e6	4.4423600777113014e8	0.
0.000010942776095965281	1.2251549943583364e-11	-976740.8357794797	3.639719576876022e8	0.
0.00001595821513994937	1.2251549943583364e-11	-1.3624549106255413e6	4.465319373784885e8	0.
0.000011094759097298131	1.2251549943583364e-11	-988178.7840566342	3.667080258676296e8	0.
0.000016110198141282217	1.2251549943583364e-11	-1.3743419542819115e6	4.488167554752835e8	0.
0.000011246742098630983	1.2251549943583364e-11	-999637.1961545295	3.6942755841812766e8	0.
0.00001626218114261507	1.2251549943583364e-11	-1.3862375224396554e6	4.5109059843761456e8	0.
0.000011398725099963835	1.2251549943583364e-11	-1.0111154810314751e6	3.7213074006612146e8	0.
0.00001641416414394792	1.2251549943583364e-11	-1.3981414151852946e6	4.533535999818296e8	0.
0.000011550708101296685	1.2251549943583364e-11	-1.0226130680805743e6	3.748177672417757e8	0.
0.000016566147145280773	1.2251549943583364e-11	-1.4100534385290206e6	4.55605892502827e8	0.
0.000011702691102629537	1.2251549943583364e-11	-1.0341294063620872e6	3.7748882804845136e8	0.
0.000016718130146613624	1.2251549943583364e-11	-1.4219734041979897e6	4.578476008217963e8	0.
0.000011854674103962387	1.2251549943583364e-11	-1.0456639638633785e6	3.801441126818868e8	0.
0.000016870113147946473	1.2251549943583364e-11	-1.4339011294376866e6	4.600788664958187e8	0.
0.000012006657105295239	1.2251549943583364e-11	-1.0572162267858246e6	3.8278381373675215e8	0.
0.000017022096149279325	1.2251549943583364e-11	-1.4458364368210179e6	4.6229980185933924e8	0.
0.00001215864010662809	1.2251549943583364e-11	-1.0687856988580157e6	3.854081112694757e8	0.
0.000017174079150612177	1.2251549943583364e-11	-1.4577791540648132e6	4.645105351413943e8	0.
0.00001231062310796094	1.2251549943583364e-11	-1.0803719006745634e6	3.880172021855798e8	0.
0.00001732606215194503	1.2251549943583364e-11	-1.4697291138534339e6	4.6671118800986314e8	0.
0.000012462606109293792	1.2251549943583364e-11	-1.0919743690597946e6	3.906112729586351e8	0.
0.00001747804515327788	1.2251549943583364e-11	-1.4816861536691831e6	4.6890187204544413e8	0.
0.000012614589110626643	1.2251549943583364e-11	-1.1035926564556032e6	3.9319049997461957e8	0.
0.00001763002815461073	1.2251549943583364e-11	-1.4936501156292437e6	4.7108272593197787e8	0.
0.000012766572111959494	1.2251549943583364e-11	-1.1152263303327211e6	3.9575507365027934e8	0.
0.00001778201115594358	1.2251549943583364e-11	-1.5056208463288678e6	4.732538494013442e8	0.
0.000012918555113292345	1.2251549943583364e-11	-1.1268749726246598e6	3.9830518122861975e8	0.
0.000017933994157276432	1.2251549943583364e-11	-1.517598196690562e6	4.754153654818453e8	0.
0.000013070538114625196	1.2251549943583364e-11	-1.138538179183582e6	4.00840988090685e8	0.
0.000018085977158609284	1.2251549943583364e-11	-1.5295820218190176e6	4.775673679752295e8	0.
0.000013222521115958048	1.2251549943583364e-11	-1.1502155592573634e6	4.033626947335845e8	0.
0.000018237960159942136	1.2251549943583364e-11	-1.5415721808615525e6	4.7970999383731437e8	0.
0.000013374504117290898	1.2251549943583364e-11	-1.161906734987103e6	4.058704572350048e8	0.
0.000018389943161274984	1.2251549943583364e-11	-1.5535685368738298e6	4.8184333527181643e8	0.
0.00001352648711862375	1.2251549943583364e-11	-1.1736113409243708e6	4.083644688979994e8	0.
0.000018541926162607836	1.2251549943583364e-11	-1.565570956690645e6	4.83967502750831e8	0.
0.0000136784701199566	1.2251549943583364e-11	-1.1853290235674668e6	4.108448844981927e8	0.
0.000018693909163940688	1.2251549943583364e-11	-1.5775793108015654e6	4.8608260692624974e8	0.
0.000013830453121289452	1.2251549943583364e-11	-1.197059440916004e6	4.133118965178253e8	0.
0.00001884589216527354	1.2251549943583364e-11	-1.5895934732312257e6	4.881887322456227e8	0.
0.000013982436122622304	1.2251549943583364e-11	-1.20880226204312e6	4.1576564858522946e8	0.
0.00001899787516660639	1.2251549943583364e-11	-1.601613321424092e6	4.902860129953914e8	0.
0.000014134419123955154	1.2251549943583364e-11	-1.2205571666846662e6	4.1820632608724874e8	0.
0.00001914985816793924	1.2251549943583364e-11	-1.613638736133503e6	4.92374522009015e8	0.
0.000014286402125288006	1.2251549943583364e-11	-1.2323238448447045e6	4.2063408809782255e8	0.
0.000019301841169272092	1.2251549943583364e-11	-1.6256696013148264e6	4.944543672066615e8	0.
0.000014438385126620856	1.2251549943583364e-11	-1.2441019964166968e6	4.230490926517902e8	0.
0.000019453824170604944	1.2251549943583364e-11	-1.6377058040225483e6	4.9652564017808914e8	0.
0.000014590368127953708	1.2251549943583364e-11	-1.2558913308197658e6	4.254515160756957e8	0.
0.000019605807171937795	1.2251549943583364e-11	-1.6497472343111504e6	4.985884427625592e8	0.
0.00001474235112928656	1.2251549943583364e-11	-1.2676915666494286e6	4.278414977548036e8	0.
0.000019757790173270647	1.2251549943583364e-11	-1.6617937851396105e6	5.006428765152254e8	0.
0.00001489433413061941	1.2251549943583364e-11	-1.2795024313422393e6	4.3021920082027113e8	0.
0.000019909773174603496	1.2251549943583364e-11	-1.6738453522793858e6	5.026890168775629e8	0.
0.000015046317131952261	1.2251549943583364e-11	-1.2913236608537713e6	4.325847785209069e8	0.
0.000020061756175936347	1.2251549943583364e-11	-1.6859018342257391e6	5.047269677597217e8	0.
0.000015198300133285111	1.2251549943583364e-11	-1.3031549993494088e6	4.349383775591862e8	0.
0.0000202137391772692	1.2251549943583364e-11	-1.6979631321122677e6	5.067568188211813e8	0.
0.00001535028313461796	1.2251549943583364e-11	-1.3149961989074275e6	4.3728015715436214e8	0.
0.00002036572217860205	1.2251549943583364e-11	-1.7100291496285147e6	5.0877864482026756e8	0.
0.000020517705179934903	1.2251549943583364e-11	-1.7220997929405351e6	5.107925458939197e8	0.
0.00002553314422391899	1.2251549943583364e-11	-2.122529822312641e6	5.732984610469291e8	0.
0.00002066968818126775	1.2251549943583364e-11	-1.7341749706142987e6	5.1279860761421e8	0.
0.00002568512722525184	1.2251549943583364e-11	-2.1347155127949724e6	5.750858980944436e8	0.
0.000020821671182600603	1.2251549943583364e-11	-1.7462545935418194e6	5.147969003349092e8	0.
0.00002583711022658469	1.2251549943583364e-11	-2.1469036518326974e6	5.768677413365993e8	0.
0.000020973654183933455	1.2251549943583364e-11	-1.7583385748699019e6	5.16787520123955e8	0.
0.00002598909322791754	1.2251549943583364e-11	-2.1590941993986997e6	5.786440240706013e8	0.
0.000021125637185266307	1.2251549943583364e-11	-1.7704268299314026e6	5.187705489877421e8	0.
0.000026141076229250393	1.2251549943583364e-11	-2.171287116317991e6	5.804148051806439e8	0.
0.00002127762018659916	1.2251549943583364e-11	-1.782519276178906e6	5.2074605252232563e8	0.
0.000026293059230583244	1.2251549943583364e-11	-2.183482364245579e6	5.821801443779552e8	0.
0.000021429603187932007	1.2251549943583364e-11	-1.7946158331207237e6	5.2271412011808467e8	0.
0.000026445042231916096	1.2251549943583364e-11	-2.195679905645005e6	5.839400756578978e8	0.
0.00002158158618926486	1.2251549943583364e-11	-1.806716422259122e6	5.246748411754982e8	0.
0.000026597025233248945	1.2251549943583364e-11	-2.2078797037675353e6	5.856946398781044e8	0.
0.00002173356919059771	1.2251549943583364e-11	-1.8188209670306912e6	5.266282707423269e8	0.
0.000026749008234581796	1.2251549943583364e-11	-2.2200817226319797e6	5.874439035298046e8	0.
0.000021885552191930562	1.2251549943583364e-11	-1.8309293927487812e6	5.2857449281360424e8	0.
0.000026900991235914648	1.2251549943583364e-11	-2.2322859270051084e6	5.891878889599983e8	0.
0.000022037535193263414	1.2251549943583364e-11	-1.8430416265479124e6	5.305135725454269e8	0.
0.0000270529742372475	1.2251549943583364e-11	-2.244492282382664e6	5.909266692899356e8	0.
0.000022189518194596263	1.2251549943583364e-11	-1.8551575973300943e6	5.324456048752829e8	0.
0.000027204957238580352	1.2251549943583364e-11	-2.256700754970929e6	5.926602641284385e8	0.
0.000022341501195929114	1.2251549943583364e-11	-1.8672772357129743e6	5.343706402362196e8	0.
0.0000273569402399132	1.2251549943583364e-11	-2.268911311668847e6	5.943887382495683e8	0.
0.000022493484197261966	1.2251549943583364e-11	-1.8794004739797479e6	5.362887661626908e8	0.
0.000027508923241246052	1.2251549943583364e-11	-2.2811239200506667e6	5.961121308584374e8	0.
0.000022645467198594818	1.2251549943583364e-11	-1.8915272460307647e6	5.382000445906584e8	0.
0.000027660906242578904	1.2251549943583364e-11	-2.293338548349095e6	5.97830477969877e8	0.
0.00002279745019992767	1.2251549943583364e-11	-1.9036574873367618e6	5.401045335295285e8	0.
0.000027812889243911756	1.2251549943583364e-11	-2.3055551654389487e6	5.995438306803025e8	0.
0.000022949433201260518	1.2251549943583364e-11	-1.91579113489367e6	5.420023152543662e8	0.
0.000027964872245244608	1.2251549943583364e-11	-2.317773740821274e6	6.012522100480987e8	0.
0.00002310141620259337	1.2251549943583364e-11	-1.927928127178925e6	5.438934471948243e8	0.
0.000028116855246577456	1.2251549943583364e-11	-2.329994244607937e6	6.029556930818979e8	0.
0.000023253399203926222	1.2251549943583364e-11	-1.9400684041092338e6	5.457779997203759e8	0.
0.000028268838247910308	1.2251549943583364e-11	-2.3422166475066477e6	6.046542947489214e8	0.
0.000023405382205259074	1.2251549943583364e-11	-1.9522119069997375e6	5.476560443869174e8	0.
0.00002842082124924316	1.2251549943583364e-11	-2.3544409208064233e6	6.063480582531903e8	0.
0.000023557365206591925	1.2251549943583364e-11	-1.9643585785245223e6	5.495276377702898e8	0.
0.00002857280425057601	1.2251549943583364e-11	-2.3666670363634666e6	6.080370317698658e8	0.
0.000023709348207924774	1.2251549943583364e-11	-1.976508362678426e6	5.513928295067664e8	0.
0.000028724787251908863	1.2251549943583364e-11	-2.3788949665874443e6	6.097212509902253e8	0.
0.000023861331209257626	1.2251549943583364e-11	-1.9886612047400947e6	5.53251705645602e8	0.
0.00002887677025324171	1.2251549943583364e-11	-2.3911246844281578e6	6.114007584458274e8	0.
0.000024013314210590477	1.2251549943583364e-11	-2.0008170512362355e6	5.551043114168786e8	0.
0.000029028753254574563	1.2251549943583364e-11	-2.4033561633625883e6	6.130755805195875e8	0.
0.00002416529721192333	1.2251549943583364e-11	-2.0129758499070357e6	5.56950714987171e8	0.
0.000029180736255907415	1.2251549943583364e-11	-2.4155893773823134e6	6.147457675146421e8	0.
0.00002431728021325618	1.2251549943583364e-11	-2.025137549672692e6	5.587909616742444e8	0.
0.000029332719257240267	1.2251549943583364e-11	-2.427824300981268e6	6.164113565398886e8	0.
0.00002446926321458903	1.2251549943583364e-11	-2.0373021006010193e6	5.606251279633523e8	0.
0.00002948470225857312	1.2251549943583364e-11	-2.4400609091438525e6	6.180723765040826e8	0.
0.00002462124621592188	1.2251549943583364e-11	-2.04946945387609e6	5.624532454759425e8	0.
0.000029636685259905967	1.2251549943583364e-11	-2.452299177333374e6	6.197288681531073e8	0.
0.000024773229217254733	1.2251549943583364e-11	-2.0616395617678792e6	5.642754067234992e8	0.
0.00002978866826123882	1.2251549943583364e-11	-2.4645390814808025e6	6.213808629766409e8	0.
0.000024925212218587585	1.2251549943583364e-11	-2.0738123776028648e6	5.660916405533866e8	0.
0.00002994065126257167	1.2251549943583364e-11	-2.4767805979738412e6	6.230284050065278e8	0.
0.000025077195219920433	1.2251549943583364e-11	-2.0859878557355625e6	5.679020091296232e8	0.
0.000030092634263904523	1.2251549943583364e-11	-2.489023703646296e6	6.246715253854464e8	0.
0.000025229178221253285	1.2251549943583364e-11	-2.098165951520954e6	5.697065666344702e8	0.
0.000030244617265237375	1.2251549943583364e-11	-2.5012683757677358e6	6.263102584957262e8	0.
0.000025381161222586137	1.2251549943583364e-11	-2.1103466212877748e6	5.715053623794447e8	0.
0.000030396600266570223	1.2251549943583364e-11	-2.5135145920334384e6	6.279446386856408e8	0.
