# Filename	C:\Users\edmag\Documents\Work\2D-Comp-Model\computation\Turning Timeresults\2018-02-05T05-29-49.txt
# Source	C:\Users\edmag\Documents\Work\2D-Comp-Model\computation\Turning Time\turning.nb
# Note	1D calculation of turning time vs. field and orbit energy.
# Date	2018-02-05T05:29:49
# Dir	-1
# field	1.4779647550989455e-11
# zi	-6.
W	field	zt	t	argt
-0.000030396600266570223	1.4779647550989455e-11	-32388.360983892115	6.436947879003985e6	0.
-0.000030244617265237375	1.4779647550989455e-11	-32546.11091672131	6.483666732155637e6	0.
-0.000025229178221253285	1.4779647550989455e-11	-38756.702612763846	8.405118987861866e6	0.
-0.000030092634263904523	1.4779647550989455e-11	-32705.381004264884	6.530948092187772e6	0.
-0.000025077195219920433	1.4779647550989455e-11	-38981.30146683499	8.477482195178341e6	0.
-0.00002994065126257167	1.4779647550989455e-11	-32866.19297398909	6.578796335928707e6	0.
-0.000024925212218587585	1.4779647550989455e-11	-39208.4604699127	8.550865813581469e6	-2.8563263513403685e-7
-0.00002978866826123882	1.4779647550989455e-11	-33028.56896249017	6.627224650580389e6	0.
-0.000024773229217254733	1.4779647550989455e-11	-39438.222635452374	8.625292454296988e6	0.
-0.000029636685259905967	1.4779647550989455e-11	-33192.53152499731	6.676236962203782e6	0.
-0.00002462124621592188	1.4779647550989455e-11	-39670.631922342785	8.700779965359777e6	0.
-0.00002948470225857312	1.4779647550989455e-11	-33358.103645140276	6.725849002726423e6	0.
-0.00002446926321458903	1.4779647550989455e-11	-39905.733260333756	8.777347051791338e6	0.
-0.000029332719257240267	1.4779647550989455e-11	-33525.30874498313	6.776067317189999e6	0.
-0.00002431728021325618	1.4779647550989455e-11	-40143.57257626713	8.855019166699322e6	0.
-0.000029180736255907415	1.4779647550989455e-11	-33694.17069533861	6.826903714432355e6	0.
-0.00002416529721192333	1.4779647550989455e-11	-40384.19682113507	8.933813131682185e6	-6.591518529065838e-7
-0.000029028753254574563	1.4779647550989455e-11	-33864.713826367435	6.878368634000682e6	0.
-0.000024013314210590477	1.4779647550989455e-11	-40627.653997998605	9.013757748092104e6	0.
-0.00002887677025324171	1.4779647550989455e-11	-34036.96293847424	6.930469752293994e6	-3.241856375734613e-7
-0.000023861331209257626	1.4779647550989455e-11	-40873.99319079597	9.09487157241068e6	0.
-0.000028724787251908863	1.4779647550989455e-11	-34210.943313508586	6.983222680341087e6	-1.8773930854823574e-7
-0.000023709348207924774	1.4779647550989455e-11	-41123.26459407173	9.1771787041719e6	0.
-0.00002857280425057601	1.4779647550989455e-11	-34386.68072628115	7.036639981275504e6	0.
-0.000023557365206591925	1.4779647550989455e-11	-41375.51954366257	9.260703831959639e6	0.
-0.00002842082124924316	1.4779647550989455e-11	-34564.20145640535	7.0907240029751435e6	0.
-0.000023405382205259074	1.4779647550989455e-11	-41630.81054837207	9.345471340558693e6	0.
-0.000028268838247910308	1.4779647550989455e-11	-34743.53230047453	7.1454954555294085e6	0.
-0.000023253399203926222	1.4779647550989455e-11	-41889.19132267174	9.431507290739616e6	0.
-0.000028116855246577456	1.4779647550989455e-11	-34924.70058458561	7.200959960945103e6	-2.7121255014244346e-7
-0.00002310141620259337	1.4779647550989455e-11	-42150.71682046519	9.518835877589755e6	0.
-0.000027964872245244608	1.4779647550989455e-11	-35107.73417722128	7.257135955866052e6	0.
-0.000022949433201260518	1.4779647550989455e-11	-42415.44326995524	9.60748710799565e6	0.
-0.000027812889243911756	1.4779647550989455e-11	-35292.66150250201	7.3140359605426695e6	0.
-0.00002279745019992767	1.4779647550989455e-11	-42683.42820965284	9.697483768935734e6	0.
-0.000027660906242578904	1.4779647550989455e-11	-35479.51155381862	7.371661440216473e6	0.
-0.000022645467198594818	1.4779647550989455e-11	-42954.73052557217	9.78885645725038e6	0.
-0.000027508923241246052	1.4779647550989455e-11	-35668.31390786108	7.430040937245191e6	0.
-0.000022493484197261966	1.4779647550989455e-11	-43229.4104896539	9.881635896196045e6	0.
-0.0000273569402399132	1.4779647550989455e-11	-35859.09873905311	7.4891723194423e6	0.
-0.000022341501195929114	1.4779647550989455e-11	-43507.529799462594	9.975847038560111e6	0.
-0.000027204957238580352	1.4779647550989455e-11	-36051.89683440925	7.549082277475734e6	0.
-0.000022189518194596263	1.4779647550989455e-11	-43789.15161920717	1.0071522143402016e7	-5.012251499014722e-7
-0.0000270529742372475	1.4779647550989455e-11	-36246.7396088253	7.60977883748576e6	0.
-0.000022037535193263414	1.4779647550989455e-11	-44074.340622130985	1.0168696394630501e7	0.
-0.000026900991235914648	1.4779647550989455e-11	-36443.65912082005	7.67127655983165e6	-1.8648725751801155e-7
-0.000021885552191930562	1.4779647550989455e-11	-44363.163034326295	1.0267396630360348e7	0.
-0.000026749008234581796	1.4779647550989455e-11	-36642.688088739735	7.733593311167045e6	0.
-0.00002173356919059771	1.4779647550989455e-11	-44655.68668002306	1.0367656995821388e7	0.
-0.000026597025233248945	1.4779647550989455e-11	-36843.85990744512	7.79673857417255e6	-2.338952351565599e-7
-0.00002158158618926486	1.4779647550989455e-11	-44951.98102841055	1.0469511465877784e7	0.
-0.000026445042231916096	1.4779647550989455e-11	-37047.208665492355	7.860732655604554e6	-5.741812165557263e-7
-0.000021429603187932007	1.4779647550989455e-11	-45252.117242048014	1.0572994882771667e7	0.
-0.000026293059230583244	1.4779647550989455e-11	-37252.76916282961	7.925589181653176e6	0.
-0.00002127762018659916	1.4779647550989455e-11	-45556.16822692504	1.0678142943680415e7	0.
-0.000026141076229250393	1.4779647550989455e-11	-37460.57692902305	7.991322869318123e6	0.
-0.000021125637185266307	1.4779647550989455e-11	-45864.208684234385	1.0784991764601203e7	0.
-0.00002598909322791754	1.4779647550989455e-11	-37670.66824203242	8.057952126355001e6	0.
-0.000020973654183933455	1.4779647550989455e-11	-46176.315163922496	1.0893577884954313e7	0.
-0.00002583711022658469	1.4779647550989455e-11	-37883.08014755389	8.125492469467047e6	0.
-0.000020821671182600603	1.4779647550989455e-11	-46492.56612008583	1.1003945316099463e7	0.
-0.00002568512722525184	1.4779647550989455e-11	-38097.850478951004	8.193961305353754e6	0.
-0.00002066968818126775	1.4779647550989455e-11	-46813.0419682822	1.1116121817765702e7	0.
-0.00002553314422391899	1.4779647550989455e-11	-38315.01787779269	8.263376569136223e6	0.
-0.000020517705179934903	1.4779647550989455e-11	-47137.82514483394	1.1230158996501729e7	0.
-0.000025381161222586137	1.4779647550989455e-11	-38534.621815020095	8.333756771993492e6	0.
-0.00002036572217860205	1.4779647550989455e-11	-47467.00016819531	1.1346095156984968e7	0.
-0.0000202137391772692	1.4779647550989455e-11	-47800.65370246725	1.1463974317959854e7	0.
-0.000020061756175936347	1.4779647550989455e-11	-48138.87462314048	1.158383758437991e7	0.
-0.00001489433413061941	1.4779647550989455e-11	-63178.79889497569	1.726208876037935e7	0.
-0.000019909773174603496	1.4779647550989455e-11	-48481.75408515471	1.1705734809140595e7	0.
-0.00001474235112928656	1.4779647550989455e-11	-63756.598009143105	1.7492673021213714e7	0.
-0.000019757790173270647	1.4779647550989455e-11	-48829.38559336179	1.1829708513562534e7	0.
-0.000014590368127953708	1.4779647550989455e-11	-64344.448111161764	1.772813373191992e7	0.
-0.000019605807171937795	1.4779647550989455e-11	-49181.865075489215	1.1955809391127227e7	0.
-0.000014438385126620856	1.4779647550989455e-11	-64942.59732288359	1.7968598223871667e7	0.
-0.000019453824170604944	1.4779647550989455e-11	-49539.29095769851	1.2084086502631722e7	0.
-0.000014286402125288006	1.4779647550989455e-11	-65551.30141136672	1.8214214151358675e7	0.
-0.000019301841169272092	1.4779647550989455e-11	-49901.764242841826	1.2214590624345124e7	0.
-0.000014134419123955154	1.4779647550989455e-11	-66170.82405892685	1.8465127283324823e7	0.
-0.00001914985816793924	1.4779647550989455e-11	-50269.38859152137	1.2347374805518337e7	0.
-0.000013982436122622304	1.4779647550989455e-11	-66801.43714323732	1.872148179413366e7	0.
-0.00001899787516660639	1.4779647550989455e-11	-50642.270406061245	1.2482492193376448e7	0.
-0.000013830453121289452	1.4779647550989455e-11	-67443.4210278179	1.8983436394403793e7	0.
-0.00001884589216527354	1.4779647550989455e-11	-51020.51891750706	1.261999586357296e7	-3.4983592448742585e-7
-0.0000136784701199566	1.4779647550989455e-11	-68097.06486325398	1.9251151646747127e7	0.
-0.000018693909163940688	1.4779647550989455e-11	-51404.24627577014	1.275995009751449e7	0.
-0.00001352648711862375	1.4779647550989455e-11	-68762.66689949525	1.952479326358343e7	0.
-0.000018541926162607836	1.4779647550989455e-11	-51793.56764304291	1.29024044801704e7	-3.4983741440317075e-7
-0.000013374504117290898	1.4779647550989455e-11	-69440.53480958381	1.9804528840188693e7	0.
-0.000018389943161274984	1.4779647550989455e-11	-52188.601290609964	1.304742660413176e7	-6.217801010754774e-7
-0.000013222521115958048	1.4779647550989455e-11	-70130.98602516387	2.009054040692682e7	0.
-0.000018237960159942136	1.4779647550989455e-11	-52589.46869919331	1.3195077657696169e7	-5.947335987217684e-7
-0.000013070538114625196	1.4779647550989455e-11	-70834.3480841229	2.038300680619698e7	0.
-0.000018085977158609284	1.4779647550989455e-11	-52996.29466296688	1.334542083686393e7	0.
-0.000012918555113292345	1.4779647550989455e-11	-71550.9589907166	2.0682119333095845e7	0.
-0.000017933994157276432	1.4779647550989455e-11	-53409.20739738757	1.3498521546691595e7	0.
-0.000012766572111959494	1.4779647550989455e-11	-72281.16758852145	2.098807489559425e7	0.
-0.00001778201115594358	1.4779647550989455e-11	-53828.338650991245	1.3654448215574974e7	0.
-0.000012614589110626643	1.4779647550989455e-11	-73025.33394655585	2.1301073529356096e7	0.
-0.00001763002815461073	1.4779647550989455e-11	-54253.82382131189	1.3813270907789325e7	0.
-0.000012462606109293792	1.4779647550989455e-11	-73783.82975890151	2.1621326595754746e7	0.
-0.00001747804515327788	1.4779647550989455e-11	-54685.80207508477	1.3975063333457131e7	0.
-0.00001231062310796094	1.4779647550989455e-11	-74557.03875814396	2.1949050292823777e7	0.
-0.00001732606215194503	1.4779647550989455e-11	-55124.41647290295	1.4139902061546076e7	0.
-0.00001215864010662809	1.4779647550989455e-11	-75345.35714293811	2.2284466380007427e7	0.
-0.000017174079150612177	1.4779647550989455e-11	-55569.81409850182	1.4307856549219886e7	0.
-0.000012006657105295239	1.4779647550989455e-11	-76149.19401998553	2.2627810521241438e7	0.
-0.000017022096149279325	1.4779647550989455e-11	-56022.14619285512	1.4479013857304048e7	0.
-0.000011854674103962387	1.4779647550989455e-11	-76968.97186068581	2.2979319289379474e7	0.
-0.000016870113147946473	1.4779647550989455e-11	-56481.56829326835	1.4653453048640091e7	0.
-0.000011702691102629537	1.4779647550989455e-11	-77805.12697270085	2.333924345440811e7	0.
-0.000016718130146613624	1.4779647550989455e-11	-56948.240377668204	1.4831257099706799e7	0.
-0.000011550708101296685	1.4779647550989455e-11	-78658.10998663325	2.3707838698914737e7	0.
-0.000016566147145280773	1.4779647550989455e-11	-57422.32701428974	1.5012514823544646e7	0.
-0.000011398725099963835	1.4779647550989455e-11	-79528.38635798599	2.408536950720176e7	0.
-0.00001641416414394792	1.4779647550989455e-11	-57903.997516971445	1.5197315851878745e7	0.
-0.000011246742098630983	1.4779647550989455e-11	-80416.43688452248	2.4472109430908542e7	0.
-0.00001626218114261507	1.4779647550989455e-11	-58393.42610627716	1.538575220228256e7	0.
-0.000011094759097298131	1.4779647550989455e-11	-81322.75823909513	2.4868345342024263e7	0.
-0.000016110198141282217	1.4779647550989455e-11	-58890.79207667017	1.557791872898522e7	0.
-0.000010942776095965281	1.4779647550989455e-11	-82247.86351794912	2.5274370534078825e7	0.
-0.00001595821513994937	1.4779647550989455e-11	-59396.27996997358	1.5773913272613114e7	-3.305319641754401e-7
-0.00001079079309463243	1.4779647550989455e-11	-83192.2828044403	2.5690486577611554e7	0.
-0.000015806232138616517	1.4779647550989455e-11	-59910.07975535666	1.5973843220979493e7	0.
-0.00001063881009329958	1.4779647550989455e-11	-84156.56374802538	2.611700985222124e7	0.
-0.000015654249137283665	1.4779647550989455e-11	-60432.38701610155	1.6177807711440388e7	0.
-0.000010486827091966727	1.4779647550989455e-11	-85141.27215829291	2.655426592179884e7	0.
-0.000015502266135950813	1.4779647550989455e-11	-60963.40314340139	1.6385916677499948e7	0.
-0.00001535028313461796	1.4779647550989455e-11	-61503.33553746256	1.6598278174120855e7	-5.89565180891319e-7
-0.000010334844090633876	1.4779647550989455e-11	-86146.99261370183	2.700258783546969e7	0.
-0.000015198300133285111	1.4779647550989455e-11	-62052.39781618072	1.6815017695366293e7	0.
-0.000010182861089301025	1.4779647550989455e-11	-87174.32908458031	2.7462326900209166e7	0.
-0.000015046317131952261	1.4779647550989455e-11	-62610.810031676134	1.7036246075419664e7	0.
-0.000010030878087968174	1.4779647550989455e-11	-88223.90556980492	2.793383913992852e7	0.
-9.878895086635324e-6	1.4779647550989455e-11	-89296.36674644025	2.841749631461941e7	0.
-9.726912085302472e-6	1.4779647550989455e-11	-90392.37863145293	2.8913684589035567e7	0.
-4.559490039985534e-6	1.4779647550989455e-11	-148163.6036555805	5.6906279943964265e7	0.
-9.57492908396962e-6	1.4779647550989455e-11	-91512.62925443564	2.9422795696262673e7	0.
-4.407507038652682e-6	1.4779647550989455e-11	-150715.30653141966	5.819096166403415e7	0.
-9.42294608263677e-6	1.4779647550989455e-11	-92657.82934007856	2.9945242602553084e7	0.
-4.255524037319831e-6	1.4779647550989455e-11	-153333.3764063202	5.951068612450466e7	0.
-9.270963081303918e-6	1.4779647550989455e-11	-93828.71299890037	3.0481446193935838e7	0.
-4.10354103598698e-6	1.4779647550989455e-11	-156019.5173875955	6.0866161125028454e7	0.
-9.118980079971068e-6	1.4779647550989455e-11	-95026.03842451132	3.1031844106605623e7	0.
-3.951558034654129e-6	1.4779647550989455e-11	-158775.4440652571	6.2258071619344704e7	0.
-8.966997078638216e-6	1.4779647550989455e-11	-96250.58859540951	3.1596885994232915e7	0.
-3.799575033321278e-6	1.4779647550989455e-11	-161602.8778819906	6.368707942650032e7	0.
-8.815014077305364e-6	1.4779647550989455e-11	-97503.17197901857	3.2177037089047737e7	0.
-3.647592031988427e-6	1.4779647550989455e-11	-164503.54319274714	6.515381970704214e7	0.
-8.663031075972514e-6	1.4779647550989455e-11	-98784.62323535306	3.2772776272309188e7	0.
-3.495609030655576e-6	1.4779647550989455e-11	-167479.16301526676	6.665888525038338e7	0.
-8.511048074639662e-6	1.4779647550989455e-11	-100095.80391734732	3.3384595966261707e7	0.
-3.3436260293227246e-6	1.4779647550989455e-11	-170531.4544765121	6.820284195886491e7	0.
-8.359065073306812e-6	1.4779647550989455e-11	-101437.60316450312	3.4013007431329176e7	0.
-3.1916430279898736e-6	1.4779647550989455e-11	-173662.1239640268	6.978620816140772e7	0.
-8.20708207197396e-6	1.4779647550989455e-11	-102810.93838609937	3.465853155340727e7	0.
-3.0396600266570226e-6	1.4779647550989455e-11	-176872.86199563302	7.140945753308196e7	0.
-8.055099070641109e-6	1.4779647550989455e-11	-104216.75592976446	3.5321710311656736e7	0.
-2.8876770253241713e-6	1.4779647550989455e-11	-180165.33782557672	7.307300989843076e7	0.
-7.903116069308259e-6	1.4779647550989455e-11	-105656.0317307336	3.6003097858643636e7	0.
-2.7356940239913203e-6	1.4779647550989455e-11	-183541.19381017852	7.47772329669673e7	0.
-7.751133067975407e-6	1.4779647550989455e-11	-107129.771936606	3.670326346967332e7	0.
-2.583711022658469e-6	1.4779647550989455e-11	-187002.039561162	7.652243689472938e7	0.
-7.599150066642556e-6	1.4779647550989455e-11	-108639.01350187398	3.7422794277596235e7	0.
-2.431728021325618e-6	1.4779647550989455e-11	-190549.4459200235	7.830886189527877e7	0.
-7.447167065309705e-6	1.4779647550989455e-11	-110184.82474592212	3.816229080264528e7	0.
-2.279745019992767e-6	1.4779647550989455e-11	-194184.93879197314	8.013667872754657e7	0.
-7.295184063976854e-6	1.4779647550989455e-11	-111768.30586759171	3.892237062322509e7	0.
-2.1277620186599156e-6	1.4779647550989455e-11	-197909.99288298734	8.200599315350494e7	0.
-7.143201062644003e-6	1.4779647550989455e-11	-113390.58940877311	3.970366342921398e7	0.
-1.9757790173270646e-6	1.4779647550989455e-11	-201726.02538824547	8.391683154937123e7	0.
-6.991218061311152e-6	1.4779647550989455e-11	-115052.84065883323	4.050681857086807e7	0.
-1.8237960159942135e-6	1.4779647550989455e-11	-205634.38968453486	8.586913647759296e7	0.
-6.8392350599783e-6	1.4779647550989455e-11	-116756.25799100714	4.1332496344542034e7	0.
-1.6718130146613623e-6	1.4779647550989455e-11	-209636.36908295375	8.786277060522065e7	0.
-6.687252058645449e-6	1.4779647550989455e-11	-118502.07312119429	4.218137172883545e7	0.
-1.5198300133285113e-6	1.4779647550989455e-11	-213733.170701283	8.989751715623726e7	0.
-6.535269057312598e-6	1.4779647550989455e-11	-120291.55127889894	4.305413449693825e7	0.
-1.3678470119956601e-6	1.4779647550989455e-11	-217925.91951759628	9.197306569477315e7	0.
-6.383286055979747e-6	1.4779647550989455e-11	-122125.99127935848	4.395148636113947e7	0.
-1.215864010662809e-6	1.4779647550989455e-11	-222215.65266791565	9.408901915070528e7	0.
-6.231303054646896e-6	1.4779647550989455e-11	-124006.72548521725	4.487414439046975e7	0.
-1.0638810093299578e-6	1.4779647550989455e-11	-226603.31405088364	9.624489222198445e7	0.
-6.079320053314045e-6	1.4779647550989455e-11	-125935.1196454415	4.5822828349973924e7	0.
-9.118980079971067e-7	1.4779647550989455e-11	-231089.74930144177	9.844010804523817e7	0.
-5.9273370519811935e-6	1.4779647550989455e-11	-127912.57259854971	4.6798280039499424e7	0.
-7.599150066642557e-7	1.4779647550989455e-11	-235675.70119332118	1.0067400485468489e8	0.
-5.7753540506483425e-6	1.4779647550989455e-11	-129940.51582666022	4.780124013249537e7	0.
-6.079320053314045e-7	1.4779647550989455e-11	-240361.80552674734	1.0294582689804491e8	0.
-5.6233710493154915e-6	1.4779647550989455e-11	-132020.4128463693	4.883246193929099e7	0.
-4.5594900399855336e-7	1.4779647550989455e-11	-245148.58755316059	1.0525473815622771e8	0.
-5.4713880479826406e-6	1.4779647550989455e-11	-134153.75842206794	4.989270382514185e7	0.
-3.0396600266570224e-7	1.4779647550989455e-11	-250036.45898300642	1.0759981295036423e8	0.
-5.31940504664979e-6	1.4779647550989455e-11	-136342.07758702795	5.098272803252101e7	0.
-1.5198300133285112e-7	1.4779647550989455e-11	-255025.71561586062	1.099800514792975e8	0.
-5.167422045316938e-6	1.4779647550989455e-11	-138586.92445744903	5.210329709873477e7	0.
0.	1.4779647550989455e-11	-260116.53562444498	1.1239437307039167e8	0.
-5.015439043984087e-6	1.4779647550989455e-11	-140889.88082469313	5.325517810139466e7	0.
1.5198300133285112e-7	1.4779647550989455e-11	-265308.9785156364	1.14841625627584e8	0.
-4.863456042651236e-6	1.4779647550989455e-11	-143252.55451116568	5.443913257079133e7	0.
3.0396600266570224e-7	1.4779647550989455e-11	-270602.9847825579	1.1732058631194015e8	0.
-4.711473041318385e-6	1.4779647550989455e-11	-145676.5774757692	5.5655916300360814e7	0.
5.4713880479826406e-6	1.4779647550989455e-11	-504351.22281399433	2.1037600202919933e8	0.
4.5594900399855336e-7	1.4779647550989455e-11	-275998.3762524878	1.198299804647037e8	0.
5.6233710493154915e-6	1.4779647550989455e-11	-512501.1401380714	2.1310886047016814e8	0.
6.079320053314045e-7	1.4779647550989455e-11	-281494.8571258502	1.2236846005258097e8	0.
5.7753540506483425e-6	1.4779647550989455e-11	-520704.506018138	2.15831028405011e8	0.
7.599150066642557e-7	1.4779647550989455e-11	-287092.0156921998	1.2493464583287661e8	0.
5.9273370519811935e-6	1.4779647550989455e-11	-528959.8256898032	2.1854206157948363e8	0.
9.118980079971067e-7	1.4779647550989455e-11	-292789.3267000962	1.2752710476510645e8	0.
6.079320053314045e-6	1.4779647550989455e-11	-537265.6356364707	2.2124155248037785e8	0.
1.0638810093299578e-6	1.4779647550989455e-11	-298586.15434931376	1.3014436759264596e8	0.
6.231303054646896e-6	1.4779647550989455e-11	-545620.5043760223	2.2392913216235954e8	0.
1.215864010662809e-6	1.4779647550989455e-11	-304481.7558661215	1.3278493715205541e8	0.
6.383286055979747e-6	1.4779647550989455e-11	-554023.0330699392	2.2660446636939767e8	0.
1.3678470119956601e-6	1.4779647550989455e-11	-310475.2856155779	1.3544729545596078e8	0.
6.535269057312598e-6	1.4779647550989455e-11	-562471.8559692554	2.2926725483096752e8	0.
1.5198300133285113e-6	1.4779647550989455e-11	-316565.7996990403	1.3812990719729874e8	0.
6.687252058645449e-6	1.4779647550989455e-11	-570965.6407113266	2.319172313961354e8	0.
1.6718130146613623e-6	1.4779647550989455e-11	-322752.26098048687	1.4083122751085493e8	0.
6.8392350599783e-6	1.4779647550989455e-11	-579503.0884809151	2.345541496835411e8	0.
1.8237960159942135e-6	1.4779647550989455e-11	-329033.54448184365	1.4354970776102686e8	0.
6.991218061311152e-6	1.4779647550989455e-11	-588082.934048517	2.3717780767238554e8	0.
1.9757790173270646e-6	1.4779647550989455e-11	-335408.44308533	1.462838094021362e8	0.
7.143201062644003e-6	1.4779647550989455e-11	-596703.9456982325	2.3978801677121717e8	0.
2.1277620186599156e-6	1.4779647550989455e-11	-341875.67347984755	1.490319981176896e8	0.
7.295184063976854e-6	1.4779647550989455e-11	-605364.9250568268	2.4238462337054893e8	0.
2.279745019992767e-6	1.4779647550989455e-11	-348433.88228860917	1.5179276391598892e8	0.
7.447167065309705e-6	1.4779647550989455e-11	-614064.706834933	2.4496749303029728e8	0.
2.431728021325618e-6	1.4779647550989455e-11	-355081.6523164352	1.5456460999850285e8	0.
7.599150066642556e-6	1.4779647550989455e-11	-622802.1584906606	2.475365087925925e8	0.
2.583711022658469e-6	1.4779647550989455e-11	-361817.50885734946	1.5734607126449254e8	0.
7.751133067975407e-6	1.4779647550989455e-11	-631576.1798251682	2.500915785748199e8	0.
2.7356940239913203e-6	1.4779647550989455e-11	-368639.92600614176	1.6013571408206528e8	0.
7.903116069308259e-6	1.4779647550989455e-11	-640385.7025190718	2.5263263736947232e8	0.
2.8876770253241713e-6	1.4779647550989455e-11	-375547.3329213156	1.6293213539052156e8	0.
8.055099070641109e-6	1.4779647550989455e-11	-649229.6896178782	2.5515962103674605e8	0.
3.0396600266570226e-6	1.4779647550989455e-11	-382538.1199911477	1.657339827200826e8	0.
8.20708207197396e-6	1.4779647550989455e-11	-658107.134973989	2.5767249921554872e8	0.
3.1916430279898736e-6	1.4779647550989455e-11	-389610.64485931717	1.6853993139681205e8	0.
8.359065073306812e-6	1.4779647550989455e-11	-667017.0626521684	2.6017124980025828e8	0.
3.3436260293227246e-6	1.4779647550989455e-11	-396763.2382715782	1.7134871380011216e8	0.
8.511048074639662e-6	1.4779647550989455e-11	-675958.5263047883	2.626558556835132e8	0.
3.495609030655576e-6	1.4779647550989455e-11	-403994.20971010864	1.74159104107481e8	0.
8.663031075972514e-6	1.4779647550989455e-11	-684930.6085225698	2.65126334049083e8	0.
3.647592031988427e-6	1.4779647550989455e-11	-411301.8527873647	1.7696992687635463e8	0.
8.815014077305364e-6	1.4779647550989455e-11	-693932.420166011	2.6758269855740637e8	0.
3.799575033321278e-6	1.4779647550989455e-11	-418684.45037638396	1.7978005625072682e8	0.
8.966997078638216e-6	1.4779647550989455e-11	-702963.0996821778	2.7002498063777494e8	0.
3.951558034654129e-6	1.4779647550989455e-11	-426140.2794594261	1.825884211298514e8	0.
9.118980079971068e-6	1.4779647550989455e-11	-712021.8124110553	2.7245321570107377e8	0.
4.10354103598698e-6	1.4779647550989455e-11	-433667.6156815403	1.853940005368672e8	0.
9.270963081303918e-6	1.4779647550989455e-11	-721107.7498852201	2.7486745534975564e8	0.
4.255524037319831e-6	1.4779647550989455e-11	-441264.7376000407	1.881958225687889e8	0.
9.42294608263677e-6	1.4779647550989455e-11	-730220.1291261739	2.7726775548262423e8	0.
4.407507038652682e-6	1.4779647550989455e-11	-448929.93062491587	1.909929743074574e8	0.
9.57492908396962e-6	1.4779647550989455e-11	-739358.1919403067	2.796541869497178e8	0.
4.559490039985534e-6	1.4779647550989455e-11	-456661.4906488525	1.9378458941472897e8	0.
9.726912085302472e-6	1.4779647550989455e-11	-748521.2042170998	2.8202682328985953e8	0.
4.711473041318385e-6	1.4779647550989455e-11	-464457.7273688169	1.9656985719400328e8	0.
9.878895086635324e-6	1.4779647550989455e-11	-757708.455231863	2.843857375125863e8	0.
4.863456042651236e-6	1.4779647550989455e-11	-472316.9673039891	1.9934801556655857e8	0.
0.000010030878087968174	1.4779647550989455e-11	-766919.2569550032	2.8673102301217085e8	0.
5.015439043984087e-6	1.4779647550989455e-11	-480237.55651729234	2.0211834957115427e8	0.
0.000010182861089301025	1.4779647550989455e-11	-776152.9433695545	2.8906276902226603e8	0.
5.167422045316938e-6	1.4779647550989455e-11	-488217.8630498239	2.0488019602689627e8	0.
0.000010334844090633876	1.4779647550989455e-11	-785408.8697984517	2.913810719040366e8	0.
5.31940504664979e-6	1.4779647550989455e-11	-496256.27907917864	2.0763293751151493e8	0.
0.000010486827091966727	1.4779647550989455e-11	-794686.4122428185	2.93686035227157e8	0.
0.000015502266135950813	1.4779647550989455e-11	-1.109856218920526e6	3.630367402561765e8	0.
0.00001063881009329958	1.4779647550989455e-11	-803984.9667323267	2.9597775625755954e8	0.
0.000015654249137283665	1.4779647550989455e-11	-1.1196084656930019e6	3.649588179165295e8	0.
0.00001079079309463243	1.4779647550989455e-11	-813303.9486885173	2.982563507610316e8	0.
0.000015806232138616517	1.4779647550989455e-11	-1.129369421332033e6	3.668716863240543e8	0.
0.000010942776095965281	1.4779647550989455e-11	-822642.7923018018	3.00521927533873e8	0.
0.00001595821513994937	1.4779647550989455e-11	-1.1391388844464256e6	3.6877546200712186e8	0.
0.000011094759097298131	1.4779647550989455e-11	-832000.9499227235	3.027745963679521e8	0.
0.000016110198141282217	1.4779647550989455e-11	-1.1489166594528977e6	3.706702212256638e8	0.
0.000011246742098630983	1.4779647550989455e-11	-841377.8914679267	3.050144820619952e8	0.
0.00001626218114261507	1.4779647550989455e-11	-1.1587025563822805e6	3.7255609503962356e8	0.
0.000011398725099963835	1.4779647550989455e-11	-850773.103841166	3.072417029798511e8	0.
0.00001641416414394792	1.4779647550989455e-11	-1.1684963906927505e6	3.7443316909154886e8	0.
0.000011550708101296685	1.4779647550989455e-11	-860186.0903695889	3.0945637053082687e8	0.
0.000016566147145280773	1.4779647550989455e-11	-1.1782979830898447e6	3.763015439483605e8	0.
0.000011702691102629537	1.4779647550989455e-11	-869616.3702554322	3.1165860616121167e8	0.
0.000016718130146613624	1.4779647550989455e-11	-1.188107159352999e6	3.7816132932604873e8	0.
0.000011854674103962387	1.4779647550989455e-11	-879063.4780431929	3.138485431652583e8	0.
0.000016870113147946473	1.4779647550989455e-11	-1.1979237501683745e6	3.800126116380398e8	0.
0.000012006657105295239	1.4779647550989455e-11	-888526.9631022684	3.160262966613077e8	0.
0.000017022096149279325	1.4779647550989455e-11	-1.2077475909677371e6	3.818554911023419e8	0.
0.00001215864010662809	1.4779647550989455e-11	-898006.3891249967	3.181919906120058e8	0.
0.000017174079150612177	1.4779647550989455e-11	-1.2175785217731597e6	3.836900623359911e8	0.
0.00001231062310796094	1.4779647550989455e-11	-907501.3336399783	3.2034575861144435e8	0.
0.00001732606215194503	1.4779647550989455e-11	-1.2274163870473364e6	3.8551641895918477e8	0.
0.000012462606109293792	1.4779647550989455e-11	-917011.3875405116	3.224877078745389e8	0.
0.00001747804515327788	1.4779647550989455e-11	-1.2372610355492942e6	3.873346533817151e8	0.
0.000012614589110626643	1.4779647550989455e-11	-926536.1546279417	3.246179829991737e8	0.
0.00001763002815461073	1.4779647550989455e-11	-1.2471123201952968e6	3.8914485669229376e8	0.
0.000012766572111959494	1.4779647550989455e-11	-936075.251169683	3.267366967557956e8	0.
0.00001778201115594358	1.4779647550989455e-11	-1.2569700979247517e6	3.9094711449356544e8	0.
0.000012918555113292345	1.4779647550989455e-11	-945628.3054716538	3.288439819166779e8	0.
0.000017933994157276432	1.4779647550989455e-11	-1.2668342295709238e6	3.927415231636806e8	0.
0.000013070538114625196	1.4779647550989455e-11	-955194.957464836	3.30939959498781e8	0.
0.000018085977158609284	1.4779647550989455e-11	-1.276704579736279e6	3.945281703456584e8	0.
0.000013222521115958048	1.4779647550989455e-11	-964774.8583056526	3.330247488397024e8	0.
0.000018237960159942136	1.4779647550989455e-11	-1.2865810166722813e6	3.963071335683987e8	0.
0.000013374504117290898	1.4779647550989455e-11	-974367.6699898483	3.3509848043229467e8	0.
0.000018389943161274984	1.4779647550989455e-11	-1.2964634121634734e6	3.980785017112145e8	0.
0.00001352648711862375	1.4779647550989455e-11	-983973.0649795354	3.371612751991195e8	0.
0.000018541926162607836	1.4779647550989455e-11	-1.3063516414156822e6	3.9984235420911163e8	0.
0.0000136784701199566	1.4779647550989455e-11	-993590.72584307	3.3921325761530364e8	0.
0.000018693909163940688	1.4779647550989455e-11	-1.3162455829481853e6	4.015987814421481e8	0.
0.000013830453121289452	1.4779647550989455e-11	-1.0032203449074095e6	3.412545383623031e8	0.
0.00001884589216527354	1.4779647550989455e-11	-1.3261451184896978e6	4.033478607231311e8	0.
0.000013982436122622304	1.4779647550989455e-11	-1.0128616239226047e6	3.4328525490270466e8	0.
0.00001899787516660639	1.4779647550989455e-11	-1.3360501328780279e6	4.050896717305177e8	0.
0.000014134419123955154	1.4779647550989455e-11	-1.0225142737380699e6	3.453055169183355e8	0.
0.00001914985816793924	1.4779647550989455e-11	-1.3459605139632635e6	4.0682429313534814e8	0.
0.000014286402125288006	1.4779647550989455e-11	-1.0321780139902856e6	3.4731544513989294e8	0.
0.000019301841169272092	1.4779647550989455e-11	-1.35587615251436e6	4.0855179947698617e8	0.
0.000014438385126620856	1.4779647550989455e-11	-1.0418525728015782e6	3.493151593715526e8	0.
0.000019453824170604944	1.4779647550989455e-11	-1.3657969421289922e6	4.102722738745876e8	0.
0.000014590368127953708	1.4779647550989455e-11	-1.0515376864896321e6	3.5130477182924867e8	0.
0.000019605807171937795	1.4779647550989455e-11	-1.3757227791465588e6	4.1198579194593173e8	0.
0.00001474235112928656	1.4779647550989455e-11	-1.0612330992873893e6	3.5328440024460125e8	0.
0.000019757790173270647	1.4779647550989455e-11	-1.385653562564207e6	4.136924171376462e8	0.
0.00001489433413061941	1.4779647550989455e-11	-1.0709385630729974e6	3.5525415903387743e8	0.
0.000019909773174603496	1.4779647550989455e-11	-1.3955891939557756e6	4.1539223700512004e8	0.
0.000015046317131952261	1.4779647550989455e-11	-1.0806538371094738e6	3.572141611234122e8	0.
0.000020061756175936347	1.4779647550989455e-11	-1.4055295773935372e6	4.170853130679233e8	0.
0.000015198300133285111	1.4779647550989455e-11	-1.090378687793754e6	3.5916451848770547e8	0.
0.0000202137391772692	1.4779647550989455e-11	-1.4154746193726396e6	4.1877171582393533e8	0.
0.00001535028313461796	1.4779647550989455e-11	-1.1001128884148113e6	3.61105341772191e8	0.
0.00002036572217860205	1.4779647550989455e-11	-1.4254242287381436e6	4.20451526784587e8	0.
0.000020517705179934903	1.4779647550989455e-11	-1.435378316614558e6	4.221248035934639e8	0.
0.00002553314422391899	1.4779647550989455e-11	-1.7659031850401156e6	4.740767527169971e8	0.
0.00002066968818126775	1.4779647550989455e-11	-1.4453367963377817e6	4.2379161799044925e8	0.
0.00002568512722525184	1.4779647550989455e-11	-1.7759692805410498e6	4.755626693934712e8	0.
0.000020821671182600603	1.4779647550989455e-11	-1.4552995833893612e6	4.254520369407929e8	0.
0.00002583711022658469	1.4779647550989455e-11	-1.7860377731094284e6	4.7704393044466317e8	0.
0.000020973654183933455	1.4779647550989455e-11	-1.4652665953329736e6	4.2710612651066667e8	0.
0.00002598909322791754	1.4779647550989455e-11	-1.7961086241036826e6	4.7852058036412156e8	0.
0.000021125637185266307	1.4779647550989455e-11	-1.475237751753061e6	4.2875394428246415e8	0.
0.000026141076229250393	1.4779647550989455e-11	-1.806181795690449e6	4.799926564606922e8	0.
0.00002127762018659916	1.4779647550989455e-11	-1.4852129741955276e6	4.303955689313117e8	0.
0.000026293059230583244	1.4779647550989455e-11	-1.8162572508240314e6	4.8146020914978147e8	0.
0.000021429603187932007	1.4779647550989455e-11	-1.4951921861104262e6	4.320310562610153e8	0.
0.000026445042231916096	1.4779647550989455e-11	-1.82633495322647e6	4.829232675638743e8	0.
0.00002158158618926486	1.4779647550989455e-11	-1.5051753127965643e6	4.3366046853259075e8	0.
0.000026597025233248945	1.4779647550989455e-11	-1.8364148673681982e6	4.8438187062772065e8	0.
0.00002173356919059771	1.4779647550989455e-11	-1.515162281347953e6	4.3528387052426165e8	0.
0.000026749008234581796	1.4779647550989455e-11	-1.8464969584492687e6	4.858360639317921e8	0.
0.000021885552191930562	1.4779647550989455e-11	-1.5251530206020318e6	4.369013157998544e8	0.
0.000026900991235914648	1.4779647550989455e-11	-1.8565811923811247e6	4.872858818427905e8	0.
0.000022037535193263414	1.4779647550989455e-11	-1.5351474610896122e6	4.3851286719726634e8	0.
0.0000270529742372475	1.4779647550989455e-11	-1.8666675357689057e6	4.8873136190618914e8	0.
0.000022189518194596263	1.4779647550989455e-11	-1.5451455349864638e6	4.401185834714662e8	0.
0.000027204957238580352	1.4779647550989455e-11	-1.8767559558942653e6	4.901725380163104e8	0.
0.000022341501195929114	1.4779647550989455e-11	-1.5551471760664952e6	4.417185225182023e8	0.
0.0000273569402399132	1.4779647550989455e-11	-1.8868464206986846e6	4.916094528826229e8	0.
0.000022493484197261966	1.4779647550989455e-11	-1.5651523196564624e6	4.43312741327347e8	0.
0.000027508923241246052	1.4779647550989455e-11	-1.8969388987672688e6	4.930421425585096e8	0.
0.000022645467198594818	1.4779647550989455e-11	-1.5751609025921563e6	4.449012957092281e8	0.
0.000027660906242578904	1.4779647550989455e-11	-1.907033359313002e6	4.94470636419754e8	0.
0.00002279745019992767	1.4779647550989455e-11	-1.5851728631760129e6	4.46484241457423e8	0.
0.000027812889243911756	1.4779647550989455e-11	-1.9171297721614612e6	4.958949723484734e8	0.
0.000022949433201260518	1.4779647550989455e-11	-1.5951881411360907e6	4.4806163286967015e8	0.
0.000027964872245244608	1.4779647550989455e-11	-1.927228107735956e6	4.9731518526507175e8	0.
0.00002310141620259337	1.4779647550989455e-11	-1.6052066775863764e6	4.496335237917183e8	0.
0.000028116855246577456	1.4779647550989455e-11	-1.9373283370430958e6	4.987313092917637e8	0.
0.000023253399203926222	1.4779647550989455e-11	-1.615228414988359e6	4.511999673414135e8	0.
0.000028268838247910308	1.4779647550989455e-11	-1.9474304316587606e6	5.0014337494534856e8	0.
0.000023405382205259074	1.4779647550989455e-11	-1.625253297113835e6	4.5276101558033484e8	0.
0.00002842082124924316	1.4779647550989455e-11	-1.9575343637144673e6	5.0155142527149355e8	0.
0.000023557365206591925	1.4779647550989455e-11	-1.6352812690089012e6	4.543167201076927e8	0.
0.00002857280425057601	1.4779647550989455e-11	-1.967640105884119e6	5.029554834173809e8	0.
0.000023709348207924774	1.4779647550989455e-11	-1.645312276959086e6	4.558671317130807e8	0.
0.000028724787251908863	1.4779647550989455e-11	-1.977747631371122e6	5.043555849911451e8	0.
0.000023861331209257626	1.4779647550989455e-11	-1.655346268455586e6	4.5741229373276615e8	0.
0.00002887677025324171	1.4779647550989455e-11	-1.9878569138958633e6	5.0575176212396693e8	0.
0.000024013314210590477	1.4779647550989455e-11	-1.6653831921625645e6	4.5895227198474425e8	0.
0.000029028753254574563	1.4779647550989455e-11	-1.9979679276835322e6	5.071440402374862e8	0.
0.00002416529721192333	1.4779647550989455e-11	-1.6754229978854766e6	4.604871023879521e8	0.
0.000029180736255907415	1.4779647550989455e-11	-2.0080806474522795e6	5.085324660035552e8	0.
0.00002431728021325618	1.4779647550989455e-11	-1.6854656365403843e6	4.620168325512578e8	0.
0.000029332719257240267	1.4779647550989455e-11	-2.0181950484016996e6	5.0991705809057456e8	0.
0.00002446926321458903	1.4779647550989455e-11	-1.6955110601242268e6	4.6354151977897567e8	0.
0.00002948470225857312	1.4779647550989455e-11	-2.0283111062016324e6	5.112978469264937e8	0.
0.00002462124621592188	1.4779647550989455e-11	-1.7055592216860114e6	4.650611973879562e8	0.
0.000029636685259905967	1.4779647550989455e-11	-2.038428796981265e6	5.12674868583588e8	0.
0.000024773229217254733	1.4779647550989455e-11	-1.7156100752988968e6	4.665759245339547e8	0.
0.00002978866826123882	1.4779647550989455e-11	-2.0485480973185338e6	5.1404815304629195e8	0.
0.000024925212218587585	1.4779647550989455e-11	-1.7256635760331328e6	4.680857370176337e8	0.
0.00002994065126257167	1.4779647550989455e-11	-2.0586689842298084e6	5.1541772017013043e8	0.
0.000025077195219920433	1.4779647550989455e-11	-1.7357196799298308e6	4.695906824958525e8	0.
0.000030092634263904523	1.4779647550989455e-11	-2.06879143515986e6	5.1678361153352934e8	0.
0.000025229178221253285	1.4779647550989455e-11	-1.7457783439755354e6	4.710908053198609e8	0.
0.000030244617265237375	1.4779647550989455e-11	-2.0789154279720923e6	5.1814584631242424e8	0.
0.000025381161222586137	1.4779647550989455e-11	-1.7558395260775676e6	4.7258614899295366e8	0.
0.000030396600266570223	1.4779647550989455e-11	-2.0890409409390385e6	5.1950445592575705e8	0.
