# Filename	C:\Users\edmag\Documents\Work\2D-Comp-Model\computation\Turning Timeresults\2018-02-05T05-32-36.txt
# Source	C:\Users\edmag\Documents\Work\2D-Comp-Model\computation\Turning Time\turning.nb
# Note	1D calculation of turning time vs. field and orbit energy.
# Date	2018-02-05T05:32:36
# Dir	-1
# field	2.4503099887166728e-11
# zi	-6.
W	field	zt	t	argt
-0.000030396600266570223	2.4503099887166728e-11	-32069.373165287958	6.3194685730932085e6	0.
-0.000025229178221253285	2.4503099887166728e-11	-38218.0612003832	8.189701539188321e6	0.
-0.000030244617265237375	2.4503099887166728e-11	-32222.547407638544	6.364235377519815e6	0.
-0.000025077195219920433	2.4503099887166728e-11	-38433.546640950946	8.257847806594098e6	0.
-0.000030092634263904523	2.4503099887166728e-11	-32377.15507779889	6.409519489965427e6	0.
-0.000024925212218587585	2.4503099887166728e-11	-38651.38951316875	8.326910791813923e6	0.
-0.00002994065126257167	2.4503099887166728e-11	-32533.215867802362	6.455328159325344e6	-2.0869932298703678e-7
-0.000024773229217254733	2.4503099887166728e-11	-38871.627277136715	8.396906496489864e6	0.
-0.00002978866826123882	2.4503099887166728e-11	-32690.749822058573	6.501672184102159e6	-2.717381376498544e-7
-0.00002462124621592188	2.4503099887166728e-11	-39094.29815873024	8.467852168421347e6	0.
-0.000029636685259905967	2.4503099887166728e-11	-32849.77734503231	6.548560426711709e6	0.
-0.00002446926321458903	2.4503099887166728e-11	-39319.44116836679	8.539765397227552e6	0.
-0.00002948470225857312	2.4503099887166728e-11	-33010.31920911662	6.595997775642679e6	0.
-0.00002431728021325618	2.4503099887166728e-11	-39547.096120296526	8.612663992770238e6	0.
-0.000029332719257240267	2.4503099887166728e-11	-33172.39656270652	6.6439964084768845e6	0.
-0.00002416529721192333	2.4503099887166728e-11	-39777.30365243291	8.68656574471099e6	0.
-0.000029180736255907415	2.4503099887166728e-11	-33336.03093847835	6.692562724349861e6	-2.8187419300174694e-7
-0.000024013314210590477	2.4503099887166728e-11	-40010.10524673969	8.76149014658412e6	0.
-0.000029028753254574563	2.4503099887166728e-11	-33501.24426188158	6.741708773522004e6	-1.7637383501344466e-7
-0.000023861331209257626	2.4503099887166728e-11	-40245.54325019076	8.837455847605824e6	0.
-0.00002887677025324171	2.4503099887166728e-11	-33668.05885984833	6.791443780953267e6	0.
-0.000023709348207924774	2.4503099887166728e-11	-40483.660896321	8.914481221195225e6	0.
-0.000028724787251908863	2.4503099887166728e-11	-33836.497469727736	6.841775416941638e6	0.
-0.000023557365206591925	2.4503099887166728e-11	-40724.50232738572	8.992587951627823e6	0.
-0.00002857280425057601	2.4503099887166728e-11	-34006.583248449824	6.892713820166811e6	0.
-0.000023405382205259074	2.4503099887166728e-11	-40968.11261714703	9.07179627603887e6	0.
-0.00002842082124924316	2.4503099887166728e-11	-34178.339781928466	6.944270154819536e6	0.
-0.000023253399203926222	2.4503099887166728e-11	-41214.537794306496	9.152126116394904e6	0.
-0.000028268838247910308	2.4503099887166728e-11	-34351.79109470729	6.996454210732219e6	0.
-0.00002310141620259337	2.4503099887166728e-11	-41463.82486660428	9.23359969568069e6	0.
-0.000028116855246577456	2.4503099887166728e-11	-34526.961659857974	7.04927696966667e6	0.
-0.000022949433201260518	2.4503099887166728e-11	-41716.02184560387	9.316239069225904e6	0.
-0.000027964872245244608	2.4503099887166728e-11	-34703.87640913681	7.1027461802066425e6	0.
-0.00002279745019992767	2.4503099887166728e-11	-41971.17777218428	9.400065853682145e6	0.
-0.000027812889243911756	2.4503099887166728e-11	-34882.56074340795	7.156877032310429e6	0.
-0.000022645467198594818	2.4503099887166728e-11	-42229.34274276117	9.485103571779763e6	0.
-0.000027660906242578904	2.4503099887166728e-11	-35063.04054334015	7.211675912390648e6	0.
-0.000022493484197261966	2.4503099887166728e-11	-42490.567936258485	9.571375997195601e6	0.
-0.000027508923241246052	2.4503099887166728e-11	-35245.342180386586	7.267158091475399e6	0.
-0.000022341501195929114	2.4503099887166728e-11	-42754.90564185404	9.658905979647059e6	0.
-0.0000273569402399132	2.4503099887166728e-11	-35429.49252805415	7.323333944782542e6	0.
-0.000022189518194596263	2.4503099887166728e-11	-43022.409287522474	9.747718512761848e6	0.
-0.000027204957238580352	2.4503099887166728e-11	-35615.51897347229	7.380214792201061e6	0.
-0.000022037535193263414	2.4503099887166728e-11	-43293.133469399574	9.83783960128957e6	0.
-0.0000270529742372475	2.4503099887166728e-11	-35803.44942926967	7.4378128271783525e6	0.
-0.000021885552191930562	2.4503099887166728e-11	-43567.13398199304	9.929294848410504e6	0.
-0.000026900991235914648	2.4503099887166728e-11	-35993.31234576762	7.496140941691688e6	0.
-0.00002173356919059771	2.4503099887166728e-11	-43844.46784926537	1.0022110840072302e7	0.
-0.000026749008234581796	2.4503099887166728e-11	-36185.13672349959	7.555211085917191e6	0.
-0.00002158158618926486	2.4503099887166728e-11	-44125.193356615135	1.0116313526758654e7	0.
-0.000026597025233248945	2.4503099887166728e-11	-36378.95212606726	7.615037037786724e6	0.
-0.000021429603187932007	2.4503099887166728e-11	-44409.37008378434	1.0211933527105443e7	0.
-0.000026445042231916096	2.4503099887166728e-11	-36574.7886933419	7.675629448949571e6	0.
-0.00002127762018659916	2.4503099887166728e-11	-44697.05893871828	1.0308994261855926e7	0.
-0.000026293059230583244	2.4503099887166728e-11	-36772.677155022735	7.7370044331801e6	0.
-0.000021125637185266307	2.4503099887166728e-11	-44988.32219240902	1.0407528642777551e7	0.
-0.000026141076229250393	2.4503099887166728e-11	-36972.64884456142	7.799174393265339e6	0.
-0.000020973654183933455	2.4503099887166728e-11	-45283.22351474943	1.0507566465642069e7	0.
-0.00002598909322791754	2.4503099887166728e-11	-37174.73571346511	7.862153654453616e6	0.
-0.000020821671182600603	2.4503099887166728e-11	-45581.82801142947	1.06091367996861e7	0.
-0.00002583711022658469	2.4503099887166728e-11	-37378.9703459883	7.925956631043306e6	0.
-0.00002066968818126775	2.4503099887166728e-11	-45884.20226190612	1.071227270084924e7	0.
-0.00002568512722525184	2.4503099887166728e-11	-37585.38597422569	7.990598237716433e6	0.
-0.000020517705179934903	2.4503099887166728e-11	-46190.41435847736	1.0817003576069817e7	0.
-0.00002553314422391899	2.4503099887166728e-11	-37794.016493617804	8.056092062158361e6	0.
-0.00002036572217860205	2.4503099887166728e-11	-46500.533946494834	1.0923364023627782e7	0.
-0.000025381161222586137	2.4503099887166728e-11	-38004.89647888235	8.122454594513495e6	0.
-0.0000202137391772692	2.4503099887166728e-11	-46814.63226574719	1.1031388604374379e7	0.
-0.000020061756175936347	2.4503099887166728e-11	-47132.7821930491	1.114111065714456e7	0.
-0.00001489433413061941	2.4503099887166728e-11	-61015.07392758377	1.6198165420712499e7	0.
-0.000019909773174603496	2.4503099887166728e-11	-47455.05828607181	1.1252565605398754e7	0.
-0.00001474235112928656	2.4503099887166728e-11	-61537.649950248255	1.6397773777399281e7	0.
-0.000019757790173270647	2.4503099887166728e-11	-47781.53682845039	1.136579063088219e7	0.
-0.000014590368127953708	2.4503099887166728e-11	-62068.47592906894	1.6601145313147664e7	0.
-0.000019605807171937795	2.4503099887166728e-11	-48112.29587620502	1.1480820699465865e7	0.
-0.000014438385126620856	2.4503099887166728e-11	-62607.7299529595	1.680837235832942e7	0.
-0.000019453824170604944	2.4503099887166728e-11	-48447.41530551435	1.1597696594096556e7	0.
-0.000014286402125288006	2.4503099887166728e-11	-63155.594664156626	1.7019544093493756e7	0.
-0.000019301841169272092	2.4503099887166728e-11	-48786.976861878924	1.1716455095430106e7	0.
-0.000014134419123955154	2.4503099887166728e-11	-63712.2573796663	1.7234754955969106e7	0.
-0.00001914985816793924	2.4503099887166728e-11	-49131.06421071507	1.1837139319288328e7	0.
-0.000013982436122622304	2.4503099887166728e-11	-64277.91021533343	1.745410420683391e7	0.
-0.00001899787516660639	2.4503099887166728e-11	-49479.76298941795	1.1959788172310794e7	0.
-0.000013830453121289452	2.4503099887166728e-11	-64852.7502125162	1.7677691260246716e7	0.
-0.00001884589216527354	2.4503099887166728e-11	-49833.16086093673	1.2084443795034453e7	0.
-0.0000136784701199566	2.4503099887166728e-11	-65436.97946733592	1.790561602324006e7	0.
-0.000018693909163940688	2.4503099887166728e-11	-50191.34756890205	1.2211150951634321e7	0.
-0.00001352648711862375	2.4503099887166728e-11	-66030.80526246408	1.813798651665781e7	0.
-0.000018541926162607836	2.4503099887166728e-11	-50554.41499434879	1.2339953036292357e7	0.
-0.000013374504117290898	2.4503099887166728e-11	-66634.44020139407	1.8374908506336644e7	0.
-0.000018389943161274984	2.4503099887166728e-11	-50922.45721407774	1.2470894996081524e7	0.
-0.000013222521115958048	2.4503099887166728e-11	-67248.10234513767	1.8616492227939777e7	0.
-0.000018237960159942136	2.4503099887166728e-11	-51295.5705606995	1.2604024363747066e7	0.
-0.000013070538114625196	2.4503099887166728e-11	-67872.01535126836	1.8862852201208074e7	0.
-0.000018085977158609284	2.4503099887166728e-11	-51673.853684405316	1.2739390438600548e7	0.
-0.000012918555113292345	2.4503099887166728e-11	-68506.40861522124	1.911410462753084e7	0.
-0.000017933994157276432	2.4503099887166728e-11	-52057.407616509176	1.2877038716916798e7	0.
-0.000012766572111959494	2.4503099887166728e-11	-69151.51741374315	1.937036920256311e7	0.
-0.00001778201115594358	2.4503099887166728e-11	-52446.3358348086	1.3017023662730277e7	0.
-0.000012614589110626643	2.4503099887166728e-11	-69807.58305036846	1.96317660462533e7	0.
-0.00001763002815461073	2.4503099887166728e-11	-52840.74433080676	1.3159394358802978e7	0.
-0.000012462606109293792	2.4503099887166728e-11	-70474.85300277807	1.989842403181118e7	0.
-0.00001747804515327788	2.4503099887166728e-11	-53240.74167884579	1.3304205333094213e7	0.
-0.00001231062310796094	2.4503099887166728e-11	-71153.5810718769	2.017047027671372e7	0.
-0.00001732606215194503	2.4503099887166728e-11	-53646.439107194696	1.345151043987756e7	0.
-0.00001215864010662809	2.4503099887166728e-11	-71844.0275324058	2.0448036673990417e7	0.
-0.000017174079150612177	2.4503099887166728e-11	-54057.95057114039	1.360136616232403e7	0.
-0.000012006657105295239	2.4503099887166728e-11	-72546.4592848769	2.0731259637183283e7	0.
-0.000017022096149279325	2.4503099887166728e-11	-54475.39282812742	1.3753829701439882e7	0.
-0.000011854674103962387	2.4503099887166728e-11	-73261.15000859735	2.10202780791408e7	0.
-0.000016870113147946473	2.4503099887166728e-11	-54898.88551499335	1.3908960235570522e7	0.
-0.000011702691102629537	2.4503099887166728e-11	-73988.38031551824	2.131523173226633e7	0.
-0.000016718130146613624	2.4503099887166728e-11	-55328.55122734563	1.406681662040088e7	0.
-0.000011550708101296685	2.4503099887166728e-11	-74728.43790461584	2.1616270278619993e7	0.
-0.000016566147145280773	2.4503099887166728e-11	-55764.515601126215	1.4227462432573447e7	0.
-0.000011398725099963835	2.4503099887166728e-11	-75481.61771647845	2.1923540843087487e7	0.
-0.00001641416414394792	2.4503099887166728e-11	-56206.90739640839	1.439096292618735e7	0.
-0.000011246742098630983	2.4503099887166728e-11	-76248.22208774164	2.2237195913563896e7	0.
-0.00001626218114261507	2.4503099887166728e-11	-56655.85858347025	1.4557380114995549e7	0.
-0.000011094759097298131	2.4503099887166728e-11	-77028.56090497402	2.255739382049963e7	0.
-0.000016110198141282217	2.4503099887166728e-11	-57111.50443118921	1.4726783744039241e7	0.
-0.000010942776095965281	2.4503099887166728e-11	-77822.95175757878	2.2884293290045165e7	0.
-0.00001595821513994937	2.4503099887166728e-11	-57573.98359779748	1.4899241234067181e7	0.
-0.00001079079309463243	2.4503099887166728e-11	-78631.72008923518	2.3218059053947035e7	0.
-0.000015806232138616517	2.4503099887166728e-11	-58043.43822404093	1.5074825001352776e7	0.
-0.00001063881009329958	2.4503099887166728e-11	-79455.19934735817	2.3558859531651862e7	0.
-0.000015654249137283665	2.4503099887166728e-11	-58520.01402877838	1.5253606118054012e7	0.
-0.000010486827091966727	2.4503099887166728e-11	-80293.7311300095	2.3906865522527777e7	0.
-0.000015502266135950813	2.4503099887166728e-11	-59003.86040705885	1.5435661502825232e7	0.
-0.000010334844090633876	2.4503099887166728e-11	-81147.66532964386	2.426225296962365e7	0.
-0.00001535028313461796	2.4503099887166728e-11	-59495.130530709524	1.5621062726418298e7	0.
-0.000010182861089301025	2.4503099887166728e-11	-82017.36027302101	2.462520139011169e7	0.
-0.000015198300133285111	2.4503099887166728e-11	-59993.98145146675	1.5809894130260715e7	0.
-0.000010030878087968174	2.4503099887166728e-11	-82903.18285656157	2.499589340003443e7	0.
-0.000015046317131952261	2.4503099887166728e-11	-60500.57420667558	1.600223409001244e7	0.
-9.878895086635324e-6	2.4503099887166728e-11	-83805.50867636612	2.537451635806062e7	0.
-9.726912085302472e-6	2.4503099887166728e-11	-84724.72215205817	2.576126202752699e7	0.
-4.559490039985534e-6	2.4503099887166728e-11	-129373.69446933003	4.5312596010438815e7	0.
-9.57492908396962e-6	2.4503099887166728e-11	-85661.21664354896	2.6156323587964945e7	0.
-4.407507038652682e-6	2.4503099887166728e-11	-131195.61104213903	4.6124769090227135e7	0.
-9.42294608263677e-6	2.4503099887166728e-11	-86615.39455975922	2.655990123788261e7	0.
-4.255524037319831e-6	2.4503099887166728e-11	-133053.82710235057	4.6953103374135666e7	0.
-9.270963081303918e-6	2.4503099887166728e-11	-87587.66745826427	2.697219587150803e7	0.
-4.10354103598698e-6	2.4503099887166728e-11	-134948.96167203298	4.779775820534087e7	0.
-9.118980079971068e-6	2.4503099887166728e-11	-88578.45613476331	2.7393415293120246e7	0.
-3.951558034654129e-6	2.4503099887166728e-11	-136881.6289136939	4.8658883886465535e7	0.
-8.966997078638216e-6	2.4503099887166728e-11	-89588.19070120172	2.782376754431777e7	0.
-3.799575033321278e-6	2.4503099887166728e-11	-138852.43693834014	4.95366179457837e7	0.
-8.815014077305364e-6	2.4503099887166728e-11	-90617.3106513061	2.8263467535636727e7	0.
-3.647592031988427e-6	2.4503099887166728e-11	-140861.98657259706	5.043108449937559e7	0.
-8.663031075972514e-6	2.4503099887166728e-11	-91666.2649122184	2.871273171312132e7	0.
-3.495609030655576e-6	2.4503099887166728e-11	-142910.87008855917	5.134238933808441e7	0.
-8.511048074639662e-6	2.4503099887166728e-11	-92735.51188084482	2.917178036367704e7	0.
-3.3436260293227246e-6	2.4503099887166728e-11	-144999.66990057955	5.227062937547091e7	0.
-8.359065073306812e-6	2.4503099887166728e-11	-93825.51944346273	2.9640836790519428e7	0.
-3.1916430279898736e-6	2.4503099887166728e-11	-147128.9572337384	5.321587867975988e7	0.
-8.20708207197396e-6	2.4503099887166728e-11	-94936.76497705841	3.0120126995387908e7	0.
-3.0396600266570226e-6	2.4503099887166728e-11	-149299.29076926265	5.417819930557983e7	0.
-8.055099070641109e-6	2.4503099887166728e-11	-96069.73533079925	3.0609883473146923e7	0.
-2.8876770253241713e-6	2.4503099887166728e-11	-151511.21527267955	5.5157633800809674e7	0.
-7.903116069308259e-6	2.4503099887166728e-11	-97224.92678597731	3.1110334951212432e7	0.
-2.7356940239913203e-6	2.4503099887166728e-11	-153765.26021098014	5.615420599751379e7	0.
-7.751133067975407e-6	2.4503099887166728e-11	-98402.84499269997	3.162171861019185e7	0.
-2.583711022658469e-6	2.4503099887166728e-11	-156061.93836552865	5.716792063831765e7	0.
-7.599150066642556e-6	2.4503099887166728e-11	-99604.00488154196	3.2144271719517708e7	0.
-2.431728021325618e-6	2.4503099887166728e-11	-158401.74444787265	5.8198763744309574e7	0.
-7.447167065309705e-6	2.4503099887166728e-11	-100828.93054832391	3.267823369318878e7	0.
-2.279745019992767e-6	2.4503099887166728e-11	-160785.15372598023	5.9246697845740095e7	0.
-7.295184063976854e-6	2.4503099887166728e-11	-102078.15511013505	3.3223846242047478e7	0.
-2.1277620186599156e-6	2.4503099887166728e-11	-163212.6206687437	6.031166927995258e7	0.
-7.143201062644003e-6	2.4503099887166728e-11	-103352.22053068137	3.3781349965349674e7	0.
-1.9757790173270646e-6	2.4503099887166728e-11	-165684.57761683417	6.13935987357265e7	0.
-6.991218061311152e-6	2.4503099887166728e-11	-104651.67741301407	3.435099222786454e7	0.
-1.8237960159942135e-6	2.4503099887166728e-11	-168201.43348816584	6.249238801603485e7	0.
-6.8392350599783e-6	2.4503099887166728e-11	-105977.08475767626	3.493301504577774e7	0.
-1.6718130146613623e-6	2.4503099887166728e-11	-170763.57252631753	6.36079148751915e7	0.
-6.687252058645449e-6	2.4503099887166728e-11	-107329.0096843061	3.552766463936017e7	0.
-1.5198300133285113e-6	2.4503099887166728e-11	-173371.35310026468	6.474003779754686e7	0.
-6.535269057312598e-6	2.4503099887166728e-11	-108708.0271147451	3.613518626476068e7	0.
-1.3678470119956601e-6	2.4503099887166728e-11	-176025.1065636842	6.588858952084918e7	0.
-6.383286055979747e-6	2.4503099887166728e-11	-110114.71941573168	3.675582461426966e7	0.
-1.215864010662809e-6	2.4503099887166728e-11	-178725.13618191268	6.705338151882001e7	0.
-6.231303054646896e-6	2.4503099887166728e-11	-111549.67599930838	3.7389822774815015e7	0.
-1.0638810093299578e-6	2.4503099887166728e-11	-181471.71613435462	6.82342044132953e7	0.
-6.079320053314045e-6	2.4503099887166728e-11	-113013.49287914022	3.803742312061219e7	0.
-9.118980079971067e-7	2.4503099887166728e-11	-184265.0905997593	6.943082665019576e7	0.
-5.9273370519811935e-6	2.4503099887166728e-11	-114506.77218103407	3.869886718379935e7	0.
-7.599150066642557e-7	2.4503099887166728e-11	-187105.4729313096	7.064299295373845e7	0.
-5.7753540506483425e-6	2.4503099887166728e-11	-116030.12160606477	3.937439112615236e7	0.
-6.079320053314045e-7	2.4503099887166728e-11	-189993.04492789818	7.18704299965283e7	0.
-5.6233710493154915e-6	2.4503099887166728e-11	-117584.15384485785	4.0064229704650804e7	0.
-4.5594900399855336e-7	2.4503099887166728e-11	-192927.9562073124	7.311283950081818e7	0.
-5.4713880479826406e-6	2.4503099887166728e-11	-119169.48594174739	4.0768613593674816e7	0.
-3.0396600266570224e-7	2.4503099887166728e-11	-195910.32368631617	7.436990698229513e7	0.
-5.31940504664979e-6	2.4503099887166728e-11	-120786.73860772973	4.1487767927642114e7	0.
-1.5198300133285112e-7	2.4503099887166728e-11	-198940.23117181065	7.564129686677755e7	0.
-5.167422045316938e-6	2.4503099887166728e-11	-122436.53548136342	4.222191386970995e7	0.
0.	2.4503099887166728e-11	-202017.7290663937	7.692665326596507e7	0.
-5.015439043984087e-6	2.4503099887166728e-11	-124119.5023370286	4.2971265708302766e7	0.
1.5198300133285112e-7	2.4503099887166728e-11	-205142.83419072302	7.8225607537301e7	0.
-4.863456042651236e-6	2.4503099887166728e-11	-125836.2662402543	4.373603162803548e7	0.
3.0396600266570224e-7	2.4503099887166728e-11	-208315.52972414086	7.953776642959589e7	0.
-4.711473041318385e-6	2.4503099887166728e-11	-127587.45465014894	4.451641058015024e7	0.
5.4713880479826406e-6	2.4503099887166728e-11	-342463.19462259184	1.2872955725712362e8	0.
4.5594900399855336e-7	2.4503099887166728e-11	-211535.76526404946	8.086272856976645e7	0.
5.6233710493154915e-6	2.4503099887166728e-11	-347080.4655446147	1.3021683325104515e8	0.
6.079320053314045e-7	2.4503099887166728e-11	-214803.45700354752	8.220007295016474e7	0.
5.7753540506483425e-6	2.4503099887166728e-11	-351729.0363247339	1.3170191425013112e8	0.
7.599150066642557e-7	2.4503099887166728e-11	-218118.48802587134	8.35493688704099e7	0.
5.9273370519811935e-6	2.4503099887166728e-11	-356408.28991861554	1.3318453696119563e8	0.
9.118980079971067e-7	2.4503099887166728e-11	-221480.7087132334	8.491017067550117e7	0.
6.079320053314045e-6	2.4503099887166728e-11	-361117.6136356341	1.3466444284646899e8	0.
1.0638810093299578e-6	2.4503099887166728e-11	-224889.93726674104	8.62820200536153e7	0.
6.231303054646896e-6	2.4503099887166728e-11	-365856.3997747146	1.3614139488491172e8	0.
1.215864010662809e-6	2.4503099887166728e-11	-228345.96033321146	8.766445412622774e7	0.
6.383286055979747e-6	2.4503099887166728e-11	-370624.0462100503	1.376151618639054e8	0.
1.3678470119956601e-6	2.4503099887166728e-11	-231848.5337338953	8.905699804172853e7	0.
6.535269057312598e-6	2.4503099887166728e-11	-375419.956927976	1.3908552244632244e8	0.
1.5198300133285113e-6	2.4503099887166728e-11	-235397.38328938815	9.045917172548862e7	0.
6.687252058645449e-6	2.4503099887166728e-11	-380243.5425164493	1.4055227679086092e8	0.
1.6718130146613623e-6	2.4503099887166728e-11	-238992.20573435337	9.187048671645622e7	0.
6.8392350599783e-6	2.4503099887166728e-11	-385094.22060873185	1.4201523177800247e8	0.
1.8237960159942135e-6	2.4503099887166728e-11	-242632.669715114	9.329045303259933e7	0.
6.991218061311152e-6	2.4503099887166728e-11	-389971.416282982	1.4347420175712445e8	0.
1.9757790173270646e-6	2.4503099887166728e-11	-246318.4168626947	9.471857680421692e7	0.
7.143201062644003e-6	2.4503099887166728e-11	-394874.5624195616	1.449290152269599e8	0.
2.1277620186599156e-6	2.4503099887166728e-11	-250049.0629335165	9.615436149570288e7	0.
7.295184063976854e-6	2.4503099887166728e-11	-399803.10001792765	1.4637951443043923e8	0.
2.279745019992767e-6	2.4503099887166728e-11	-253824.19900966543	9.759731378607376e7	0.
7.447167065309705e-6	2.4503099887166728e-11	-404756.4784750288	1.4782554465583882e8	0.
2.431728021325618e-6	2.4503099887166728e-11	-257643.39275047017	9.904693667969695e7	0.
7.599150066642556e-6	2.4503099887166728e-11	-409734.15582715924	1.4926696842321387e8	0.
2.583711022658469e-6	2.4503099887166728e-11	-261506.18968703854	1.0050273783317542e8	0.
7.751133067975407e-6	2.4503099887166728e-11	-414735.59895722964	1.5070365377987373e8	0.
2.7356940239913203e-6	2.4503099887166728e-11	-265412.1145514024	1.019642282330375e8	0.
7.903116069308259e-6	2.4503099887166728e-11	-419760.28376941936	1.521354801771696e8	0.
2.8876770253241713e-6	2.4503099887166728e-11	-269360.6726320141	1.0343091992938082e8	0.
8.055099070641109e-6	2.4503099887166728e-11	-424807.6953331536	1.5356233272100416e8	0.
3.0396600266570226e-6	2.4503099887166728e-11	-273351.3511475096	1.0490233785240912e8	0.
8.20708207197396e-6	2.4503099887166728e-11	-429877.3279983251	1.5498410844354358e8	0.
3.1916430279898736e-6	2.4503099887166728e-11	-277383.6206308977	1.0637800632493721e8	0.
8.359065073306812e-6	2.4503099887166728e-11	-434968.6854836418	1.5640071166184548e8	0.
3.3436260293227246e-6	2.4503099887166728e-11	-281456.9363166512	1.0785745709388681e8	0.
8.511048074639662e-6	2.4503099887166728e-11	-440081.28093993623	1.5781205589499074e8	0.
3.495609030655576e-6	2.4503099887166728e-11	-285570.73952354316	1.0934023323064451e8	0.
8.663031075972514e-6	2.4503099887166728e-11	-445214.63699022215	1.592180566951723e8	0.
3.647592031988427e-6	2.4503099887166728e-11	-289724.45902649336	1.1082588898650454e8	0.
8.815014077305364e-6	2.4503099887166728e-11	-450368.28574822214	1.6061864416058236e8	0.
3.799575033321278e-6	2.4503099887166728e-11	-293917.5124111488	1.1231398188269378e8	0.
8.966997078638216e-6	2.4503099887166728e-11	-455541.7688170302	1.6201375454797694e8	0.
3.951558034654129e-6	2.4503099887166728e-11	-298149.3074054149	1.1380408457026121e8	0.
9.118980079971068e-6	2.4503099887166728e-11	-460734.63726950414	1.6340332372895738e8	0.
4.10354103598698e-6	2.4503099887166728e-11	-302419.2431826663	1.152957790460869e8	0.
9.270963081303918e-6	2.4503099887166728e-11	-465946.4516119174	1.6478730229591963e8	0.
4.255524037319831e-6	2.4503099887166728e-11	-306726.7116318962	1.1678865695542337e8	0.
9.42294608263677e-6	2.4503099887166728e-11	-471176.7817323247	1.661656410060795e8	0.
4.407507038652682e-6	2.4503099887166728e-11	-311071.09859059704	1.1828232560661812e8	0.
9.57492908396962e-6	2.4503099887166728e-11	-476425.2068350268	1.6753830325951868e8	0.
4.559490039985534e-6	2.4503099887166728e-11	-315451.7850367004	1.1977640120653145e8	0.
9.726912085302472e-6	2.4503099887166728e-11	-481691.31536244834	1.6890524742685795e8	0.
4.711473041318385e-6	2.4503099887166728e-11	-319868.14823643165	1.2127051166570161e8	0.
9.878895086635324e-6	2.4503099887166728e-11	-486974.7049056686	1.7026644283664903e8	0.
4.863456042651236e-6	2.4503099887166728e-11	-324319.5628454494	1.2276430372454716e8	0.
0.000010030878087968174	2.4503099887166728e-11	-492274.9821047764	1.7162186988903254e8	0.
5.015439043984087e-6	2.4503099887166728e-11	-328805.401961136	1.2425742757121512e8	0.
0.000010182861089301025	2.4503099887166728e-11	-497591.7625401482	1.7297150417631507e8	0.
5.167422045316938e-6	2.4503099887166728e-11	-333325.0381243832	1.2574955538809954e8	0.
0.000010334844090633876	2.4503099887166728e-11	-502924.67061568337	1.7431532499559194e8	0.
5.31940504664979e-6	2.4503099887166728e-11	-337877.8442696619	1.2724036714250004e8	0.
0.000010486827091966727	2.4503099887166728e-11	-508273.3394349614	1.7565332635284203e8	0.
0.000015502266135950813	2.4503099887166728e-11	-691669.3683361181	2.1662273899631235e8	0.
0.00001063881009329958	2.4503099887166728e-11	-513637.41067122243	1.7698549714487493e8	0.
0.000015654249137283665	2.4503099887166728e-11	-697388.12497675	2.1777326434725225e8	0.
0.00001079079309463243	2.4503099887166728e-11	-519016.5344320117	1.7831183256961408e8	0.
0.000015806232138616517	2.4503099887166728e-11	-703114.152190925	2.1891886536400947e8	0.
0.000010942776095965281	2.4503099887166728e-11	-524410.3691192677	1.7963233026456422e8	0.
0.00001595821513994937	2.4503099887166728e-11	-708847.3005835939	2.2005957775575042e8	0.
0.000011094759097298131	2.4503099887166728e-11	-529818.5812855753	1.8094699661774015e8	0.
0.000016110198141282217	2.4503099887166728e-11	-714587.4244358978	2.2119544377151915e8	0.
0.000011246742098630983	2.4503099887166728e-11	-535240.8454872553	1.822558297554598e8	0.
0.00001626218114261507	2.4503099887166728e-11	-720334.3816070913	2.223265035890575e8	0.
0.000011398725099963835	2.4503099887166728e-11	-540676.8441349044	1.8355884366413727e8	0.
0.00001641416414394792	2.4503099887166728e-11	-726088.0334389418	2.2345279736480004e8	0.
0.000011550708101296685	2.4503099887166728e-11	-546126.2673419542	1.8485604526791063e8	0.
0.000016566147145280773	2.4503099887166728e-11	-731848.2446625719	2.2457436279604095e8	0.
0.000011702691102629537	2.4503099887166728e-11	-551588.812771769	1.861474477297688e8	0.
0.000016718130146613624	2.4503099887166728e-11	-737614.8833077039	2.2569124678515646e8	0.
0.000011854674103962387	2.4503099887166728e-11	-557064.1854837603	1.874330691812935e8	0.
0.000016870113147946473	2.4503099887166728e-11	-743387.8206142638	2.2680348220399845e8	0.
0.000012006657105295239	2.4503099887166728e-11	-562552.0977789522	1.8871292513536343e8	0.
0.000017022096149279325	2.4503099887166728e-11	-749166.9309463102	2.2791110888164943e8	0.
0.00001215864010662809	2.4503099887166728e-11	-568052.2690453936	1.8998703662785417e8	0.
0.000017174079150612177	2.4503099887166728e-11	-754952.0917082356	2.290141712161587e8	0.
0.00001231062310796094	2.4503099887166728e-11	-573564.4256037769	1.912554264795383e8	0.
0.00001732606215194503	2.4503099887166728e-11	-760743.1832632021	2.3011270426929918e8	0.
0.000012462606109293792	2.4503099887166728e-11	-579088.3005535904	1.9251811627713755e8	0.
0.00001747804515327788	2.4503099887166728e-11	-766540.0888537657	2.312067534222744e8	0.
0.000012614589110626643	2.4503099887166728e-11	-584623.6336200932	1.9377513533684927e8	0.
0.00001763002815461073	2.4503099887166728e-11	-772342.6945246389	2.3229635167817828e8	0.
0.000012766572111959494	2.4503099887166728e-11	-590170.1710023802	1.9502650428320694e8	0.
0.00001778201115594358	2.4503099887166728e-11	-778150.8890475532	2.3338154258644193e8	0.
0.000012918555113292345	2.4503099887166728e-11	-595727.6652227707	1.9627225679393545e8	0.
0.000017933994157276432	2.4503099887166728e-11	-783964.563848166	2.3446235513802388e8	0.
0.000013070538114625196	2.4503099887166728e-11	-601295.8749777302	1.975124203882219e8	0.
0.000018085977158609284	2.4503099887166728e-11	-789783.6129349746	2.3553884165448844e8	0.
0.000013222521115958048	2.4503099887166728e-11	-606874.5649905119	1.9874702318334258e8	0.
0.000018237960159942136	2.4503099887166728e-11	-795607.9328301811	2.366110294386928e8	0.
0.000013374504117290898	2.4503099887166728e-11	-612463.5058656805	1.999761008922521e8	0.
0.000018389943161274984	2.4503099887166728e-11	-801437.4225024716	2.3767896494413206e8	0.
0.00001352648711862375	2.4503099887166728e-11	-618062.473945663	2.0119968653281656e8	0.
0.000018541926162607836	2.4503099887166728e-11	-807271.983301655	2.387426820462584e8	0.
0.0000136784701199566	2.4503099887166728e-11	-623671.2511694471	2.0241780898161128e8	0.
0.000018693909163940688	2.4503099887166728e-11	-813111.5188951207	2.3980221519289395e8	0.
0.00001884589216527354	2.4503099887166728e-11	-818955.9352060677	2.408576015952974e8	0.
0.000013830453121289452	2.4503099887166728e-11	-629289.6249335397	2.0363050899957544e8	0.
0.00001899787516660639	2.4503099887166728e-11	-824805.1403534613	2.4190888095873904e8	0.
0.000013982436122622304	2.4503099887166728e-11	-634917.3879552693	2.0483781976251855e8	0.
0.00001914985816793924	2.4503099887166728e-11	-830659.0445936706	2.4295609184001344e8	0.
0.000019301841169272092	2.4503099887166728e-11	-836517.560263747	2.439992703171936e8	0.
0.000014134419123955154	2.4503099887166728e-11	-640554.3381385145	2.0603978001588297e8	0.
0.000019453824170604944	2.4503099887166728e-11	-842380.6017262946	2.4503844586546412e8	0.
0.000014286402125288006	2.4503099887166728e-11	-646200.2784419172	2.0723642137760144e8	0.
0.000019605807171937795	2.4503099887166728e-11	-848248.0853158977	2.4607366080238712e8	0.
0.000014438385126620856	2.4503099887166728e-11	-651855.0167496324	2.084277815016705e8	0.
0.000019757790173270647	2.4503099887166728e-11	-854119.9292870555	2.4710495052512705e8	0.
0.000014590368127953708	2.4503099887166728e-11	-657518.3657446542	2.0961390097914496e8	0.
0.000019909773174603496	2.4503099887166728e-11	-859996.053763589	2.4813234133495685e8	0.
0.00001474235112928656	2.4503099887166728e-11	-663190.1427847459	2.1079482193325904e8	0.
0.000020061756175936347	2.4503099887166728e-11	-865876.3806894788	2.4915588273659077e8	0.
0.00001489433413061941	2.4503099887166728e-11	-668870.1697809936	2.119705747518076e8	0.
0.0000202137391772692	2.4503099887166728e-11	-871760.8337810893	2.501755966456344e8	0.
0.000015046317131952261	2.4503099887166728e-11	-674558.2730789979	2.1314120468677723e8	0.
0.00002036572217860205	2.4503099887166728e-11	-877649.3384807493	2.5119151893782175e8	0.
0.000015198300133285111	2.4503099887166728e-11	-680254.2833427014	2.1430675108283085e8	0.
0.00001535028313461796	2.4503099887166728e-11	-685958.0354408565	2.1546724931063944e8	0.
0.000020517705179934903	2.4503099887166728e-11	-883541.8219116442	2.5220369031820464e8	0.
0.00002066968818126775	2.4503099887166728e-11	-889438.2128339852	2.5321213496612626e8	0.
0.00002553314422391899	2.4503099887166728e-11	-1.079831323670892e6	2.8370004291034096e8	0.
0.000020821671182600603	2.4503099887166728e-11	-895338.4416024209	2.542168908509606e8	0.
0.00002568512722525184	2.4503099887166728e-11	-1.0858252961704123e6	2.8460228989469e8	0.
0.000020973654183933455	2.4503099887166728e-11	-901242.4401246533	2.5521799679949382e8	0.
0.00002583711022658469	2.4503099887166728e-11	-1.0918214835610872e6	2.855017617233535e8	0.
0.000021125637185266307	2.4503099887166728e-11	-907150.1418212252	2.562154721308172e8	0.
0.00002598909322791754	2.4503099887166728e-11	-1.0978198519474762e6	2.863984770181304e8	0.
0.00002127762018659916	2.4503099887166728e-11	-913061.4815864468	2.5720935602002287e8	0.
0.000026141076229250393	2.4503099887166728e-11	-1.103820368097485e6	2.872924702774659e8	0.
0.000021429603187932007	2.4503099887166728e-11	-918976.3957504252	2.5819968406684867e8	0.
0.000026293059230583244	2.4503099887166728e-11	-1.1098229994268587e6	2.8818375181821793e8	0.
0.00002158158618926486	2.4503099887166728e-11	-924894.8220421682	2.5918647937802303e8	0.
0.000026445042231916096	2.4503099887166728e-11	-1.1158277139840901e6	2.8907234531456304e8	0.
0.00002173356919059771	2.4503099887166728e-11	-930816.699553731	2.601697813849948e8	0.
0.000026597025233248945	2.4503099887166728e-11	-1.1218344804357276e6	2.8995827501531506e8	0.
0.000021885552191930562	2.4503099887166728e-11	-936741.9687053709	2.6114961074562532e8	0.
0.000026749008234581796	2.4503099887166728e-11	-1.1278432680520725e6	2.9084156394631046e8	0.
0.000022037535193263414	2.4503099887166728e-11	-942670.5712116899	2.6212600956173816e8	0.
0.000026900991235914648	2.4503099887166728e-11	-1.1338540466932529e6	2.917222297709107e8	0.
0.000022189518194596263	2.4503099887166728e-11	-948602.450048725	2.6309900051461866e8	0.
0.0000270529742372475	2.4503099887166728e-11	-1.1398667867956674e6	2.926002967887061e8	0.
0.000022341501195929114	2.4503099887166728e-11	-954537.549421969	2.640686172002858e8	0.
0.000027204957238580352	2.4503099887166728e-11	-1.1458814593587823e6	2.934757840290946e8	0.
0.000022493484197261966	2.4503099887166728e-11	-960475.8147352857	2.6503488281658348e8	0.
0.0000273569402399132	2.4503099887166728e-11	-1.1518980359322764e6	2.9434871216997975e8	0.
0.000022645467198594818	2.4503099887166728e-11	-966417.1925607008	2.6599783511190423e8	0.
0.000027508923241246052	2.4503099887166728e-11	-1.1579164886035211e6	2.952190997685065e8	0.
0.00002279745019992767	2.4503099887166728e-11	-972361.6306090364	2.6695749648334396e8	0.
0.000027660906242578904	2.4503099887166728e-11	-1.1639367899853874e6	2.9608697521403795e8	0.
0.000022949433201260518	2.4503099887166728e-11	-978309.0777013681	2.6791389751851287e8	0.
0.000027812889243911756	2.4503099887166728e-11	-1.1699589132043673e6	2.9695234442525434e8	0.
0.00002310141620259337	2.4503099887166728e-11	-984259.483741281	2.6886706647657865e8	0.
0.000027964872245244608	2.4503099887166728e-11	-1.1759828318890086e6	2.9781523605563116e8	0.
0.000023253399203926222	2.4503099887166728e-11	-990212.7996878955	2.6981702724403155e8	0.
0.000028116855246577456	2.4503099887166728e-11	-1.182008520158642e6	2.986756675201561e8	0.
0.000023405382205259074	2.4503099887166728e-11	-996168.9775296485	2.7076381950216335e8	0.
0.000028268838247910308	2.4503099887166728e-11	-1.1880359526124038e6	2.9953366004545456e8	0.
0.000023557365206591925	2.4503099887166728e-11	-1.0021279702587995e6	2.717074542738991e8	0.
0.00002842082124924316	2.4503099887166728e-11	-1.1940651043185373e6	3.003892265240259e8	0.
0.000023709348207924774	2.4503099887166728e-11	-1.0080897318466469e6	2.7264796910336554e8	0.
0.00002857280425057601	2.4503099887166728e-11	-1.200095950803971e6	3.0124238968579483e8	0.
0.000023861331209257626	2.4503099887166728e-11	-1.0140542172194291e6	2.73585393542557e8	0.
0.000028724787251908863	2.4503099887166728e-11	-1.2061284680441613e6	3.0209317377198386e8	0.
0.000024013314210590477	2.4503099887166728e-11	-1.0200213822348905e6	2.745197452235226e8	0.
0.00002887677025324171	2.4503099887166728e-11	-1.2121626324531941e6	3.029415854738985e8	0.
0.00002416529721192333	2.4503099887166728e-11	-1.0259911836594959e6	2.7545104987561834e8	0.
0.000029028753254574563	2.4503099887166728e-11	-1.2181984208741395e6	3.037876488713832e8	0.
0.00002431728021325618	2.4503099887166728e-11	-1.0319635791462719e6	2.763793425002073e8	0.
0.000029180736255907415	2.4503099887166728e-11	-1.2242358105696489e6	3.0463138736653185e8	0.
0.00002446926321458903	2.4503099887166728e-11	-1.0379385272132545e6	2.773046414661382e8	0.
0.000029332719257240267	2.4503099887166728e-11	-1.2302747792127894e6	3.0547280525107306e8	0.
0.00002462124621592188	2.4503099887166728e-11	-1.0439159872225303e6	2.782269736592812e8	0.
0.00002948470225857312	2.4503099887166728e-11	-1.236315304878112e6	3.0631193345301795e8	0.
0.000024773229217254733	2.4503099887166728e-11	-1.0498959193598493e6	2.7914636610839546e8	0.
0.000029636685259905967	2.4503099887166728e-11	-1.2423573660329399e6	3.0714878382017845e8	0.
0.000024925212218587585	2.4503099887166728e-11	-1.0558782846147937e6	2.800628393779828e8	0.
0.00002978866826123882	2.4503099887166728e-11	-1.2484009415288784e6	3.079833690923456e8	0.
0.000025077195219920433	2.4503099887166728e-11	-1.0618630447614882e6	2.8097642204590636e8	0.
0.00002994065126257167	2.4503099887166728e-11	-1.2544460105935347e6	3.0881571234645414e8	0.
0.000025229178221253285	2.4503099887166728e-11	-1.0678501623398326e6	2.818871291832499e8	0.
0.000025381161222586137	2.4503099887166728e-11	-1.0738396006372443e6	2.827950001984971e8	0.
0.000030092634263904523	2.4503099887166728e-11	-1.2604925528224434e6	3.096458246008186e8	0.
0.000030244617265237375	2.4503099887166728e-11	-1.2665405481711957e6	3.104737332747252e8	0.
0.000030396600266570223	2.4503099887166728e-11	-1.2725899769477572e6	3.1129944384063286e8	0.
