# Filename	C:\Users\edmag\Documents\Work\2D-Comp-Model\computation\Turning Timeresults\2018-02-05T05-27-39.txt
# Source	C:\Users\edmag\Documents\Work\2D-Comp-Model\computation\Turning Time\turning.nb
# Note	1D calculation of turning time vs. field and orbit energy.
# Date	2018-02-05T05:27:39
# Dir	-1
# field	7.195354728771182e-12
# zi	-6.
W	field	zt	t	argt
-0.000030396600266570223	7.195354728771182e-12	-32646.131436535605	6.532918331100629e6	0.
-0.000025229178221253285	7.195354728771182e-12	-39198.431523278785	8.584512208450167e6	0.
-0.000030244617265237375	7.195354728771182e-12	-32807.66694869886	6.581279778109033e6	0.
-0.000025077195219920433	7.195354728771182e-12	-39430.75631117134	8.660521937346784e6	0.
-0.000030092634263904523	7.195354728771182e-12	-32970.79652124813	6.630235765733941e6	0.
-0.000024925212218587585	7.195354728771182e-12	-39665.82043342977	8.737645943011427e6	-1.9624107912561052e-7
-0.00002994065126257167	7.195354728771182e-12	-33135.54367958558	6.679798352596988e6	0.
-0.000024773229217254733	7.195354728771182e-12	-39903.672068328124	8.815909387222579e6	-4.947109981859554e-7
-0.00002978866826123882	7.195354728771182e-12	-33301.932410556765	6.729975612484839e6	0.
-0.00002462124621592188	7.195354728771182e-12	-40144.36051711868	8.895334656459829e6	-1.9508818147059007e-7
-0.000029636685259905967	7.195354728771182e-12	-33469.98717372204	6.780778226908046e6	-4.1011731282708655e-7
-0.00002446926321458903	7.195354728771182e-12	-40387.936236532856	8.975946495288651e6	0.
-0.00002948470225857312	7.195354728771182e-12	-33639.73291296084	6.832219625461736e6	0.
-0.00002431728021325618	7.195354728771182e-12	-40634.450872405214	9.057767863565467e6	0.
-0.000029332719257240267	7.195354728771182e-12	-33811.19506841671	6.884308115059191e6	-1.9168384466239507e-7
-0.00002416529721192333	7.195354728771182e-12	-40883.95729445995	9.140824365284637e6	-3.740723892447197e-7
-0.000029180736255907415	7.195354728771182e-12	-33984.399588790926	6.937057500756465e6	0.
-0.000024013314210590477	7.195354728771182e-12	-41136.5096323098	9.2251441100516e6	0.
-0.000029028753254574563	7.195354728771182e-12	-34159.37294400563	6.9904772410407495e6	-2.396629248740861e-7
-0.000023861331209257626	7.195354728771182e-12	-41392.16331271841	9.31075136132084e6	0.
-0.00002887677025324171	7.195354728771182e-12	-34336.14213823719	7.044580848428669e6	-1.8206821693561375e-7
-0.000023709348207924774	7.195354728771182e-12	-41650.97509816972	9.397674059161745e6	0.
-0.000028724787251908863	7.195354728771182e-12	-34514.73472334476	7.099380675121121e6	0.
-0.000023557365206591925	7.195354728771182e-12	-41913.00312680642	9.485942072952237e6	0.
-0.00002857280425057601	7.195354728771182e-12	-34695.17881269942	7.154888149645162e6	0.
-0.000023405382205259074	7.195354728771182e-12	-42178.30695378589	9.575584739411652e6	0.
-0.00002842082124924316	7.195354728771182e-12	-34877.50309542969	7.211114968843657e6	-1.769903906031147e-7
-0.000023253399203926222	7.195354728771182e-12	-42446.94759411858	9.666622952404443e6	0.
-0.000028268838247910308	7.195354728771182e-12	-35061.736851100395	7.268077357810596e6	0.
-0.00002310141620259337	7.195354728771182e-12	-42718.98756704471	9.759097191583052e6	0.
-0.000028116855246577456	7.195354728771182e-12	-35247.909964839164	7.32578647814356e6	0.
-0.000022949433201260518	7.195354728771182e-12	-42994.49094201589	9.853036275108678e6	0.
-0.000027964872245244608	7.195354728771182e-12	-35436.0529429227	7.384255877494201e6	0.
-0.00002279745019992767	7.195354728771182e-12	-43273.52338634774	9.948471867472762e6	0.
-0.000027812889243911756	7.195354728771182e-12	-35626.19692884573	7.443500349854841e6	0.
-0.000022645467198594818	7.195354728771182e-12	-43556.15221461475	1.0045435907653041e7	-3.2960065456377727e-7
-0.000027660906242578904	7.195354728771182e-12	-35818.373719883886	7.503534050692756e6	0.
-0.000022493484197261966	7.195354728771182e-12	-43842.446439858606	1.0143965720052427e7	0.
-0.000027508923241246052	7.195354728771182e-12	-36012.615784171714	7.56437142539539e6	0.
-0.000022341501195929114	7.195354728771182e-12	-44132.47682669105	1.0244093384700073e7	0.
-0.0000273569402399132	7.195354728771182e-12	-36208.95627831331	7.6260277277115015e6	0.
-0.000022189518194596263	7.195354728771182e-12	-44426.31594636553	1.0345856646294037e7	0.
-0.000027204957238580352	7.195354728771182e-12	-36407.42906554447	7.688517319413697e6	-2.1727868310116248e-7
-0.000022037535193263414	7.195354728771182e-12	-44724.03823390839	1.0449288774751514e7	0.
-0.0000270529742372475	7.195354728771182e-12	-36608.068734466404	7.751858456735439e6	0.
-0.000021885552191930562	7.195354728771182e-12	-45025.720047396164	1.0554434572802072e7	0.
-0.000026900991235914648	7.195354728771182e-12	-36810.91061837448	7.816063846430639e6	-1.5731353254883857e-7
-0.00002173356919059771	7.195354728771182e-12	-45331.4397294671	1.066132539171944e7	0.
-0.000026749008234581796	7.195354728771182e-12	-37015.990815197365	7.881153247318647e6	0.
-0.00002158158618926486	7.195354728771182e-12	-45641.2776711752	1.0770008701233214e7	0.
-0.000026597025233248945	7.195354728771182e-12	-37223.34620807905	7.947144031420442e6	0.
-0.000021429603187932007	7.195354728771182e-12	-45955.316378274954	1.088052317245799e7	0.
-0.000026445042231916096	7.195354728771182e-12	-37433.01448661521	8.014046202858028e6	0.
-0.00002127762018659916	7.195354728771182e-12	-46273.640540057095	1.09929100734251e7	0.
-0.000026293059230583244	7.195354728771182e-12	-37645.034168781756	8.081885663054659e6	0.
-0.000021125637185266307	7.195354728771182e-12	-46596.33710083908	1.1107214739581328e7	0.
-0.000026141076229250393	7.195354728771182e-12	-37859.44462356871	8.150679075129419e6	0.
-0.000020973654183933455	7.195354728771182e-12	-46923.495334232204	1.122348338246321e7	0.
-0.00002598909322791754	7.195354728771182e-12	-38076.28609435506	8.220441208546448e6	0.
-0.000020821671182600603	7.195354728771182e-12	-47255.20692030852	1.1341760573745744e7	-1.66859211916667e-7
-0.00002583711022658469	7.195354728771182e-12	-38295.59972304951	8.291195456254433e6	0.
-0.00002066968818126775	7.195354728771182e-12	-47591.5660257972	1.1462097633492338e7	-5.772888912700404e-7
-0.00002568512722525184	7.195354728771182e-12	-38517.42757502365	8.362958431966281e6	0.
-0.000020517705179934903	7.195354728771182e-12	-47932.669387449656	1.158454468493324e7	0.
-0.00002553314422391899	7.195354728771182e-12	-38741.812664872734	8.435752236336067e6	0.
-0.00002036572217860205	7.195354728771182e-12	-48278.61639871331	1.1709149874076784e7	0.
-0.000025381161222586137	7.195354728771182e-12	-38968.79898303111	8.50959633446895e6	0.
-0.0000202137391772692	7.195354728771182e-12	-48629.509199867665	1.1835965922651412e7	0.
-0.000020061756175936347	7.195354728771182e-12	-48985.452771781485	1.1965046725197483e7	0.
-0.00001489433413061941	7.195354728771182e-12	-65092.727158954796	1.8239093492691487e7	0.
-0.000019909773174603496	7.195354728771182e-12	-49346.55503345743	1.2096449819946384e7	-2.0077195540760696e-7
-0.00001474235112928656	7.195354728771182e-12	-65723.5118759402	1.8500843466558583e7	0.
-0.000019757790173270647	7.195354728771182e-12	-49712.92694353803	1.2230236156189032e7	0.
-0.000014590368127953708	7.195354728771182e-12	-66366.26231405107	1.8768719049146257e7	0.
-0.000019605807171937795	7.195354728771182e-12	-50084.68260596325	1.2366461477145469e7	0.
-0.000014438385126620856	7.195354728771182e-12	-67021.311120644	1.9042915607460193e7	0.
-0.000019453824170604944	7.195354728771182e-12	-50461.93937996573	1.2505187394475998e7	0.
-0.000014286402125288006	7.195354728771182e-12	-67689.00295254157	1.932362838367531e7	0.
-0.000019301841169272092	7.195354728771182e-12	-50844.81799461639	1.264647826402698e7	0.
-0.000014134419123955154	7.195354728771182e-12	-68369.69500130993	1.961108141338845e7	0.
-0.00001914985816793924	7.195354728771182e-12	-51233.44266813051	1.2790400576521855e7	0.
-0.000013982436122622304	7.195354728771182e-12	-69063.75754504597	1.9905486373563364e7	0.
-0.00001899787516660639	7.195354728771182e-12	-51627.94123216274	1.2937018858842328e7	-2.623699263089669e-7
-0.000013830453121289452	7.195354728771182e-12	-69771.57452815841	2.020707684541999e7	0.
-0.00001884589216527354	7.195354728771182e-12	-52028.44526132995	1.3086407362808561e7	-5.578763649587396e-7
-0.0000136784701199566	7.195354728771182e-12	-70493.54417070835	2.051609091429657e7	0.
-0.000018693909163940688	7.195354728771182e-12	-52435.09020821401	1.3238636450390125e7	-2.0270021805066036e-7
-0.00001352648711862375	7.195354728771182e-12	-71230.07960897277	2.0832776653802816e7	0.
-0.000018541926162607836	7.195354728771182e-12	-52848.01554410735	1.3393780715786936e7	-1.6210617816690077e-7
-0.000013374504117290898	7.195354728771182e-12	-71981.60956899021	2.1157395131333016e7	0.
-0.000018389943161274984	7.195354728771182e-12	-53267.364905783164	1.3551918927693091e7	0.
-0.000013222521115958048	7.195354728771182e-12	-72748.57907495051	2.149021130406109e7	0.
-0.000018237960159942136	7.195354728771182e-12	-53693.28624858459	1.3713125799129155e7	-2.7600023372181557e-7
-0.000013070538114625196	7.195354728771182e-12	-73531.4501944043	2.1831511217080906e7	0.
-0.000018085977158609284	7.195354728771182e-12	-54125.9320061393	1.3877488770399306e7	-1.9217642950914053e-7
-0.000012918555113292345	7.195354728771182e-12	-74330.70282237609	2.2181583913882848e7	0.
-0.000017933994157276432	7.195354728771182e-12	-54565.459257034	1.4045093880114265e7	0.
-0.000012766572111959494	7.195354728771182e-12	-75146.83550659564	2.2540738482585277e7	0.
-0.00001778201115594358	7.195354728771182e-12	-55012.029898788634	1.4216023805743482e7	0.
-0.000012614589110626643	7.195354728771182e-12	-75980.36631618223	2.2909292415855143e7	0.
-0.00001763002815461073	7.195354728771182e-12	-55465.81082949601	1.439037221619981e7	0.
-0.000012462606109293792	7.195354728771182e-12	-76831.83375625803	2.3287582209933605e7	0.
-0.00001747804515327788	7.195354728771182e-12	-55926.97413751371	1.4568234484859742e7	0.
-0.00001231062310796094	7.195354728771182e-12	-77701.79773110448	2.367594281870449e7	0.
-0.00001732606215194503	7.195354728771182e-12	-56395.69729961153	1.4749707409366932e7	0.
-0.00001215864010662809	7.195354728771182e-12	-78590.8405586279	2.407474972336677e7	0.
-0.000017174079150612177	7.195354728771182e-12	-56872.163388005305	1.4934891850170467e7	0.
-0.000012006657105295239	7.195354728771182e-12	-79499.56803905223	2.448437642207746e7	0.
-0.000017022096149279325	7.195354728771182e-12	-57356.56128672898	1.512389064010945e7	-2.2247497457694376e-7
-0.000011854674103962387	7.195354728771182e-12	-80428.6105809256	2.4905217947331727e7	0.
-0.000016870113147946473	7.195354728771182e-12	-57849.08591782232	1.5316815826876907e7	-3.1905555317041415e-7
-0.000011702691102629537	7.195354728771182e-12	-81378.62438769297	2.5337694299524304e7	0.
-0.000016718130146613624	7.195354728771182e-12	-58349.93847784264	1.5513783473013327e7	0.
-0.000011550708101296685	7.195354728771182e-12	-82350.29270826544	2.578222046221911e7	0.
-0.000016566147145280773	7.195354728771182e-12	-58859.32668523052	1.5714894316777408e7	0.
-0.000011398725099963835	7.195354728771182e-12	-83344.32715520397	2.6239264587698307e7	0.
-0.00001641416414394792	7.195354728771182e-12	-59377.46503909729	1.5920280373959227e7	-2.858701749987128e-7
-0.000011246742098630983	7.195354728771182e-12	-84361.469094318	2.670928914070694e7	0.
-0.00001626218114261507	7.195354728771182e-12	-59904.57509002728	1.6130068232723236e7	0.
-0.000011094759097298131	7.195354728771182e-12	-85402.49110968455	2.7192794043960895e7	0.
-0.000016110198141282217	7.195354728771182e-12	-60440.885723532294	1.6344385277857162e7	0.
-0.000010942776095965281	7.195354728771182e-12	-86468.19854828487	2.769029002861346e7	0.
-0.00001595821513994937	7.195354728771182e-12	-60986.63345681537	1.6563360583275963e7	0.
-0.00001079079309463243	7.195354728771182e-12	-87559.4311486691	2.820231958756921e7	0.
-0.000015806232138616517	7.195354728771182e-12	-61542.06274956066	1.6787131436462063e7	-2.590280096167353e-7
-0.00001063881009329958	7.195354728771182e-12	-88677.06475825988	2.8729453320136607e7	0.
-0.000015654249137283665	7.195354728771182e-12	-62107.42632948698	1.7015864000989147e7	0.
-0.000010486827091966727	7.195354728771182e-12	-89822.01314411778	2.927227501258776e7	0.
-0.000015502266135950813	7.195354728771182e-12	-62682.9855334607	1.7249671800735395e7	0.
-0.000010334844090633876	7.195354728771182e-12	-90995.22990220261	2.9831411444915067e7	0.
-0.00001535028313461796	7.195354728771182e-12	-63269.0106650014	1.7488737031876057e7	-8.341296012614743e-7
-0.000010182861089301025	7.195354728771182e-12	-92197.71047036123	3.04075116375037e7	0.
-0.000015198300133285111	7.195354728771182e-12	-63865.781369064134	1.7733216870215274e7	-3.232420183320206e-7
-0.000010030878087968174	7.195354728771182e-12	-93430.49425048022	3.1001248941216543e7	0.
-0.000015046317131952261	7.195354728771182e-12	-64473.587025038934	1.7983281444112048e7	0.
-9.878895086635324e-6	7.195354728771182e-12	-94694.66684542564	3.1613347751221098e7	0.
-9.726912085302472e-6	7.195354728771182e-12	-95991.36241656748	3.2244551327806458e7	0.
-4.559490039985534e-6	7.195354728771182e-12	-172412.1170815262	7.387717331136267e7	0.
-9.57492908396962e-6	7.195354728771182e-12	-97321.76616784633	3.28956451817939e7	0.
-4.407507038652682e-6	7.195354728771182e-12	-176201.02416285017	7.609745129658888e7	0.
-9.42294608263677e-6	7.195354728771182e-12	-98687.11696246629	3.356745284603603e7	0.
-4.255524037319831e-6	7.195354728771182e-12	-180127.96979404442	7.8408023742206e7	0.
-9.270963081303918e-6	7.195354728771182e-12	-100088.71007840034	3.426082989612078e7	0.
-4.10354103598698e-6	7.195354728771182e-12	-184198.80750826155	8.081259059947257e7	0.
-9.118980079971068e-6	7.195354728771182e-12	-101527.90010895127	3.497668900934911e7	0.
-3.951558034654129e-6	7.195354728771182e-12	-188419.58846151351	8.331491233232921e7	0.
-8.966997078638216e-6	7.195354728771182e-12	-103006.10401461789	3.5715979090514906e7	0.
-3.799575033321278e-6	7.195354728771182e-12	-192796.55599737325	8.591880602481717e7	0.
-8.815014077305364e-6	7.195354728771182e-12	-104524.8043324625	3.647969607949005e7	0.
-3.647592031988427e-6	7.195354728771182e-12	-197336.13795044803	8.862811695677955e7	0.
-8.663031075972514e-6	7.195354728771182e-12	-106085.55254904406	3.726888393978185e7	0.
-3.495609030655576e-6	7.195354728771182e-12	-202044.93642671587	9.144670863219585e7	0.
-8.511048074639662e-6	7.195354728771182e-12	-107689.97264275831	3.808464610985119e7	0.
-3.3436260293227246e-6	7.195354728771182e-12	-206929.71479871482	9.437842892418458e7	0.
-8.359065073306812e-6	7.195354728771182e-12	-109339.76480109172	3.892812507242161e7	0.
-3.1916430279898736e-6	7.195354728771182e-12	-211997.38166077115	9.74270937191243e7	0.
-8.20708207197396e-6	7.195354728771182e-12	-111036.70931783643	3.980053756965019e7	0.
-3.0396600266570226e-6	7.195354728771182e-12	-217254.97150551074	1.0059645081217554e8	0.
-8.055099070641109e-6	7.195354728771182e-12	-112782.67067468681	4.070315298915926e7	0.
-2.8876770253241713e-6	7.195354728771182e-12	-222709.62190941823	1.0389014946166041e8	0.
-7.903116069308259e-6	7.195354728771182e-12	-114579.60181084194	4.16373018785701e7	0.
-2.7356940239913203e-6	7.195354728771182e-12	-228368.54705369697	1.0731170067786008e8	0.
-7.751133067975407e-6	7.195354728771182e-12	-116429.54858321752	4.2604385256543346e7	0.
-2.583711022658469e-6	7.195354728771182e-12	-234239.00745845286	1.1086444464714377e8	0.
-7.599150066642556e-6	7.195354728771182e-12	-118334.65441860321	4.360587162804768e7	0.
-2.431728021325618e-6	7.195354728771182e-12	-240328.27587424198	1.1455150360606104e8	0.
-7.447167065309705e-6	7.195354728771182e-12	-120297.16515754459	4.464330445198553e7	0.
-2.279745019992767e-6	7.195354728771182e-12	-246643.5993557452	1.1837573864040634e8	0.
-7.295184063976854e-6	7.195354728771182e-12	-122319.43408783269	4.5718296707987644e7	0.
-2.1277620186599156e-6	7.195354728771182e-12	-253192.15763752544	1.223397088604286e8	0.
-7.143201062644003e-6	7.195354728771182e-12	-124403.9271632065	4.6832547534788854e7	0.
-1.9757790173270646e-6	7.195354728771182e-12	-259981.0180403937	1.264456155575535e8	0.
-6.991218061311152e-6	7.195354728771182e-12	-126553.22840014823	4.7987837614790194e7	0.
-1.8237960159942135e-6	7.195354728771182e-12	-267017.08725674986	1.3069526623283523e8	0.
-6.8392350599783e-6	7.195354728771182e-12	-128770.04544242882	4.918603308445921e7	0.
-1.6718130146613623e-6	7.195354728771182e-12	-274307.0604911257	1.3509001543265945e8	0.
-6.687252058645449e-6	7.195354728771182e-12	-131057.21527926587	5.042908903938222e7	0.
-1.5198300133285113e-6	7.195354728771182e-12	-281857.36856364395	1.396307364689187e8	0.
-6.535269057312598e-6	7.195354728771182e-12	-133417.71009852097	5.171905622830773e7	0.
-1.3678470119956601e-6	7.195354728771182e-12	-289674.12371367775	1.4431777131716162e8	0.
-6.383286055979747e-6	7.195354728771182e-12	-135854.6432512115	5.305807989748664e7	0.
-1.215864010662809e-6	7.195354728771182e-12	-297763.0649621767	1.491508912861212e8	0.
-6.231303054646896e-6	7.195354728771182e-12	-138371.27529766725	5.4448405011142276e7	0.
-1.0638810093299578e-6	7.195354728771182e-12	-306129.5039967688	1.5412926380742678e8	0.
-6.079320053314045e-6	7.195354728771182e-12	-140971.02009883904	5.58923812869658e7	0.
-9.118980079971067e-7	7.195354728771182e-12	-314778.27262646065	1.5925145124913976e8	0.
-5.9273370519811935e-6	7.195354728771182e-12	-143657.4509084903	5.739246323931224e7	0.
-7.599150066642557e-7	7.195354728771182e-12	-323713.67290543625	1.645153603736886e8	0.
-5.7753540506483425e-6	7.195354728771182e-12	-146434.3064131959	5.895120648465568e7	0.
-6.079320053314045e-7	7.195354728771182e-12	-332939.4310418727	1.6991825897541976e8	0.
-5.6233710493154915e-6	7.195354728771182e-12	-149305.49665716838	6.057129518780438e7	0.
-4.5594900399855336e-7	7.195354728771182e-12	-342458.65618311794	1.754567668009589e8	0.
-5.4713880479826406e-6	7.195354728771182e-12	-152275.10877786894	6.2255496345024884e7	0.
-3.0396600266570224e-7	7.195354728771182e-12	-352273.80510037433	1.8112687825648984e8	0.
-5.31940504664979e-6	7.195354728771182e-12	-155347.41246612612	6.40067190836112e7	0.
-1.5198300133285112e-7	7.195354728771182e-12	-362386.6536840715	1.869239627803378e8	0.
-5.167422045316938e-6	7.195354728771182e-12	-158526.86505103382	6.5827962187037475e7	0.
0.	7.195354728771182e-12	-372798.2760080773	1.9284282324773318e8	0.
-5.015439043984087e-6	7.195354728771182e-12	-161818.11609531532	6.772234854981689e7	0.
1.5198300133285112e-7	7.195354728771182e-12	-383509.0315322595	1.9887771898497823e8	0.
-4.863456042651236e-6	7.195354728771182e-12	-165226.01137115125	6.969310613792068e7	0.
3.0396600266570224e-7	7.195354728771182e-12	-394518.56079675024	2.050224216148733e8	0.
-4.711473041318385e-6	7.195354728771182e-12	-168755.59606986397	7.174356839690156e7	0.
5.4713880479826406e-6	7.195354728771182e-12	-912680.7113126365	4.3169691069428927e8	0.
4.5594900399855336e-7	7.195354728771182e-12	-405825.78972768196	2.1127027639774594e8	0.
5.6233710493154915e-6	7.195354728771182e-12	-930833.477040124	4.3791738383657265e8	0.
6.079320053314045e-7	7.195354728771182e-12	-417428.9424346247	2.176142558523355e8	0.
5.7753540506483425e-6	7.195354728771182e-12	-949084.6646443396	4.440881306702954e8	0.
7.599150066642557e-7	7.195354728771182e-12	-429325.56214637624	2.2404703768330687e8	0.
5.9273370519811935e-6	7.195354728771182e-12	-967430.1869878218	4.502090707653121e8	0.
9.118980079971067e-7	7.195354728771182e-12	-441512.53971558856	2.305610713683641e8	0.
6.079320053314045e-6	7.195354728771182e-12	-985866.1340263587	4.562801996125447e8	0.
1.0638810093299578e-6	7.195354728771182e-12	-453986.1489340847	2.3714864989863804e8	0.
6.231303054646896e-6	7.195354728771182e-12	-1.0043887670733748e6	4.623016202980404e8	0.
1.215864010662809e-6	7.195354728771182e-12	-466742.08774768055	2.4380198604458815e8	0.
6.383286055979747e-6	7.195354728771182e-12	-1.0229945128751071e6	4.6827351186873406e8	0.
1.3678470119956601e-6	7.195354728771182e-12	-479775.52434736973	2.5051327805814585e8	0.
6.535269057312598e-6	7.195354728771182e-12	-1.0416799575706046e6	4.741961226089481e8	0.
1.5198300133285113e-6	7.195354728771182e-12	-493081.14704552386	2.5727476647621495e8	0.
6.687252058645449e-6	7.195354728771182e-12	-1.0604418405995374e6	4.800697546960707e8	0.
1.6718130146613623e-6	7.195354728771182e-12	-506653.2168211936	2.6407882595003885e8	0.
6.8392350599783e-6	7.195354728771182e-12	-1.0792770486108884e6	4.8589478198247164e8	0.
1.8237960159942135e-6	7.195354728771182e-12	-520485.6214350057	2.7091798411452353e8	0.
6.991218061311152e-6	7.195354728771182e-12	-1.0981826094167957e6	4.916716146209444e8	0.
1.9757790173270646e-6	7.195354728771182e-12	-534571.9300668376	2.7778499572253e8	0.
7.143201062644003e-6	7.195354728771182e-12	-1.1171556860280419e6	4.974007075697729e8	0.
2.1277620186599156e-6	7.195354728771182e-12	-548905.4475121573	2.8467287694754654e8	0.
7.295184063976854e-6	7.195354728771182e-12	-1.1361935708008562e6	5.03082551433618e8	0.
2.279745019992767e-6	7.195354728771182e-12	-563479.267078565	2.915749403139981e8	0.
7.447167065309705e-6	7.195354728771182e-12	-1.1552936797187561e6	5.0871766704802746e8	0.
2.431728021325618e-6	7.195354728771182e-12	-578286.3214452498	2.9848483349563e8	0.
7.599150066642556e-6	7.195354728771182e-12	-1.1744535468280027e6	5.143065957727397e8	0.
2.583711022658469e-6	7.195354728771182e-12	-593319.4308776486	3.0539654363661414e8	0.
7.751133067975407e-6	7.195354728771182e-12	-1.193670818840805e6	5.198499217275138e8	0.
2.7356940239913203e-6	7.195354728771182e-12	-608571.3483210808	3.123044350970951e8	0.
7.903116069308259e-6	7.195354728771182e-12	-1.2129432499166173e6	5.25348209869053e8	0.
2.8876770253241713e-6	7.195354728771182e-12	-624034.80102499	3.1920323347980744e8	0.
8.055099070641109e-6	7.195354728771182e-12	-1.2322686966286502e6	5.3080207654118204e8	0.
3.0396600266570226e-6	7.195354728771182e-12	-639702.5284692707	3.2608805525535375e8	0.
8.20708207197396e-6	7.195354728771182e-12	-1.2516451131199878e6	5.362121275835946e8	0.
3.1916430279898736e-6	7.195354728771182e-12	-655567.3164727188	3.3295437672272635e8	0.
8.359065073306812e-6	7.195354728771182e-12	-1.2710705464514312e6	5.415789832727351e8	0.
3.3436260293227246e-6	7.195354728771182e-12	-671622.0274588505	3.397980814832443e8	0.
8.511048074639662e-6	7.195354728771182e-12	-1.2905431321412858e6	5.46903274982902e8	0.
3.495609030655576e-6	7.195354728771182e-12	-687859.6269350396	3.466153886731699e8	0.
8.663031075972514e-6	7.195354728771182e-12	-1.3100610898957595e6	5.521856103910451e8	0.
3.647592031988427e-6	7.195354728771182e-12	-704273.2063069597	3.5340287485667235e8	0.
8.815014077305364e-6	7.195354728771182e-12	-1.3296227195273656e6	5.574266477551293e8	0.
3.799575033321278e-6	7.195354728771182e-12	-720856.002202073	3.601574733832756e8	0.
8.966997078638216e-6	7.195354728771182e-12	-1.349226397057709e6	5.626270087487153e8	0.
3.951558034654129e-6	7.195354728771182e-12	-737601.4125144011	3.668764157122573e8	0.
9.118980079971068e-6	7.195354728771182e-12	-1.3688705710002307e6	5.677873237386501e8	0.
4.10354103598698e-6	7.195354728771182e-12	-754503.0094093373	3.735572792857152e8	0.
9.270963081303918e-6	7.195354728771182e-12	-1.3885537588178676e6	5.72908220477417e8	0.
4.255524037319831e-6	7.195354728771182e-12	-771554.5495433081	3.8019789018554974e8	0.
9.42294608263677e-6	7.195354728771182e-12	-1.4082745435501216e6	5.779903281875541e8	0.
4.407507038652682e-6	7.195354728771182e-12	-788749.9817603019	3.8679637862244225e8	0.
9.57492908396962e-6	7.195354728771182e-12	-1.4280315706036896e6	5.830342559335041e8	0.
4.559490039985534e-6	7.195354728771182e-12	-806083.4525271659	3.93351108372442e8	0.
9.726912085302472e-6	7.195354728771182e-12	-1.4478235447005988e6	5.880406169561583e8	0.
4.711473041318385e-6	7.195354728771182e-12	-823549.3093636917	3.9986069258368224e8	0.
9.878895086635324e-6	7.195354728771182e-12	-1.4676492269776452e6	5.930100346767898e8	0.
4.863456042651236e-6	7.195354728771182e-12	-841142.102513167	4.063239439984856e8	0.
0.000010030878087968174	7.195354728771182e-12	-1.4875074322308877e6	5.979430875645298e8	0.
5.015439043984087e-6	7.195354728771182e-12	-858856.5850855189	4.127399010690772e8	0.
0.000010182861089301025	7.195354728771182e-12	-1.5073970262989565e6	6.028403838844324e8	0.
5.167422045316938e-6	7.195354728771182e-12	-876687.7118894254	4.1910777507845056e8	0.
0.000010334844090633876	7.195354728771182e-12	-1.5273169235789857e6	6.077025033410223e8	0.
5.31940504664979e-6	7.195354728771182e-12	-894630.6371527058	4.254269386871367e8	0.
0.000010486827091966727	7.195354728771182e-12	-1.547266084669089e6	6.125300165101639e8	0.
0.000015502266135950813	7.195354728771182e-12	-2.2171655260486356e6	7.556536157883395e8	0.
0.00001063881009329958	7.195354728771182e-12	-1.5672435141314194e6	6.173235055605773e8	0.
0.000015654249137283665	7.195354728771182e-12	-2.23771234469285e6	7.595822477658385e8	0.
0.00001079079309463243	7.195354728771182e-12	-1.5872482583700162e6	6.220835042933553e8	0.
0.000015806232138616517	7.195354728771182e-12	-2.2582693589611114e6	7.634908331380699e8	0.
0.000010942776095965281	7.195354728771182e-12	-1.6072794036178202e6	6.268105946026988e8	0.
0.00001595821513994937	7.195354728771182e-12	-2.2788363075165544e6	7.673796705372763e8	0.
0.000011094759097298131	7.195354728771182e-12	-1.6273360740274077e6	6.315052831084855e8	0.
0.000016110198141282217	7.195354728771182e-12	-2.299412937631459e6	7.712490252961406e8	0.
0.000011246742098630983	7.195354728771182e-12	-1.6474174298602291e6	6.361681192584784e8	0.
0.00001626218114261507	7.195354728771182e-12	-2.319999004846142e6	7.750991661746434e8	0.
0.000011398725099963835	7.195354728771182e-12	-1.6675226657693032e6	6.40799618419885e8	0.
0.00001641416414394792	7.195354728771182e-12	-2.3405942726434e6	7.789303492325782e8	0.
0.000011550708101296685	7.195354728771182e-12	-1.6876510091705525e6	6.454002869360068e8	0.
0.000016566147145280773	7.195354728771182e-12	-2.3611985121377213e6	7.827428551030571e8	0.
0.000011702691102629537	7.195354728771182e-12	-1.7078017186981682e6	6.499706399835224e8	0.
0.000016718130146613624	7.195354728771182e-12	-2.381811501778522e6	7.865369144949583e8	0.
0.000011854674103962387	7.195354728771182e-12	-1.7279740827395888e6	6.545111507866405e8	0.
0.000016870113147946473	7.195354728771182e-12	-2.402433027066689e6	7.903127910567343e8	0.
0.000012006657105295239	7.195354728771182e-12	-1.7481674180459033e6	6.590223157861106e8	0.
0.000017022096149279325	7.195354728771182e-12	-2.4230628802837837e6	7.94070700225127e8	0.
0.00001215864010662809	7.195354728771182e-12	-1.7683810684136671e6	6.635046073031207e8	0.
0.000017174079150612177	7.195354728771182e-12	-2.443700860233248e6	7.978109076601704e8	0.
0.00001231062310796094	7.195354728771182e-12	-1.7886144034343315e6	6.679584749335964e8	0.
0.00001732606215194503	7.195354728771182e-12	-2.4643467719930424e6	8.015336374222897e8	0.
0.000012462606109293792	7.195354728771182e-12	-1.8088668173076734e6	6.723843916695153e8	0.
0.00001747804515327788	7.195354728771182e-12	-2.485000426679133e6	8.052391184508891e8	0.
0.000012614589110626643	7.195354728771182e-12	-1.8291377277157854e6	6.767827831553473e8	0.
0.00001763002815461073	7.195354728771182e-12	-2.505661641219303e6	8.089275744091386e8	0.
0.000012766572111959494	7.195354728771182e-12	-1.8494265747543867e6	6.811540955021298e8	0.
0.00001778201115594358	7.195354728771182e-12	-2.5263302381367832e6	8.125992243761282e8	0.
0.000012918555113292345	7.195354728771182e-12	-1.869732819918355e6	6.854987556680733e8	0.
0.000017933994157276432	7.195354728771182e-12	-2.547006045343217e6	8.162542849043623e8	0.
0.000013070538114625196	7.195354728771182e-12	-1.8900559451385713e6	6.89817193511852e8	0.
0.000018085977158609284	7.195354728771182e-12	-2.56768889594051e6	8.198929661849751e8	0.
0.000013222521115958048	7.195354728771182e-12	-1.9103954518673057e6	6.941097935575188e8	0.
0.000018237960159942136	7.195354728771182e-12	-2.5883786280311435e6	8.235154758843492e8	0.
0.000013374504117290898	7.195354728771182e-12	-1.9307508602095332e6	6.983769784022998e8	0.
0.000018389943161274984	7.195354728771182e-12	-2.6090750845365296e6	8.271220084892714e8	0.
0.00001352648711862375	7.195354728771182e-12	-1.9511217080977038e6	7.026191187050595e8	0.
0.000018541926162607836	7.195354728771182e-12	-2.6297781130230417e6	8.307127800021026e8	0.
0.0000136784701199566	7.195354728771182e-12	-1.9715075505076272e6	7.068366207092996e8	0.
0.000018693909163940688	7.195354728771182e-12	-2.6504875655353367e6	8.342879856568592e8	0.
0.000013830453121289452	7.195354728771182e-12	-1.9919079587132654e6	7.110298559577786e8	0.
0.00001884589216527354	7.195354728771182e-12	-2.6712032984366408e6	8.378477920464535e8	0.
0.000013982436122622304	7.195354728771182e-12	-2.0123225195783412e6	7.1519918534339e8	0.
0.00001899787516660639	7.195354728771182e-12	-2.691925172255662e6	8.413924126189799e8	0.
0.000014134419123955154	7.195354728771182e-12	-2.0327508348827928e6	7.193449690074095e8	0.
0.00001914985816793924	7.195354728771182e-12	-2.712653051539817e6	8.449220231141975e8	0.
0.000014286402125288006	7.195354728771182e-12	-2.0531925206822127e6	7.234675730022097e8	0.
0.000019301841169272092	7.195354728771182e-12	-2.733386804714491e6	8.484368048351184e8	0.
0.000014438385126620856	7.195354728771182e-12	-2.0736472066985029e6	7.275673263561517e8	0.
0.000019453824170604944	7.195354728771182e-12	-2.7541263039480285e6	8.519369355981759e8	0.
0.000014590368127953708	7.195354728771182e-12	-2.094114535740098e6	7.316445801390635e8	0.
0.000019605807171937795	7.195354728771182e-12	-2.774871425022214e6	8.554225894770025e8	0.
0.00001474235112928656	7.195354728771182e-12	-2.1145941631501755e6	7.35699666082319e8	0.
0.000019757790173270647	7.195354728771182e-12	-2.795622047207977e6	8.588939378016871e8	0.
0.00001489433413061941	7.195354728771182e-12	-2.1350857562813773e6	7.397328913928301e8	0.
0.000019909773174603496	7.195354728771182e-12	-2.816378053146084e6	8.623511487916743e8	0.
0.000015046317131952261	7.195354728771182e-12	-2.1555889939956497e6	7.437446037981093e8	0.
0.000020061756175936347	7.195354728771182e-12	-2.837139328732596e6	8.657943795402641e8	0.
0.000015198300133285111	7.195354728771182e-12	-2.176103566187863e6	7.477350890566549e8	0.
0.0000202137391772692	7.195354728771182e-12	-2.85790576300887e6	8.692238145974568e8	0.
0.00001535028313461796	7.195354728771182e-12	-2.196629173331988e6	7.517046602918186e8	0.
0.00002036572217860205	7.195354728771182e-12	-2.878677248055904e6	8.726395909851196e8	0.
0.000020517705179934903	7.195354728771182e-12	-2.8994536788928285e6	8.76041871884097e8	0.
0.00002553314422391899	7.195354728771182e-12	-3.587301291160455e6	9.816253732291679e8	0.
0.00002066968818126775	7.195354728771182e-12	-2.9202349533793638e6	8.794308108629911e8	0.
0.00002568512722525184	7.195354728771182e-12	-3.6081992839187942e6	9.846450507685649e8	0.
0.000020821671182600603	7.195354728771182e-12	-2.9410209721220634e6	8.828065678546302e8	0.
0.00002583711022658469	7.195354728771182e-12	-3.6290998339150073e6	9.876553083740283e8	0.
0.000020973654183933455	7.195354728771182e-12	-2.9618116383841746e6	8.86169248718537e8	0.
0.00002598909322791754	7.195354728771182e-12	-3.650002898134501e6	9.90656232578099e8	0.
0.000021125637185266307	7.195354728771182e-12	-2.98260685799897e6	8.895190620014244e8	0.
0.000026141076229250393	7.195354728771182e-12	-3.6709084345119027e6	9.936479223024619e8	0.
0.00002127762018659916	7.195354728771182e-12	-3.0034065392863755e6	8.92856106852108e8	0.
0.000026293059230583244	7.195354728771182e-12	-3.691816401905304e6	9.966304544248354e8	0.
0.000021429603187932007	7.195354728771182e-12	-3.024210592972781e6	8.961805438850387e8	0.
0.000026445042231916096	7.195354728771182e-12	-3.7127267600713256e6	9.996039114716194e8	0.
0.00002158158618926486	7.195354728771182e-12	-3.0450189321138696e6	8.994925108282688e8	0.
0.000026597025233248945	7.195354728771182e-12	-3.733639469640977e6	1.0025683754077208e9	0.
0.00002173356919059771	7.195354728771182e-12	-3.0658314720203495e6	9.02792123424793e8	0.
0.000026749008234581796	7.195354728771182e-12	-3.7545544920962835e6	1.0055239256733581e9	0.
0.000021885552191930562	7.195354728771182e-12	-3.086648130186467e6	9.060795419222687e8	0.
0.000026900991235914648	7.195354728771182e-12	-3.7754717897476484e6	1.008470641880465e9	0.
0.000022037535193263414	7.195354728771182e-12	-3.107468826221167e6	9.09354869757385e8	0.
0.0000270529742372475	7.195354728771182e-12	-3.7963913257119283e6	1.0114085956148655e9	0.
0.000022189518194596263	7.195354728771182e-12	-3.128293481781812e6	9.126182632257304e8	0.
0.000027204957238580352	7.195354728771182e-12	-3.8173130638911948e6	1.0143378826747602e9	0.
0.000022341501195929114	7.195354728771182e-12	-3.1491220205103257e6	9.158698281721941e8	0.
0.0000273569402399132	7.195354728771182e-12	-3.8382369689521515e6	1.0172585597762753e9	0.
0.000022493484197261966	7.195354728771182e-12	-3.169954367971681e6	9.19109696234136e8	0.
0.000027508923241246052	7.195354728771182e-12	-3.859163006306198e6	1.0201707081630582e9	0.
0.000022645467198594818	7.195354728771182e-12	-3.190790451594625e6	9.223379895527626e8	0.
0.000027660906242578904	7.195354728771182e-12	-3.880091142090098e6	1.0230744009062465e9	0.
0.00002279745019992767	7.195354728771182e-12	-3.2116302006145464e6	9.255548284431219e8	0.
0.000027812889243911756	7.195354728771182e-12	-3.9010213431472476e6	1.0259697048044441e9	0.
0.000022949433201260518	7.195354728771182e-12	-3.232473546018402e6	9.287603316529013e8	0.
0.000027964872245244608	7.195354728771182e-12	-3.921953577009513e6	1.0288567106668601e9	0.
0.00002310141620259337	7.195354728771182e-12	-3.2533204204916195e6	9.319546155518214e8	0.
0.000028116855246577456	7.195354728771182e-12	-3.942887811879617e6	1.0317354697438184e9	0.
0.000023253399203926222	7.195354728771182e-12	-3.2741707583668814e6	9.35137794295722e8	0.
0.000028268838247910308	7.195354728771182e-12	-3.9638240166140664e6	1.0346060577093709e9	0.
0.000023405382205259074	7.195354728771182e-12	-3.2950244955747365e6	9.383099805681769e8	0.
0.00002842082124924316	7.195354728771182e-12	-3.984762160706584e6	1.0374685514623505e9	0.
0.000023557365206591925	7.195354728771182e-12	-3.315881569595945e6	9.414712780765407e8	0.
0.00002857280425057601	7.195354728771182e-12	-4.005702214272042e6	1.040322988955118e9	0.
0.000023709348207924774	7.195354728771182e-12	-3.336741919415496e6	9.446218041394341e8	0.
0.000028724787251908863	7.195354728771182e-12	-4.0266441480308753e6	1.043169473060512e9	0.
0.000023861331209257626	7.195354728771182e-12	-3.357605485478233e6	9.477616781498182e8	0.
0.00002887677025324171	7.195354728771182e-12	-4.047587933293955e6	1.0460080555577285e9	0.
0.000024013314210590477	7.195354728771182e-12	-3.378472209646012e6	9.508909796716079e8	0.
0.000029028753254574563	7.195354728771182e-12	-4.0685335419479115e6	1.0488388013243097e9	0.
0.00002416529721192333	7.195354728771182e-12	-3.39934203515635e6	9.540098383756652e8	0.
0.000029180736255907415	7.195354728771182e-12	-4.089480946440885e6	1.0516617748441408e9	0.
0.00002431728021325618	7.195354728771182e-12	-3.4202149065824836e6	9.571183309469129e8	0.
0.000029332719257240267	7.195354728771182e-12	-4.1104301197686987e6	1.0544770394351608e9	0.
0.00002446926321458903	7.195354728771182e-12	-3.441090769794799e6	9.602165842156445e8	0.
0.00002948470225857312	7.195354728771182e-12	-4.131381035461431e6	1.0572846511301421e9	0.
0.00002462124621592188	7.195354728771182e-12	-3.461969571923573e6	9.633046778837137e8	0.
0.000029636685259905967	7.195354728771182e-12	-4.15233366757038e6	1.0600846969371953e9	0.
0.000024773229217254733	7.195354728771182e-12	-3.4828512613229705e6	9.663827231338031e8	0.
0.00002978866826123882	7.195354728771182e-12	-4.1732879906554027e6	1.0628771987542008e9	0.
0.000024925212218587585	7.195354728771182e-12	-3.50373578753626e6	9.694507935326202e8	0.
0.00002994065126257167	7.195354728771182e-12	-4.1942439797726194e6	1.0656622431924759e9	0.
0.000025077195219920433	7.195354728771182e-12	-3.5246231012621894e6	9.725090065968671e8	0.
0.000030092634263904523	7.195354728771182e-12	-4.21520161046247e6	1.0684398830519598e9	0.
0.000025229178221253285	7.195354728771182e-12	-3.545513154322485e6	9.755574475009235e8	0.
0.000030244617265237375	7.195354728771182e-12	-4.236160858738109e6	1.0712101701335067e9	0.
0.000025381161222586137	7.195354728771182e-12	-3.5664058996304255e6	9.785962086464734e8	0.
0.000030396600266570223	7.195354728771182e-12	-4.257121701074134e6	1.0739731815349152e9	0.
