# Filename	C:\Users\edmag\Documents\Work\2D-Comp-Model\computation\Turning Timeresults\2018-02-05T05-36-26.txt
# Source	C:\Users\edmag\Documents\Work\2D-Comp-Model\computation\Turning Time\turning.nb
# Note	1D calculation of turning time vs. field and orbit energy.
# Date	2018-02-05T05:36:26
# Dir	-1
# field	3.7921464111091366e-11
# zi	-6.
W	field	zt	t	argt
-0.000030396600266570223	3.7921464111091366e-11	-31648.805308732073	6.166728117714208e6	0.
-0.000025229178221253285	3.7921464111091366e-11	-37520.615386404636	7.916107111397263e6	0.
-0.000030244617265237375	3.7921464111091366e-11	-31796.125387831376	6.209038879962232e6	0.
-0.000025077195219920433	3.7921464111091366e-11	-37724.78191066307	7.979142314997989e6	0.
-0.000030092634263904523	3.7921464111091366e-11	-31944.772047627583	6.251818060394157e6	0.
-0.000024925212218587585	3.7921464111091366e-11	-37931.06692947219	8.042974878012685e6	0.
-0.00002994065126257167	3.7921464111091366e-11	-32094.762585096818	6.295063532412068e6	-5.36515078334399e-7
-0.000024773229217254733	3.7921464111091366e-11	-38139.50176276658	8.107615874398885e6	0.
-0.00002978866826123882	3.7921464111091366e-11	-32246.114586376225	6.338797463980776e6	0.
-0.00002462124621592188	3.7921464111091366e-11	-38350.11831234072	8.173081671813458e6	0.
-0.000029636685259905967	3.7921464111091366e-11	-32398.845932536296	6.383019776364796e6	0.
-0.00002446926321458903	3.7921464111091366e-11	-38562.949074397424	8.239383795539689e6	0.
-0.00002948470225857312	3.7921464111091366e-11	-32552.97480548293	6.427737488226197e6	0.
-0.00002431728021325618	3.7921464111091366e-11	-38778.02715239007	8.306537660069726e6	0.
-0.000029332719257240267	3.7921464111091366e-11	-32708.519693994458	6.472959965163945e6	0.
-0.00002416529721192333	3.7921464111091366e-11	-38995.386270163945	8.374558594388052e6	0.
-0.000029180736255907415	3.7921464111091366e-11	-32865.49939989439	6.51869306267049e6	0.
-0.000024013314210590477	3.7921464111091366e-11	-39215.060785403904	8.443459000853524e6	0.
-0.000029028753254574563	3.7921464111091366e-11	-33023.933044365745	6.56494559472812e6	0.
-0.000023861331209257626	3.7921464111091366e-11	-39437.0857033963	8.513256214303134e6	0.
-0.00002887677025324171	3.7921464111091366e-11	-33183.840074408334	6.611725511412235e6	0.
-0.000023709348207924774	3.7921464111091366e-11	-39661.496691110195	8.583964359470226e6	0.
-0.000028724787251908863	3.7921464111091366e-11	-33345.2402694436	6.659040519149406e6	0.
-0.000023557365206591925	3.7921464111091366e-11	-39888.33009160718	8.65559898349033e6	0.
-0.00002857280425057601	3.7921464111091366e-11	-33508.153748070625	6.706899013295778e6	0.
-0.000023405382205259074	3.7921464111091366e-11	-40117.62293878572	8.728177387511102e6	0.
-0.00002842082124924316	3.7921464111091366e-11	-33672.6009749764	6.755309681328838e6	0.
-0.000023253399203926222	3.7921464111091366e-11	-40349.41297246738	8.80171429333355e6	0.
-0.000028268838247910308	3.7921464111091366e-11	-33838.60276800453	6.804282908160988e6	0.
-0.00002310141620259337	3.7921464111091366e-11	-40583.73865383359	8.87622723880449e6	0.
-0.000028116855246577456	3.7921464111091366e-11	-34006.18030538625	6.853820589545447e6	0.
-0.000022949433201260518	3.7921464111091366e-11	-40820.63918121906	8.951733242368778e6	0.
-0.000027964872245244608	3.7921464111091366e-11	-34175.35513313785	6.903938049230197e6	0.
-0.00002279745019992767	3.7921464111091366e-11	-41060.15450627033	9.028249293080462e6	0.
-0.000027812889243911756	3.7921464111091366e-11	-34346.14917262793	6.954643373741155e6	0.
-0.000022645467198594818	3.7921464111091366e-11	-41302.32535047719	9.10579375193273e6	0.
-0.000027660906242578904	3.7921464111091366e-11	-34518.58472831901	7.005944228765108e6	0.
-0.000022493484197261966	3.7921464111091366e-11	-41547.19322208433	9.184384119174229e6	0.
-0.000027508923241246052	3.7921464111091366e-11	-34692.6844956885	7.057851456790421e6	0.
-0.000022341501195929114	3.7921464111091366e-11	-41794.80043339158	9.264038335142685e6	0.
-0.0000273569402399132	3.7921464111091366e-11	-34868.471569331654	7.110373484951946e6	0.
-0.000022189518194596263	3.7921464111091366e-11	-42045.190118450606	9.344777345568394e6	0.
-0.000027204957238580352	3.7921464111091366e-11	-35045.96945125277	7.1635202600251e6	0.
-0.000022037535193263414	3.7921464111091366e-11	-42298.40625116548	9.426617382509546e6	0.
-0.0000270529742372475	3.7921464111091366e-11	-35225.20205934799	7.217302230996154e6	0.
-0.000021885552191930562	3.7921464111091366e-11	-42554.493663806454	9.509580863388946e6	0.
-0.000026900991235914648	3.7921464111091366e-11	-35406.1937360847	7.2717305133734085e6	0.
-0.00002173356919059771	3.7921464111091366e-11	-42813.49806594337	9.59368562715962e6	0.
-0.000026749008234581796	3.7921464111091366e-11	-35588.96925738238	7.32681175547788e6	0.
-0.00002158158618926486	3.7921464111091366e-11	-43075.46606380857	9.678954265367182e6	0.
-0.000026597025233248945	3.7921464111091366e-11	-35773.553841700006	7.382560885223845e6	0.
-0.000021429603187932007	3.7921464111091366e-11	-43340.44518009568	9.765407170844074e6	0.
-0.000026445042231916096	3.7921464111091366e-11	-35959.973159334026	7.438984825587603e6	0.
-0.00002127762018659916	3.7921464111091366e-11	-43608.48387420389	9.853064458918996e6	0.
-0.000026293059230583244	3.7921464111091366e-11	-36148.25334193351	7.496097586716233e6	0.
-0.000021125637185266307	3.7921464111091366e-11	-43879.63156293505	9.941947783912718e6	0.
-0.000026141076229250393	3.7921464111091366e-11	-36338.42099223589	7.553908878003815e6	0.
-0.000020973654183933455	3.7921464111091366e-11	-44153.93864165175	1.0032081087275906e7	0.
-0.00002598909322791754	3.7921464111091366e-11	-36530.50319403038	7.612430514055934e6	0.
-0.000020821671182600603	3.7921464111091366e-11	-44431.456505904374	1.0123486779026922e7	0.
-0.00002583711022658469	3.7921464111091366e-11	-36724.52752235306	7.671674245104008e6	0.
-0.00002066968818126775	3.7921464111091366e-11	-44712.23757353523	1.021618860531941e7	0.
-0.00002568512722525184	3.7921464111091366e-11	-36920.522053919965	7.731651539450996e6	0.
-0.000020517705179934903	3.7921464111091366e-11	-44996.335307267465	1.0310206991175866e7	0.
-0.00002553314422391899	3.7921464111091366e-11	-37118.51537780373	7.792374443893476e6	0.
-0.00002036572217860205	3.7921464111091366e-11	-45283.804237787015	1.0405569731030455e7	0.
-0.000025381161222586137	3.7921464111091366e-11	-37318.536606359274	7.853855597205907e6	0.
-0.0000202137391772692	3.7921464111091366e-11	-45574.69998732381	1.0502300273295565e7	0.
-0.000020061756175936347	3.7921464111091366e-11	-45869.07929374144	1.0600424251534544e7	0.
-0.00001489433413061941	3.7921464111091366e-11	-58443.33502057203	1.4987215149198614e7	0.
-0.000019909773174603496	3.7921464111091366e-11	-46167.000035141085	1.0699967055888282e7	0.
-0.00001474235112928656	3.7921464111091366e-11	-58906.142510103644	1.5155076383514648e7	0.
-0.000019757790173270647	3.7921464111091366e-11	-46468.5212549876	1.0800955250298921e7	0.
-0.000014590368127953708	3.7921464111091366e-11	-59375.46708625169	1.532570524079879e7	0.
-0.000019605807171937795	3.7921464111091366e-11	-46773.70318776391	1.0903415653174385e7	0.
-0.000014438385126620856	3.7921464111091366e-11	-59851.42865471845	1.549915442859726e7	0.
-0.000019453824170604944	3.7921464111091366e-11	-47082.60728516043	1.100737579935228e7	0.
-0.000014286402125288006	3.7921464111091366e-11	-60334.149542859275	1.5675480566022398e7	0.
-0.000019301841169272092	3.7921464111091366e-11	-47395.29624280565	1.1112864018055683e7	0.
-0.000014134419123955154	3.7921464111091366e-11	-60823.754541374205	1.5854739736908128e7	0.
-0.00001914985816793924	3.7921464111091366e-11	-47711.83402754326	1.1219908910766609e7	0.
-0.000013982436122622304	3.7921464111091366e-11	-61320.37094591389	1.603698999774598e7	0.
-0.00001899787516660639	3.7921464111091366e-11	-48032.2859052615	1.13285383100673e7	0.
-0.000013830453121289452	3.7921464111091366e-11	-61824.128598526855	1.6222289899921043e7	0.
-0.00001884589216527354	3.7921464111091366e-11	-48356.71846927951	1.143878470243468e7	0.
-0.0000136784701199566	3.7921464111091366e-11	-62335.15992886979	1.6410700169657813e7	0.
-0.000018693909163940688	3.7921464111091366e-11	-48685.19966929418	1.1550676291692888e7	0.
-0.00001352648711862375	3.7921464111091366e-11	-62853.59999509683	1.6602280868879111e7	0.
-0.000018541926162607836	3.7921464111091366e-11	-49017.79884089273	1.1664246491299275e7	0.
-0.000013374504117290898	3.7921464111091366e-11	-63379.586524337756	1.679709531839273e7	0.
-0.000018389943161274984	3.7921464111091366e-11	-49354.586735632176	1.1779525457308965e7	0.
-0.000013222521115958048	3.7921464111091366e-11	-63913.25995266767	1.699520536948429e7	0.
-0.000018237960159942136	3.7921464111091366e-11	-49695.63555168991	1.1896546773266388e7	0.
-0.000013070538114625196	3.7921464111091366e-11	-64454.76346446557	1.719667708113333e7	0.
-0.000018085977158609284	3.7921464111091366e-11	-50041.01896508536	1.2015342730269326e7	0.
-0.000012918555113292345	3.7921464111091366e-11	-65004.24303104994	1.740157471292554e7	0.
-0.000017933994157276432	3.7921464111091366e-11	-50390.81216147453	1.2135947896543305e7	0.
-0.000012766572111959494	3.7921464111091366e-11	-65561.84744847464	1.7609965943635106e7	0.
-0.00001778201115594358	3.7921464111091366e-11	-50745.091868516705	1.2258397536119595e7	0.
-0.000012614589110626643	3.7921464111091366e-11	-66127.72837435847	1.7821918897200756e7	0.
-0.00001763002815461073	3.7921464111091366e-11	-51103.93638881205	1.2382726137559764e7	0.
-0.000012462606109293792	3.7921464111091366e-11	-66702.0403636151	1.803750150768846e7	0.
-0.00001747804515327788	3.7921464111091366e-11	-51467.4256334083	1.2508970152000967e7	0.
-0.00001231062310796094	3.7921464111091366e-11	-67284.94090294198	1.8256786033069953e7	0.
-0.00001732606215194503	3.7921464111091366e-11	-51835.641155872436	1.263716653516355e7	0.
-0.00001215864010662809	3.7921464111091366e-11	-67876.59044391665	1.847984201135424e7	0.
-0.000017174079150612177	3.7921464111091366e-11	-52208.666186922914	1.2767353174344383e7	0.
-0.000012006657105295239	3.7921464111091366e-11	-68477.15243454301	1.8706743387828987e7	0.
-0.000017022096149279325	3.7921464111091366e-11	-52586.585669616165	1.2899569094813423e7	0.
-0.000011854674103962387	3.7921464111091366e-11	-69086.79334907758	1.893756234190508e7	0.
-0.000016870113147946473	3.7921464111091366e-11	-52969.48629507957	1.3033852060351066e7	0.
-0.000011702691102629537	3.7921464111091366e-11	-69705.68271595983	1.9172375996073052e7	0.
-0.000016718130146613624	3.7921464111091366e-11	-53357.45653878217	1.31702440820711e7	0.
-0.000011550708101296685	3.7921464111091366e-11	-70333.9931436583	1.941125890591575e7	0.
-0.000016566147145280773	3.7921464111091366e-11	-53750.58669733095	1.3308785246797575e7	0.
-0.000011398725099963835	3.7921464111091366e-11	-70971.90034423704	1.965428856644023e7	0.
-0.00001641416414394792	3.7921464111091366e-11	-54148.96892578103	1.344951779256603e7	0.
-0.000011246742098630983	3.7921464111091366e-11	-71619.5831544352	1.990154304043498e7	0.
-0.00001626218114261507	3.7921464111091366e-11	-54552.69727544388	1.3592483110243304e7	0.
-0.000011094759097298131	3.7921464111091366e-11	-72277.2235540435	2.0153102189478796e7	0.
-0.000016110198141282217	3.7921464111091366e-11	-54961.8677321772	1.373772729037116e7	0.
-0.000010942776095965281	3.7921464111091366e-11	-72945.00668135131	2.0409046537548825e7	0.
-0.00001595821513994937	3.7921464111091366e-11	-55376.578255136075	1.3885293341909068e7	0.
-0.00001079079309463243	3.7921464111091366e-11	-73623.12084542746	2.0669457777743094e7	0.
-0.000015806232138616517	3.7921464111091366e-11	-55796.9288159648	1.4035226471964404e7	0.
-0.00001063881009329958	3.7921464111091366e-11	-74311.75753498834	2.0934415821880385e7	0.
-0.000015654249137283665	3.7921464111091366e-11	-56223.02143840369	1.4187573819629347e7	0.
-0.000010486827091966727	3.7921464111091366e-11	-75011.11142359699	2.1204007409248564e7	0.
-0.000015502266135950813	3.7921464111091366e-11	-56654.96023828417	1.4342382530528579e7	0.
-0.000010334844090633876	3.7921464111091366e-11	-75721.3803709253	2.1478315887921333e7	0.
-0.00001535028313461796	3.7921464111091366e-11	-57092.851463881576	1.4499701697040992e7	0.
-0.000010182861089301025	3.7921464111091366e-11	-76442.76541980474	2.1757427249718193e7	0.
-0.000015198300133285111	3.7921464111091366e-11	-57536.80353659201	1.4659579711328128e7	0.
-0.000010030878087968174	3.7921464111091366e-11	-77175.47078877859	2.2041425337917816e7	0.
-0.000015046317131952261	3.7921464111091366e-11	-57986.927091896556	1.482206686175465e7	0.
-9.878895086635324e-6	3.7921464111091366e-11	-77919.70385986184	2.233039999001831e7	0.
-9.726912085302472e-6	3.7921464111091366e-11	-78675.67516120421	2.262443748897256e7	0.
-4.559490039985534e-6	3.7921464111091366e-11	-113042.52800296577	3.6270645642988905e7	0.
-9.57492908396962e-6	3.7921464111091366e-11	-79443.59834434617	2.292362782465436e7	0.
-4.407507038652682e-6	3.7921464111091366e-11	-114360.96622070203	3.6796498609036274e7	0.
-9.42294608263677e-6	3.7921464111091366e-11	-80223.69015574765	2.3228058433246836e7	0.
-4.255524037319831e-6	3.7921464111091366e-11	-115700.04364923229	3.733022622545132e7	0.
-9.270963081303918e-6	3.7921464111091366e-11	-81016.17040226521	2.353781930615901e7	0.
-4.10354103598698e-6	3.7921464111091366e-11	-117060.00078858952	3.7871856959679276e7	0.
-9.118980079971068e-6	3.7921464111091366e-11	-81821.2619102453	2.3853002760246888e7	0.
-3.951558034654129e-6	3.7921464111091366e-11	-118441.07416085666	3.842141903413784e7	0.
-8.966997078638216e-6	3.7921464111091366e-11	-82639.19047789779	2.417369807305898e7	0.
-3.799575033321278e-6	3.7921464111091366e-11	-119843.4959425788	3.8978933816547595e7	0.
-8.815014077305364e-6	3.7921464111091366e-11	-83470.18482061077	2.4499996539256606e7	0.
-3.647592031988427e-6	3.7921464111091366e-11	-121267.49359381475	3.954441664823054e7	0.
-8.663031075972514e-6	3.7921464111091366e-11	-84314.476508864	2.483198974851609e7	0.
-3.495609030655576e-6	3.7921464111091366e-11	-122713.28948493864	4.011787786676489e7	0.
-8.511048074639662e-6	3.7921464111091366e-11	-85172.29989839884	2.516976946785661e7	0.
-3.3436260293227246e-6	3.7921464111091366e-11	-124181.10052236647	4.069932234782835e7	0.
-8.359065073306812e-6	3.7921464111091366e-11	-86043.89205230259	2.551342750120731e7	0.
-3.1916430279898736e-6	3.7921464111091366e-11	-125671.1377744422	4.128874911026242e7	0.
-8.20708207197396e-6	3.7921464111091366e-11	-86929.49265466855	2.5863056339422982e7	0.
-3.0396600266570226e-6	3.7921464111091366e-11	-127183.60609877239	4.188614994798627e7	0.
-8.055099070641109e-6	3.7921464111091366e-11	-87829.34391549657	2.6218745975739677e7	0.
-2.8876770253241713e-6	3.7921464111091366e-11	-128718.70377234623	4.249151269425176e7	0.
-7.903116069308259e-6	3.7921464111091366e-11	-88743.69046650735	2.658058898079615e7	0.
-2.7356940239913203e-6	3.7921464111091366e-11	-130276.62212581889	4.3104817655573376e7	0.
-7.751133067975407e-6	3.7921464111091366e-11	-89672.77924755066	2.6948676798122257e7	0.
-2.583711022658469e-6	3.7921464111091366e-11	-131857.54518337	4.372603844895475e7	0.
-7.599150066642556e-6	3.7921464111091366e-11	-90616.85938330098	2.732309893426112e7	0.
-2.431728021325618e-6	3.7921464111091366e-11	-133461.64930957372	4.435514302670327e7	0.
-7.447167065309705e-6	3.7921464111091366e-11	-91576.18204994763	2.770394641376467e7	0.
-2.279745019992767e-6	3.7921464111091366e-11	-135089.1028647331	4.49920909183006e7	0.
-7.295184063976854e-6	3.7921464111091366e-11	-92551.00033160285	2.809130832721894e7	0.
-2.1277620186599156e-6	3.7921464111091366e-11	-136740.06587013823	4.5636837549175255e7	0.
-7.143201062644003e-6	3.7921464111091366e-11	-93541.56906617238	2.8485272256182667e7	0.
-1.9757790173270646e-6	3.7921464111091366e-11	-138414.68968470272	4.628932963886076e7	0.
-6.991218061311152e-6	3.7921464111091366e-11	-94548.14468045557	2.888592609176165e7	0.
-1.8237960159942135e-6	3.7921464111091366e-11	-140113.1166944211	4.694950936026696e7	0.
-6.8392350599783e-6	3.7921464111091366e-11	-95570.98501426831	2.929335624334512e7	0.
-1.6718130146613623e-6	3.7921464111091366e-11	-141835.4800160618	4.76173101004937e7	0.
-6.687252058645449e-6	3.7921464111091366e-11	-96610.34913341237	2.9707646352745965e7	0.
-1.5198300133285113e-6	3.7921464111091366e-11	-143581.90321647748	4.829265968551819e7	0.
-6.535269057312598e-6	3.7921464111091366e-11	-97666.49713134786	3.012888061071303e7	0.
-1.3678470119956601e-6	3.7921464111091366e-11	-145352.50004886484	4.897547938563151e7	0.
-6.383286055979747e-6	3.7921464111091366e-11	-98739.68991946208	3.0557139955114186e7	0.
-1.215864010662809e-6	3.7921464111091366e-11	-147147.37420724955	4.966568174351915e7	0.
-6.231303054646896e-6	3.7921464111091366e-11	-99830.18900586906	3.0992504258664977e7	0.
-1.0638810093299578e-6	3.7921464111091366e-11	-148966.61910040313	5.0363176542219065e7	0.
-6.079320053314045e-6	3.7921464111091366e-11	-100938.25626271793	3.143505003099171e7	0.
-9.118980079971067e-7	3.7921464111091366e-11	-150810.31764631826	5.106786293434529e7	0.
-5.9273370519811935e-6	3.7921464111091366e-11	-102064.15368203638	3.188485329068384e7	0.
-7.599150066642557e-7	3.7921464111091366e-11	-152678.54208828218	5.177963691976528e7	0.
-5.7753540506483425e-6	3.7921464111091366e-11	-103208.14312018675	3.2341986285891585e7	0.
-6.079320053314045e-7	3.7921464111091366e-11	-154571.353833487	5.249838661527598e7	0.
-5.6233710493154915e-6	3.7921464111091366e-11	-104370.48603106737	3.2806518758114826e7	0.
-4.5594900399855336e-7	3.7921464111091366e-11	-156488.80331501103	5.322399503566084e7	0.
-5.4713880479826406e-6	3.7921464111091366e-11	-105551.44318825062	3.3278517847187597e7	0.
-3.0396600266570224e-7	3.7921464111091366e-11	-158430.92987788943	5.3956339652901955e7	0.
-5.31940504664979e-6	3.7921464111091366e-11	-106751.2743963101	3.375804774654409e7	0.
-1.5198300133285112e-7	3.7921464111091366e-11	-160397.76168987164	5.46952878651626e7	0.
-5.167422045316938e-6	3.7921464111091366e-11	-107970.23819165476	3.4245168262639776e7	0.
0.	3.7921464111091366e-11	-162389.3156773371	5.544070902477103e7	0.
-5.015439043984087e-6	3.7921464111091366e-11	-109208.5915332551	3.473993722603633e7	0.
1.5198300133285112e-7	3.7921464111091366e-11	-164405.59748670732	5.6192461711070694e7	0.
-4.863456042651236e-6	3.7921464111091366e-11	-110466.58948371602	3.524240745663906e7	0.
3.0396600266570224e-7	3.7921464111091366e-11	-166446.60147156075	5.695040068273418e7	0.
-4.711473041318385e-6	3.7921464111091366e-11	-111744.48488122359	3.5752628147529826e7	0.
5.4713880479826406e-6	3.7921464111091366e-11	-249833.5318743347	8.517895164482671e7	0.
4.5594900399855336e-7	3.7921464111091366e-11	-168512.31070551806	5.771437612961765e7	0.
5.6233710493154915e-6	3.7921464111091366e-11	-252660.41051398718	8.604448331196608e7	0.
6.079320053314045e-7	3.7921464111091366e-11	-170602.69702082968	5.8484234263074405e7	0.
5.7753540506483425e-6	3.7921464111091366e-11	-255505.90339994218	8.691007322971751e7	0.
7.599150066642557e-7	3.7921464111091366e-11	-172717.72107246052	5.925981650706932e7	0.
5.9273370519811935e-6	3.7921464111091366e-11	-258369.7497586275	8.777558972080402e7	0.
9.118980079971067e-7	3.7921464111091366e-11	-174857.3324273323	6.004096038092685e7	0.
6.079320053314045e-6	3.7921464111091366e-11	-261251.68813614474	8.864090109640934e7	0.
1.0638810093299578e-6	3.7921464111091366e-11	-177021.4696782528	6.082749780007356e7	0.
6.231303054646896e-6	3.7921464111091366e-11	-264151.4566761315	8.950587617770019e7	0.
1.215864010662809e-6	3.7921464111091366e-11	-179210.06058193493	6.161926209086975e7	0.
6.383286055979747e-6	3.7921464111091366e-11	-267068.7933865602	9.037039455645227e7	0.
1.3678470119956601e-6	3.7921464111091366e-11	-181423.02222038584	6.241607772520609e7	0.
6.535269057312598e-6	3.7921464111091366e-11	-270003.43639528163	9.123433268626145e7	0.
1.5198300133285113e-6	3.7921464111091366e-11	-183660.2611848342	6.321777205138764e7	0.
6.687252058645449e-6	3.7921464111091366e-11	-272955.1241941818	9.20975787013608e7	0.
1.6718130146613623e-6	3.7921464111091366e-11	-185921.67378125415	6.402416433587099e7	0.
6.8392350599783e-6	3.7921464111091366e-11	-275923.59587187343	9.29600177477998e7	0.
1.8237960159942135e-6	3.7921464111091366e-11	-188207.14625644914	6.483507767804797e7	0.
6.991218061311152e-6	3.7921464111091366e-11	-278908.5913348964	9.382154232161565e7	0.
1.9757790173270646e-6	3.7921464111091366e-11	-190516.55504356645	6.565032844105893e7	0.
7.143201062644003e-6	3.7921464111091366e-11	-281909.8515174489	9.468204973974574e7	0.
2.1277620186599156e-6	3.7921464111091366e-11	-192849.7670258376	6.646973423900713e7	0.
7.295184063976854e-6	3.7921464111091366e-11	-284927.11857971497	9.554143396306467e7	0.
2.279745019992767e-6	3.7921464111091366e-11	-195206.63981726815	6.729311031794302e7	0.
7.447167065309705e-6	3.7921464111091366e-11	-287960.1360948954	9.639960406955272e7	0.
2.431728021325618e-6	3.7921464111091366e-11	-197587.02205894442	6.812027221633735e7	0.
7.599150066642556e-6	3.7921464111091366e-11	-291008.64922508446	9.725646676099634e7	0.
2.583711022658469e-6	3.7921464111091366e-11	-199990.7537295764	6.895103356114416e7	0.
7.751133067975407e-6	3.7921464111091366e-11	-294072.40488616977	9.811193052511403e7	0.
2.7356940239913203e-6	3.7921464111091366e-11	-202417.66646886093	6.978520903250583e7	0.
7.903116069308259e-6	3.7921464111091366e-11	-297151.1519019622	9.896591245478833e7	0.
2.8876770253241713e-6	3.7921464111091366e-11	-204867.58391222396	7.062261447664149e7	0.
8.055099070641109e-6	3.7921464111091366e-11	-300244.64114778704	9.981832901279615e7	0.
3.0396600266570226e-6	3.7921464111091366e-11	-207340.32203548576	7.146306261566554e7	0.
8.20708207197396e-6	3.7921464111091366e-11	-303352.6256837947	1.0066910259703746e8	0.
3.1916430279898736e-6	3.7921464111091366e-11	-209835.68950799125	7.230637138467261e7	0.
8.359065073306812e-6	3.7921464111091366e-11	-306474.8608782644	1.015181580051889e8	0.
3.3436260293227246e-6	3.7921464111091366e-11	-212353.4880527512	7.315235518361875e7	0.
8.511048074639662e-6	3.7921464111091366e-11	-309611.10452119634	1.023654258736574e8	0.
3.495609030655576e-6	3.7921464111091366e-11	-214893.51281215905	7.400083425879273e7	0.
8.663031075972514e-6	3.7921464111091366e-11	-312761.11692849715	1.0321083648853141e8	0.
3.647592031988427e-6	3.7921464111091366e-11	-217455.55271787083	7.485162638592975e7	0.
8.815014077305364e-6	3.7921464111091366e-11	-315924.6610370796	1.0405432592965779e8	0.
3.799575033321278e-6	3.7921464111091366e-11	-220039.39086347053	7.570455341715953e7	0.
8.966997078638216e-6	3.7921464111091366e-11	-319101.5024912023	1.04895832952959e8	0.
3.951558034654129e-6	3.7921464111091366e-11	-222644.8048785841	7.655943936336431e7	0.
9.118980079971068e-6	3.7921464111091366e-11	-322291.4097203855	1.0573529925900836e8	0.
4.10354103598698e-6	3.7921464111091366e-11	-225271.5673031526	7.741610829608563e7	0.
9.270963081303918e-6	3.7921464111091366e-11	-325494.154009241	1.0657266800964357e8	0.
4.255524037319831e-6	3.7921464111091366e-11	-227919.445960631	7.827438824631564e7	0.
9.42294608263677e-6	3.7921464111091366e-11	-328709.5095595592	1.074078933179223e8	0.
4.407507038652682e-6	3.7921464111091366e-11	-230588.20432893644	7.913411051179361e7	0.
9.57492908396962e-6	3.7921464111091366e-11	-331937.25354499335	1.082409180585844e8	0.
4.559490039985534e-6	3.7921464111091366e-11	-233277.60190803587	7.999510971819901e7	0.
9.726912085302472e-6	3.7921464111091366e-11	-335177.1661586871	1.0907169931928802e8	0.
4.711473041318385e-6	3.7921464111091366e-11	-235987.39458312938	8.085722032111901e7	0.
9.878895086635324e-6	3.7921464111091366e-11	-338429.0306541804	1.0990019405005538e8	0.
4.863456042651236e-6	3.7921464111091366e-11	-238717.33498245745	8.172028246099432e7	0.
0.000010030878087968174	3.7921464111091366e-11	-341692.63337993284	1.1072636122283709e8	0.
5.015439043984087e-6	3.7921464111091366e-11	-241467.17282883218	8.258413889732662e7	0.
0.000010182861089301025	3.7921464111091366e-11	-344967.76380779466	1.1155016173832227e8	0.
5.167422045316938e-6	3.7921464111091366e-11	-244236.65528406753	8.344863575476535e7	0.
0.000010334844090633876	3.7921464111091366e-11	-348254.21455575083	1.1237155790740974e8	0.
5.31940504664979e-6	3.7921464111091366e-11	-247025.52728555852	8.431362201545501e7	0.
0.000010486827091966727	3.7921464111091366e-11	-351551.7814052582	1.1319051785606419e8	0.
0.000015502266135950813	3.7921464111091366e-11	-465454.21151552245	1.3873914773690146e8	0.
0.00001063881009329958	3.7921464111091366e-11	-354860.26331348525	1.1400701099366233e8	0.
0.000015654249137283665	3.7921464111091366e-11	-469030.10851247766	1.3946771496479267e8	0.
0.00001079079309463243	3.7921464111091366e-11	-358179.46242076	1.1482100830426636e8	0.
0.000015806232138616517	3.7921464111091366e-11	-472611.85168687446	1.4019364989696136e8	0.
0.000010942776095965281	3.7921464111091366e-11	-361509.18405351957	1.1563248072443035e8	0.
0.00001595821513994937	3.7921464111091366e-11	-476199.3369228815	1.4091696449099496e8	0.
0.000011094759097298131	3.7921464111091366e-11	-364849.2367230474	1.1644140647967555e8	0.
0.000016110198141282217	3.7921464111091366e-11	-479792.46219675813	1.416376649612288e8	0.
0.000011246742098630983	3.7921464111091366e-11	-368199.43212027475	1.1724775984313478e8	0.
0.00001626218114261507	3.7921464111091366e-11	-483391.1275368606	1.4235576873834735e8	0.
0.000011398725099963835	3.7921464111091366e-11	-371559.5851069123	1.1805152158669186e8	0.
0.00001641416414394792	3.7921464111091366e-11	-486995.2349840334	1.4307128271567455e8	0.
0.000011550708101296685	3.7921464111091366e-11	-374929.51370316924	1.1885267407692714e8	0.
0.000016566147145280773	3.7921464111091366e-11	-490604.688552419	1.4378421883379102e8	0.
0.000011702691102629537	3.7921464111091366e-11	-378309.0390723064	1.1965119801036103e8	0.
0.000016718130146613624	3.7921464111091366e-11	-494219.3941907059	1.444945923729626e8	0.
0.000011854674103962387	3.7921464111091366e-11	-381697.9855022598	1.2044707741432253e8	0.
0.000016870113147946473	3.7921464111091366e-11	-497839.25974383886	1.4520241308998385e8	0.
0.000012006657105295239	3.7921464111091366e-11	-385096.18038456095	1.212403032802687e8	0.
0.000017022096149279325	3.7921464111091366e-11	-501464.1949152112	1.4590769630816317e8	0.
0.00001215864010662809	3.7921464111091366e-11	-388503.4541907703	1.2203085697063673e8	0.
0.000017174079150612177	3.7921464111091366e-11	-505094.11122935364	1.4661045508800197e8	0.
0.00001231062310796094	3.7921464111091366e-11	-391919.64044663124	1.2281873157869694e8	0.
0.00001732606215194503	3.7921464111091366e-11	-508728.9219951388	1.473106987403967e8	0.
0.000012462606109293792	3.7921464111091366e-11	-395344.57570414	1.2360391560580444e8	0.
0.00001747804515327788	3.7921464111091366e-11	-512368.5422695104	1.4800844613723716e8	0.
0.000012614589110626643	3.7921464111091366e-11	-398778.0995117191	1.2438640550691403e8	0.
0.00001763002815461073	3.7921464111091366e-11	-516012.88882174966	1.4870370550392592e8	0.
0.000012766572111959494	3.7921464111091366e-11	-402220.0543826709	1.25166189737845e8	0.
0.00001778201115594358	3.7921464111091366e-11	-519661.8800982901	1.49396496224275e8	0.
0.000012918555113292345	3.7921464111091366e-11	-405670.28576208185	1.2594326598998298e8	0.
0.000017933994157276432	3.7921464111091366e-11	-523315.43618808355	1.5008682667194748e8	0.
0.000013070538114625196	3.7921464111091366e-11	-409128.64199233317	1.2671762950863759e8	0.
0.000018085977158609284	3.7921464111091366e-11	-526973.4787885301	1.5077471534492645e8	0.
0.000013222521115958048	3.7921464111091366e-11	-412594.974277371	1.2748927746604563e8	0.
0.000018237960159942136	3.7921464111091366e-11	-530635.9311719703	1.514601750583191e8	0.
0.000013374504117290898	3.7921464111091366e-11	-416069.1366458767	1.2825820796524587e8	0.
0.000018389943161274984	3.7921464111091366e-11	-534302.7181527482	1.5214322159309053e8	0.
0.00001352648711862375	3.7921464111091366e-11	-419550.98591347144	1.290244191577178e8	0.
0.000018541926162607836	3.7921464111091366e-11	-537973.7660548444	1.5282386536935225e8	0.
0.0000136784701199566	3.7921464111091366e-11	-423040.3816440801	1.297879152069871e8	0.
0.000018693909163940688	3.7921464111091366e-11	-541649.0026800815	1.5350212403898436e8	0.
0.000013830453121289452	3.7921464111091366e-11	-426537.1861105728	1.3054869203065309e8	0.
0.00001884589216527354	3.7921464111091366e-11	-545328.3572769027	1.541780158932739e8	0.
0.000013982436122622304	3.7921464111091366e-11	-430041.26425479556	1.3130675731686555e8	0.
0.00001899787516660639	3.7921464111091366e-11	-549011.7605097203	1.5485154923722368e8	0.
0.000014134419123955154	3.7921464111091366e-11	-433552.4836470915	1.3206210853146642e8	0.
0.00001914985816793924	3.7921464111091366e-11	-552699.1444288376	1.555227416340904e8	0.
0.000014286402125288006	3.7921464111091366e-11	-437070.7144454123	1.3281475506793237e8	0.
0.000019301841169272092	3.7921464111091366e-11	-556390.4424409358	1.561916096109192e8	0.
0.000014438385126620856	3.7921464111091366e-11	-440595.8293541071	1.3356469739592326e8	0.
0.000019453824170604944	3.7921464111091366e-11	-560085.5892801262	1.5685816141840988e8	0.
0.000014590368127953708	3.7921464111091366e-11	-444127.70358247595	1.343119408220007e8	0.
0.000019605807171937795	3.7921464111091366e-11	-563784.5209795653	1.5752242172611362e8	0.
0.00001474235112928656	3.7921464111091366e-11	-447666.21480316366	1.3505649576396075e8	0.
0.000019757790173270647	3.7921464111091366e-11	-567487.1748436247	1.581843966634231e8	0.
0.00001489433413061941	3.7921464111091366e-11	-451211.2431104677	1.357983645666792e8	0.
0.000019909773174603496	3.7921464111091366e-11	-571193.4894206139	1.588441093758056e8	0.
0.000015046317131952261	3.7921464111091366e-11	-454762.67097862787	1.3653755468109918e8	0.
0.000020061756175936347	3.7921464111091366e-11	-574903.4044760498	1.595015683058418e8	0.
0.000015198300133285111	3.7921464111091366e-11	-458320.383220159	1.372740783485175e8	0.
0.0000202137391772692	3.7921464111091366e-11	-578616.8609664679	1.6015679233848038e8	0.
0.00001535028313461796	3.7921464111091366e-11	-461884.26694428414	1.3800793819397518e8	0.
0.00002036572217860205	3.7921464111091366e-11	-582333.8010137669	1.608097981307005e8	0.
0.000020517705179934903	3.7921464111091366e-11	-586054.167880083	1.6146059333204076e8	0.
0.00002553314422391899	3.7921464111091366e-11	-710434.9292461963	1.8179459729371446e8	0.
0.00002066968818126775	3.7921464111091366e-11	-589777.9059431864	1.6210919894246e8	0.
0.00002568512722525184	3.7921464111091366e-11	-714244.7717191483	1.823789285503216e8	0.
0.000020821671182600603	3.7921464111091366e-11	-593504.9606723911	1.6275562693615326e8	0.
0.00002583711022658469	3.7921464111091366e-11	-718056.6129844169	1.8296153680491877e8	0.
0.000020973654183933455	3.7921464111091366e-11	-597235.2786049742	1.6339989386186677e8	0.
0.00002598909322791754	3.7921464111091366e-11	-721870.4244529299	1.8354243730542508e8	0.
0.000021125637185266307	3.7921464111091366e-11	-600968.8073230932	1.640420166869505e8	0.
0.000026141076229250393	3.7921464111091366e-11	-725686.1780479711	1.841216444772529e8	0.
0.00002127762018659916	3.7921464111091366e-11	-604705.4954311977	1.6468200682285494e8	0.
0.000026293059230583244	3.7921464111091366e-11	-729503.8461945044	1.84699166767545e8	0.
0.000021429603187932007	3.7921464111091366e-11	-608445.292533925	1.6531988011282897e8	0.
0.000026445042231916096	3.7921464111091366e-11	-733323.4018087406	1.8527501741262943e8	0.
0.00002158158618926486	3.7921464111091366e-11	-612188.1492144737	1.6595565149368662e8	0.
0.000026597025233248945	3.7921464111091366e-11	-737144.8182879422	1.8584920831833893e8	0.
0.00002173356919059771	3.7921464111091366e-11	-615934.0170134441	1.6658933429882345e8	0.
0.000026749008234581796	3.7921464111091366e-11	-740968.0695004603	1.864217511828779e8	0.
0.000021885552191930562	3.7921464111091366e-11	-619682.8484081429	1.6722094824649832e8	0.
0.000026900991235914648	3.7921464111091366e-11	-744793.1297759983	1.8699265659931362e8	0.
0.000022037535193263414	3.7921464111091366e-11	-623434.5967923376	1.6785049901119497e8	0.
0.0000270529742372475	3.7921464111091366e-11	-748619.9738960972	1.8756193735618803e8	0.
0.000022189518194596263	3.7921464111091366e-11	-627189.2164564584	1.6847801296652293e8	0.
0.000027204957238580352	3.7921464111091366e-11	-752448.5770848377	1.8812960727037993e8	0.
0.000022341501195929114	3.7921464111091366e-11	-630946.6625682351	1.6910349052490276e8	0.
0.0000273569402399132	3.7921464111091366e-11	-756278.9149997522	1.8869567420116597e8	0.
0.000022493484197261966	3.7921464111091366e-11	-634706.8911537635	1.6972695785645333e8	0.
0.000027508923241246052	3.7921464111091366e-11	-760110.9637229447	1.892601507435535e8	0.
0.000022645467198594818	3.7921464111091366e-11	-638469.8590789919	1.703484206033335e8	0.
0.000027660906242578904	3.7921464111091366e-11	-763944.6997524109	1.8982304679312074e8	0.
0.00002279745019992767	3.7921464111091366e-11	-642235.5240316208	1.709679010631792e8	0.
0.000027812889243911756	3.7921464111091366e-11	-767780.0999935556	1.9038437705821642e8	0.
0.000022949433201260518	3.7921464111091366e-11	-646003.8445034053	1.715854097250627e8	0.
0.000027964872245244608	3.7921464111091366e-11	-771617.1417509012	1.9094415028272718e8	0.
0.00002310141620259337	3.7921464111091366e-11	-649774.7797728555	1.7220095886175337e8	0.
0.000028116855246577456	3.7921464111091366e-11	-775455.8027199851	1.915023746916133e8	0.
0.000023253399203926222	3.7921464111091366e-11	-653548.2898883248	1.728145602300892e8	0.
0.000028268838247910308	3.7921464111091366e-11	-779296.0609794391	1.9205906499671713e8	0.
0.000023405382205259074	3.7921464111091366e-11	-657324.3356514788	1.734262364179843e8	0.
0.00002842082124924316	3.7921464111091366e-11	-783137.8949832467	1.926142305850939e8	0.
0.000023557365206591925	3.7921464111091366e-11	-661102.878601136	1.7403599408491978e8	0.
0.00002857280425057601	3.7921464111091366e-11	-786981.2835531766	1.931678809621991e8	0.
0.000023709348207924774	3.7921464111091366e-11	-664883.8809974747	1.7464385141044727e8	0.
0.000028724787251908863	3.7921464111091366e-11	-790826.2058713853	1.9372003011616072e8	0.
0.000023861331209257626	3.7921464111091366e-11	-668667.3058065965	1.7524981999194986e8	0.
0.00002887677025324171	3.7921464111091366e-11	-794672.6414731855	1.9427068386205763e8	0.
0.000024013314210590477	3.7921464111091366e-11	-672453.1166854397	1.7585390945584562e8	0.
0.000029028753254574563	3.7921464111091366e-11	-798520.5702399787	1.948198572693523e8	0.
0.00002416529721192333	3.7921464111091366e-11	-676241.2779670355	1.76456141897399e8	0.
0.000029180736255907415	3.7921464111091366e-11	-802369.9723923431	1.9536755826616237e8	0.
0.00002431728021325618	3.7921464111091366e-11	-680031.7546460973	1.770565220115076e8	0.
0.000029332719257240267	3.7921464111091366e-11	-806220.8284832787	1.959137942859104e8	0.
0.00002446926321458903	3.7921464111091366e-11	-683824.5123649403	1.7765506814997858e8	0.
0.00002948470225857312	3.7921464111091366e-11	-810073.1193916029	1.9645857943325633e8	0.
0.00002462124621592188	3.7921464111091366e-11	-687619.5173997192	1.7825179217068776e8	0.
0.000029636685259905967	3.7921464111091366e-11	-813926.8263154919	1.970019222610957e8	0.
0.000024773229217254733	3.7921464111091366e-11	-691416.7366469809	1.7884670852025586e8	0.
0.00002978866826123882	3.7921464111091366e-11	-817781.9307661675	1.9754383275291228e8	0.
0.000024925212218587585	3.7921464111091366e-11	-695216.1376105221	1.7943982741458058e8	0.
0.00002994065126257167	3.7921464111091366e-11	-821638.4145617238	1.9808432066880286e8	0.
0.000025077195219920433	3.7921464111091366e-11	-699017.6883885486	1.8003116180584356e8	0.
0.000030092634263904523	3.7921464111091366e-11	-825496.2598210903	1.9862339565547273e8	0.
0.000025229178221253285	3.7921464111091366e-11	-702821.3576611257	1.80620725974786e8	0.
0.000030244617265237375	3.7921464111091366e-11	-829355.4489581296	1.9916106330928412e8	0.
0.000025381161222586137	3.7921464111091366e-11	-706627.1146779162	1.81208534796512e8	0.
0.000030396600266570223	3.7921464111091366e-11	-833215.964675866	1.9969734316006845e8	0.
