# Filename	C:\Users\edmag\Documents\Work\2D-Comp-Model\computation\Turning Timeresults\2018-02-05T05-29-59.txt
# Source	C:\Users\edmag\Documents\Work\2D-Comp-Model\computation\Turning Time\turning.nb
# Note	1D calculation of turning time vs. field and orbit energy.
# Date	2018-02-05T05:29:59
# Dir	-1
# field	1.536305469116009e-11
# zi	-6.
W	field	zt	t	argt
-0.000030396600266570223	1.536305469116009e-11	-32368.865319431676	6.429725187645259e6	0.
-0.000025229178221253285	1.536305469116009e-11	-38723.53298476209	8.391748007034462e6	0.
-0.000030244617265237375	1.536305469116009e-11	-32526.33217126233	6.47632485359945e6	0.
-0.000025077195219920433	1.536305469116009e-11	-38947.560986429715	8.46384506150328e6	0.
-0.000030092634263904523	1.536305469116009e-11	-32685.313729877937	6.523480774215902e6	0.
-0.000024925212218587585	1.536305469116009e-11	-39174.13616556975	8.536954723032996e6	-3.566544159357188e-7
-0.00002994065126257167	1.536305469116009e-11	-32845.831592507406	6.57120243808686e6	0.
-0.000024773229217254733	1.536305469116009e-11	-39403.30117100541	8.611099568329668e6	-3.271540973039866e-7
-0.00002978866826123882	1.536305469116009e-11	-33007.90776179742	6.619499763849922e6	0.
-0.00002462124621592188	1.536305469116009e-11	-39635.099584830125	8.686298195201738e6	-2.6896769444447594e-7
-0.000029636685259905967	1.536305469116009e-11	-33171.564655194394	6.668380276081353e6	0.
-0.00002446926321458903	1.536305469116009e-11	-39869.5759473687	8.762572487368064e6	0.
-0.00002948470225857312	1.536305469116009e-11	-33336.82511458434	6.717857042088756e6	0.
-0.00002431728021325618	1.536305469116009e-11	-40106.775782919845	8.839940635941535e6	0.
-0.000029332719257240267	1.536305469116009e-11	-33503.71241619486	6.767937295391784e6	0.
-0.00002416529721192333	1.536305469116009e-11	-40346.74562630601	8.918424895896113e6	-5.151266104768318e-7
-0.000029180736255907415	1.536305469116009e-11	-33672.250280772736	6.818631001868012e6	0.
-0.000024013314210590477	1.536305469116009e-11	-40589.53305025995	8.998051452662092e6	0.
-0.000029028753254574563	1.536305469116009e-11	-33842.4628840413	6.869950116403688e6	0.
-0.000023861331209257626	1.536305469116009e-11	-40835.18669367908	9.078837297854567e6	0.
-0.00002887677025324171	1.536305469116009e-11	-34014.37486744887	6.921905243807902e6	0.
-0.000023709348207924774	1.536305469116009e-11	-41083.75629077563	9.160808131992888e6	0.
-0.000028724787251908863	1.536305469116009e-11	-34188.011349216686	6.974507839005015e6	0.
-0.000023557365206591925	1.536305469116009e-11	-41335.29270115746	9.243988384383956e6	0.
-0.00002857280425057601	1.536305469116009e-11	-34363.39793569617	7.027765873601675e6	0.
-0.000023405382205259074	1.536305469116009e-11	-41589.84794087127	9.328401684815312e6	0.
-0.00002842082124924316	1.536305469116009e-11	-34540.56073304562	7.081694060942643e6	0.
-0.000023253399203926222	1.536305469116009e-11	-41847.475214443955	9.414073339282233e6	0.
-0.000028268838247910308	1.536305469116009e-11	-34719.52635923572	7.136301067814162e6	-1.9098176525192396e-7
-0.00002310141620259337	1.536305469116009e-11	-42108.22894795751	9.501028586725185e6	-6.121318238228867e-7
-0.000028116855246577456	1.536305469116009e-11	-34900.321956395266	7.191603141841223e6	0.
-0.000022949433201260518	1.536305469116009e-11	-42372.16482319468	9.589295246209577e6	0.
-0.000027964872245244608	1.536305469116009e-11	-35082.97520350877	7.2476086158784e6	0.
-0.00002279745019992767	1.536305469116009e-11	-42639.33981289627	9.678898712152537e6	0.
-0.000027812889243911756	1.536305469116009e-11	-35267.514329475045	7.304329512708378e6	-4.662682912254273e-7
-0.000022645467198594818	1.536305469116009e-11	-42909.812217167426	9.769865427800072e6	-3.4332688776538053e-7
-0.000027660906242578904	1.536305469116009e-11	-35453.968126540916	7.361782334143911e6	0.
-0.000022493484197261966	1.536305469116009e-11	-43183.64170107762	9.862230605294436e6	0.
-0.000027508923241246052	1.536305469116009e-11	-35642.36596412196	7.419976838403397e6	0.
-0.000022341501195929114	1.536305469116009e-11	-43460.889333497784	9.956012590550818e6	-6.030011960881169e-7
-0.0000273569402399132	1.536305469116009e-11	-35832.73780302096	7.478926526794993e6	0.
-0.000022189518194596263	1.536305469116009e-11	-43741.61762721843	1.0051248801826434e7	-2.8966035019008644e-7
-0.000027204957238580352	1.536305469116009e-11	-36025.11421006028	7.538646148120114e6	0.
-0.000022037535193263414	1.536305469116009e-11	-44025.890580398016	1.0147970819210479e7	0.
-0.0000270529742372475	1.536305469116009e-11	-36219.52637313906	7.599148002215177e6	0.
-0.000021885552191930562	1.536305469116009e-11	-44313.773719390294	1.0246205999185164e7	0.
-0.000026900991235914648	1.536305469116009e-11	-36416.00611673157	7.660446370559034e6	-2.555202497954177e-7
-0.00002173356919059771	1.536305469116009e-11	-44605.334143000546	1.03459899537712e7	0.
-0.000026749008234581796	1.536305469116009e-11	-36614.585917839104	7.72255969114046e6	0.
-0.00002158158618926486	1.536305469116009e-11	-44900.64056822567	1.0447351059868887e7	0.
-0.000026597025233248945	1.536305469116009e-11	-36815.298922413574	7.785500617021283e6	0.
-0.000021429603187932007	1.536305469116009e-11	-45199.763377533265	1.0550328490476435e7	0.
-0.000026445042231916096	1.536305469116009e-11	-37018.17896226517	7.849276431888055e6	0.
-0.00002127762018659916	1.536305469116009e-11	-45502.77466773548	1.0654955953743644e7	0.
-0.000026293059230583244	1.536305469116009e-11	-37223.26057247346	7.913912778085538e6	0.
-0.000021125637185266307	1.536305469116009e-11	-45809.74830051988	1.076126952569347e7	0.
-0.000026141076229250393	1.536305469116009e-11	-37430.57900931679	7.979421660802317e6	0.
-0.000020973654183933455	1.536305469116009e-11	-46120.75995469819	1.0869304298425078e7	0.
-0.00002598909322791754	1.536305469116009e-11	-37640.17026873896	8.045820293677733e6	0.
-0.000020821671182600603	1.536305469116009e-11	-46435.88718023834	1.0979103553111602e7	0.
-0.00002583711022658469	1.536305469116009e-11	-37852.07110537056	8.113126480198541e6	0.
-0.00002066968818126775	1.536305469116009e-11	-46755.20945414617	1.1090695193184584e7	0.
-0.00002568512722525184	1.536305469116009e-11	-38066.31905212398	8.181352381669198e6	0.
-0.000020517705179934903	1.536305469116009e-11	-47078.808238269165	1.1204131580493974e7	0.
-0.00002553314422391899	1.536305469116009e-11	-38282.95244038315	8.250520021835594e6	0.
-0.00002036572217860205	1.536305469116009e-11	-47406.767039091304	1.131944745955304e7	0.
-0.000025381161222586137	1.536305469116009e-11	-38502.01042080583	8.320645886160343e6	0.
-0.0000202137391772692	1.536305469116009e-11	-47739.17146959954	1.1436689141098268e7	0.
-0.000020061756175936347	1.536305469116009e-11	-48076.109313296474	1.1555895008705936e7	0.
-0.00001489433413061941	1.536305469116009e-11	-63040.46092417249	1.719279520783894e7	0.
-0.000019909773174603496	1.536305469116009e-11	-48417.670590444264	1.1677112253116846e7	0.
-0.00001474235112928656	1.536305469116009e-11	-63614.58525699952	1.742127050973401e7	0.
-0.000019757790173270647	1.536305469116009e-11	-48763.94762662325	1.1800387323431915e7	0.
-0.000014590368127953708	1.536305469116009e-11	-64198.63463129212	1.7654540249741253e7	0.
-0.000019605807171937795	1.536305469116009e-11	-49115.03512369503	1.1925768162781807e7	0.
-0.000014438385126620856	1.536305469116009e-11	-64792.85196685308	1.789273470764021e7	0.
-0.000019453824170604944	1.536305469116009e-11	-49471.03023326142	1.2053302904601304e7	0.
-0.000014286402125288006	1.536305469116009e-11	-65397.487581564434	1.8135991079719227e7	0.
-0.000019301841169272092	1.536305469116009e-11	-49832.032632716015	1.218304175433369e7	0.
-0.000014134419123955154	1.536305469116009e-11	-66012.79944843447	1.838446226271712e7	0.
-0.00001914985816793924	1.536305469116009e-11	-50198.144603987355	1.2315035461850477e7	0.
-0.000013982436122622304	1.536305469116009e-11	-66639.05346196184	1.8638264240304075e7	0.
-0.00001899787516660639	1.536305469116009e-11	-50569.471115078195	1.2449338424512904e7	0.
-0.000013830453121289452	1.536305469116009e-11	-67276.52371411571	1.8897572098967116e7	0.
-0.00001884589216527354	1.536305469116009e-11	-50946.119904507366	1.258600882253727e7	0.
-0.0000136784701199566	1.536305469116009e-11	-67925.49278022944	1.9162538284206014e7	0.
-0.000018693909163940688	1.536305469116009e-11	-51328.201568767545	1.2725088749512432e7	0.
-0.00001352648711862375	1.536305469116009e-11	-68586.25201510984	1.9433320255381383e7	0.
-0.000018541926162607836	1.536305469116009e-11	-51715.829652915134	1.286664746991772e7	-3.502817035951355e-7
-0.000013374504117290898	1.536305469116009e-11	-69259.10185966411	1.971008649513949e7	0.
-0.000018389943161274984	1.536305469116009e-11	-52109.12074441167	1.3010751203018859e7	0.
-0.000013222521115958048	1.536305469116009e-11	-69944.35215834265	1.9993005830060687e7	0.
-0.000018237960159942136	1.536305469116009e-11	-52508.19457034524	1.3157445969102083e7	0.
-0.000013070538114625196	1.536305469116009e-11	-70642.32248769776	2.0282257967599325e7	0.
-0.000018085977158609284	1.536305469116009e-11	-52913.174098159536	1.3306801080429481e7	0.
-0.000012918555113292345	1.536305469116009e-11	-71353.34249634869	2.0578025962136693e7	0.
-0.000017933994157276432	1.536305469116009e-11	-53324.185640028016	1.3458881460871903e7	0.
-0.000012766572111959494	1.536305469116009e-11	-72077.75225664147	2.0880499194956508e7	0.
-0.00001778201115594358	1.536305469116009e-11	-53741.358961013546	1.361375696559777e7	0.
-0.000012614589110626643	1.536305469116009e-11	-72815.90262828032	2.118987355387431e7	0.
-0.00001763002815461073	1.536305469116009e-11	-54164.82739115842	1.3771494501800984e7	0.
-0.000012462606109293792	1.536305469116009e-11	-73568.155634197	2.1506351232388616e7	0.
-0.00001747804515327788	1.536305469116009e-11	-54594.727941658224	1.3932161963992093e7	0.
-0.00001231062310796094	1.536305469116009e-11	-74334.88484891027	2.183014330893631e7	0.
-0.00001732606215194503	1.536305469116009e-11	-55031.20142527591	1.4095837091734521e7	0.
-0.00001215864010662809	1.536305469116009e-11	-75116.47579960908	2.21614642654042e7	0.
-0.000017174079150612177	1.536305469116009e-11	-55474.39258115805	1.426259430163006e7	0.
-0.000012006657105295239	1.536305469116009e-11	-75913.32638017347	2.250053898723176e7	0.
-0.000017022096149279325	1.536305469116009e-11	-55924.45020422416	1.4432508717664408e7	0.
-0.000011854674103962387	1.536305469116009e-11	-76725.84727831946	2.2847599984544013e7	0.
-0.000016870113147946473	1.536305469116009e-11	-56381.52727930387	1.4605663602968669e7	0.
-0.000011702691102629537	1.536305469116009e-11	-77554.46241602562	2.3202884977734976e7	0.
-0.000016718130146613624	1.536305469116009e-11	-56845.781120201565	1.478213931058418e7	0.
-0.000011550708101296685	1.536305469116009e-11	-78399.60940336397	2.3566641176213186e7	0.
-0.000016566147145280773	1.536305469116009e-11	-57317.373513879145	1.4962022277884228e7	0.
-0.000011398725099963835	1.536305469116009e-11	-79261.74000581547	2.3939126372094266e7	0.
-0.00001641416414394792	1.536305469116009e-11	-57796.47086994857	1.5145398988836959e7	0.
-0.000011246742098630983	1.536305469116009e-11	-80141.3206251041	2.4320602380388964e7	0.
-0.00001626218114261507	1.536305469116009e-11	-58283.24437567728	1.5332361866438564e7	0.
-0.000011094759097298131	1.536305469116009e-11	-81038.83279352993	2.4711343090144232e7	0.
-0.000016110198141282217	1.536305469116009e-11	-58777.870156712175	1.5523002922876075e7	0.
-0.000010942776095965281	1.536305469116009e-11	-81954.77368171787	2.511163093164087e7	0.
-0.00001595821513994937	1.536305469116009e-11	-59280.5294437387	1.5717419849475658e7	0.
-0.00001079079309463243	1.536305469116009e-11	-82889.65661963001	2.5521758770567667e7	0.
-0.000015806232138616517	1.536305469116009e-11	-59791.40874529412	1.5915709979149392e7	0.
-0.00001063881009329958	1.536305469116009e-11	-83844.01163060861	2.5942027243406318e7	0.
-0.000015654249137283665	1.536305469116009e-11	-60310.700026965504	1.611797779709226e7	0.
-0.000010486827091966727	1.536305469116009e-11	-84818.38597812802	2.637274899410168e7	0.
-0.000015502266135950813	1.536305469116009e-11	-60838.60089720516	1.6324328665248016e7	0.
-0.000010334844090633876	1.536305469116009e-11	-85813.34472483107	2.681424296675564e7	0.
-0.00001535028313461796	1.536305469116009e-11	-61375.31480000735	1.6534873547781192e7	0.
-0.000010182861089301025	1.536305469116009e-11	-86829.47130331479	2.7266846699284706e7	0.
-0.000015198300133285111	1.536305469116009e-11	-61921.05121469372	1.6749717845861305e7	0.
-0.000010030878087968174	1.536305469116009e-11	-87867.368098	2.7730899611985344e7	0.
-0.000015046317131952261	1.536305469116009e-11	-62476.02586306405	1.6968986109969802e7	0.
-9.878895086635324e-6	1.536305469116009e-11	-88927.65703728382	2.8206757197962567e7	0.
-9.726912085302472e-6	1.536305469116009e-11	-90010.98019501282	2.8694789014208585e7	0.
-4.559490039985534e-6	1.536305469116009e-11	-146754.72091055568	5.599131248208918e7	0.
-9.57492908396962e-6	1.536305469116009e-11	-91118.00040014434	2.9195367530675583e7	0.
-4.407507038652682e-6	1.536305469116009e-11	-149245.42876994086	5.72341025339326e7	0.
-9.42294608263677e-6	1.536305469116009e-11	-92249.40185327391	2.9708886997557726e7	0.
-4.255524037319831e-6	1.536305469116009e-11	-151799.65186810942	5.85100086746132e7	0.
-9.270963081303918e-6	1.536305469116009e-11	-93405.8907484927	3.0235749115144767e7	0.
-4.10354103598698e-6	1.536305469116009e-11	-154418.97305916317	5.981967109390894e7	0.
-9.118980079971068e-6	1.536305469116009e-11	-94588.19589881317	3.0776367800555956e7	0.
-3.951558034654129e-6	1.536305469116009e-11	-157104.98298083182	6.116370588562342e7	0.
-8.966997078638216e-6	1.536305469116009e-11	-95797.0693631466	3.133117323284493e7	0.
-3.799575033321278e-6	1.536305469116009e-11	-159859.27667683933	6.2542704928925455e7	0.
-8.815014077305364e-6	1.536305469116009e-11	-97033.28707254137	3.1900603347714104e7	0.
-3.647592031988427e-6	1.536305469116009e-11	-162683.44994840707	6.3957235278939545e7	0.
-8.663031075972514e-6	1.536305469116009e-11	-98297.64945309471	3.248511572542239e7	0.
-3.495609030655576e-6	1.536305469116009e-11	-165579.09543756803	6.540782986041644e7	0.
-8.511048074639662e-6	1.536305469116009e-11	-99590.98204262326	3.3085176638591353e7	0.
-3.3436260293227246e-6	1.536305469116009e-11	-168547.7984482045	6.689498643906232e7	0.
-8.359065073306812e-6	1.536305469116009e-11	-100914.13609783226	3.3701265416515954e7	0.
-3.1916430279898736e-6	1.536305469116009e-11	-171591.13251426112	6.841916087882349e7	0.
-8.20708207197396e-6	1.536305469116009e-11	-102267.98918834495	3.433388013949593e7	0.
-3.0396600266570226e-6	1.536305469116009e-11	-174710.65472840285	6.998077277563362e7	0.
-8.055099070641109e-6	1.536305469116009e-11	-103653.4457735511	3.4983530620200954e7	0.
-2.8876770253241713e-6	1.536305469116009e-11	-177907.90084843148	7.158018714351857e7	0.
-7.903116069308259e-6	1.536305469116009e-11	-105071.43775780479	3.5650736030600004e7	0.
-2.7356940239913203e-6	1.536305469116009e-11	-181184.38020300318	7.321771721172208e7	0.
-7.751133067975407e-6	1.536305469116009e-11	-106522.92501904468	3.633603655824888e7	0.
-2.583711022658469e-6	1.536305469116009e-11	-184541.57042252066	7.489362824626318e7	0.
-7.599150066642556e-6	1.536305469116009e-11	-108008.89590542515	3.703998307667837e7	0.
-2.431728021325618e-6	1.536305469116009e-11	-187980.91202544022	7.660812233113931e7	0.
-7.447167065309705e-6	1.536305469116009e-11	-109530.36769404194	3.776313954825623e7	0.
-2.279745019992767e-6	1.536305469116009e-11	-191503.8028945405	7.836133243559034e7	0.
-7.295184063976854e-6	1.536305469116009e-11	-111088.38700530333	3.850608397981557e7	0.
-2.1277620186599156e-6	1.536305469116009e-11	-195111.59268184335	8.015333711913511e7	0.
-7.143201062644003e-6	1.536305469116009e-11	-112684.03016594735	3.926940970356808e7	0.
-1.9757790173270646e-6	1.536305469116009e-11	-198805.5771847496	8.198413816602103e7	0.
-6.991218061311152e-6	1.536305469116009e-11	-114318.40351313725	4.005371965431689e7	0.
-1.8237960159942135e-6	1.536305469116009e-11	-202586.99273944687	8.385366629258703e7	0.
-6.8392350599783e-6	1.536305469116009e-11	-115992.64363148907	4.085963341772813e7	0.
-1.6718130146613623e-6	1.536305469116009e-11	-206457.01068063374	8.576177737732503e7	0.
-6.687252058645449e-6	1.536305469116009e-11	-117707.91751429583	4.168778157575293e7	0.
-1.5198300133285113e-6	1.536305469116009e-11	-210416.73191898316	8.770825290816583e7	0.
-6.535269057312598e-6	1.536305469116009e-11	-119465.42263962889	4.253880366617551e7	0.
-1.3678470119956601e-6	1.536305469116009e-11	-214467.18168942424	8.969279151340583e7	0.
-6.383286055979747e-6	1.536305469116009e-11	-121266.38695141839	4.341335533249913e7	0.
-1.215864010662809e-6	1.536305469116009e-11	-218609.30452416165	9.171501832290088e7	0.
-6.231303054646896e-6	1.536305469116009e-11	-123112.06873505405	4.431209692489436e7	0.
-1.0638810093299578e-6	1.536305469116009e-11	-222843.95950429188	9.37744737496433e7	0.
-6.079320053314045e-6	1.536305469116009e-11	-125003.75637652045	4.5235702436018154e7	0.
-9.118980079971067e-7	1.536305469116009e-11	-227171.91584286233	9.587061481011097e7	0.
-5.9273370519811935e-6	1.536305469116009e-11	-126942.7679935914	4.6184852190616466e7	0.
-7.599150066642557e-7	1.536305469116009e-11	-231593.84885020606	9.800282660976687e7	0.
-5.7753540506483425e-6	1.536305469116009e-11	-128930.45092718129	4.716023708458088e7	0.
-6.079320053314045e-7	1.536305469116009e-11	-236110.33632936946	1.0017040821484572e8	0.
-5.6233710493154915e-6	1.536305469116009e-11	-130968.1810805944	4.816254445708555e7	0.
-4.5594900399855336e-7	1.536305469116009e-11	-240721.8554454532	1.0237258556535494e8	0.
-5.4713880479826406e-6	1.536305469116009e-11	-133057.3620941554	4.919247824761028e7	0.
-3.0396600266570224e-7	1.536305469116009e-11	-245428.7801077497	1.0460850770458312e8	0.
-5.31940504664979e-6	1.536305469116009e-11	-135199.42434255016	5.0250734587434486e7	0.
-1.5198300133285112e-7	1.536305469116009e-11	-250231.37889777782	1.068772508627037e8	0.
-5.167422045316938e-6	1.536305469116009e-11	-137395.82374219963	5.13380160913713e7	0.
0.	1.536305469116009e-11	-255129.81356978233	1.0917782525697145e8	0.
-5.015439043984087e-6	1.536305469116009e-11	-139648.0403561283	5.2455022875889726e7	0.
1.5198300133285112e-7	1.536305469116009e-11	-260124.13814313174	1.115091754763605e8	0.
-4.863456042651236e-6	1.536305469116009e-11	-141957.5767841204	5.360244801861982e7	0.
3.0396600266570224e-7	1.536305469116009e-11	-265214.2985984574	1.1387017710258862e8	0.
-4.711473041318385e-6	1.536305469116009e-11	-144325.9563264898	5.478098446818901e7	0.
5.4713880479826406e-6	1.536305469116009e-11	-489196.6949268947	2.0251743250742137e8	0.
4.5594900399855336e-7	1.536305469116009e-11	-270400.1331815148	1.1625966532387047e8	0.
5.6233710493154915e-6	1.536305469116009e-11	-497000.2731586875	2.051280447329088e8	0.
6.079320053314045e-7	1.536305469116009e-11	-275681.3733107849	1.1867641008602096e8	0.
5.7753540506483425e-6	1.536305469116009e-11	-504855.3022506283	2.077289845741444e8	0.
7.599150066642557e-7	1.536305469116009e-11	-281057.6450769754	1.2111914617540173e8	0.
5.9273370519811935e-6	1.536305469116009e-11	-512760.3785623923	2.103198171821838e8	0.
9.118980079971067e-7	1.536305469116009e-11	-286528.4713149856	1.2358656356020361e8	0.
6.079320053314045e-6	1.536305469116009e-11	-520714.1261906753	2.129001466203467e8	0.
1.0638810093299578e-6	1.536305469116009e-11	-292093.27422176895	1.260773174318859e8	0.
6.231303054646896e-6	1.536305469116009e-11	-528715.1977945627	2.1546959973463303e8	0.
1.215864010662809e-6	1.536305469116009e-11	-297751.3784869926	1.2859004232447395e8	0.
6.383286055979747e-6	1.536305469116009e-11	-536762.2752562809	2.1802786071646237e8	0.
1.3678470119956601e-6	1.536305469116009e-11	-303502.0148976091	1.3112334761573635e8	0.
6.535269057312598e-6	1.536305469116009e-11	-544854.0701898453	2.2057461458893365e8	0.
1.5198300133285113e-6	1.536305469116009e-11	-309344.32437252183	1.336758279167873e8	0.
6.687252058645449e-6	1.536305469116009e-11	-552989.3243098661	2.2310960299576262e8	0.
1.6718130146613623e-6	1.536305469116009e-11	-315277.3623795263	1.362460681389274e8	0.
6.8392350599783e-6	1.536305469116009e-11	-561166.8096724132	2.2563257465082124e8	0.
1.8237960159942135e-6	1.536305469116009e-11	-321300.1036836933	1.388326490008911e8	0.
6.991218061311152e-6	1.536305469116009e-11	-569385.3287994153	2.281433201830221e8	0.
1.9757790173270646e-6	1.536305469116009e-11	-327411.4473743499	1.4143415864295554e8	0.
7.143201062644003e-6	1.536305469116009e-11	-577643.7146975793	2.306416540365789e8	0.
2.1277620186599156e-6	1.536305469116009e-11	-333610.2221167975	1.4404918885813552e8	0.
7.295184063976854e-6	1.536305469116009e-11	-585940.830782289	2.3312740031275174e8	0.
2.279745019992767e-6	1.536305469116009e-11	-339895.19157484855	1.466763477202311e8	0.
7.447167065309705e-6	1.536305469116009e-11	-594275.5707163815	2.3560043032296008e8	0.
2.431728021325618e-6	1.536305469116009e-11	-346265.05995110207	1.4931426232954034e8	0.
7.599150066642556e-6	1.536305469116009e-11	-602646.8581731186	2.3806060588309202e8	0.
2.583711022658469e-6	1.536305469116009e-11	-352718.47759353643	1.5196157860059315e8	0.
7.751133067975407e-6	1.536305469116009e-11	-611053.646532092	2.4050783899602076e8	0.
2.7356940239913203e-6	1.536305469116009e-11	-359254.04661937285	1.546169729107329e8	0.
7.903116069308259e-6	1.536305469116009e-11	-619494.9185162061	2.4294204081567603e8	0.
2.8876770253241713e-6	1.536305469116009e-11	-365870.32651015493	1.5727915155395815e8	0.
8.055099070641109e-6	1.536305469116009e-11	-627969.6857773061	2.4536314230811474e8	0.
3.0396600266570226e-6	1.536305469116009e-11	-372565.83963548025	1.5994685519673687e8	0.
8.20708207197396e-6	1.536305469116009e-11	-636476.988437454	2.4777109591328478e8	0.
3.1916430279898736e-6	1.536305469116009e-11	-379339.0766666924	1.6261886150977138e8	0.
8.359065073306812e-6	1.536305469116009e-11	-645015.8945922952	2.5016586430779192e8	0.
3.3436260293227246e-6	1.536305469116009e-11	-386188.5018459896	1.6529398814039844e8	0.
8.511048074639662e-6	1.536305469116009e-11	-653585.4997824399	2.5254742937490708e8	0.
3.495609030655576e-6	1.536305469116009e-11	-393112.5580807071	1.679710964995044e8	0.
8.663031075972514e-6	1.536305469116009e-11	-662184.9264382652	2.549157848839519e8	0.
3.647592031988427e-6	1.536305469116009e-11	-400109.6718368999	1.7064908207217816e8	0.
8.815014077305364e-6	1.536305469116009e-11	-670813.3233030657	2.5727093311878076e8	0.
3.799575033321278e-6	1.536305469116009e-11	-407178.2578106861	1.7332690232108247e8	0.
8.966997078638216e-6	1.536305469116009e-11	-679469.8648390248	2.596128894366085e8	0.
3.951558034654129e-6	1.536305469116009e-11	-414316.72336003237	1.7600354527806544e8	0.
9.118980079971068e-6	1.536305469116009e-11	-688153.7506200453	2.6194167958720976e8	0.
4.10354103598698e-6	1.536305469116009e-11	-421523.4726837176	1.7867805439650646e8	0.
9.270963081303918e-6	1.536305469116009e-11	-696864.2047150787	2.6425733880145675e8	0.
4.255524037319831e-6	1.536305469116009e-11	-428796.91073801776	1.813495166061756e8	0.
9.42294608263677e-6	1.536305469116009e-11	-705600.4750652139	2.6655991318590236e8	0.
4.407507038652682e-6	1.536305469116009e-11	-436135.44688520307	1.8401706784480122e8	0.
9.57492908396962e-6	1.536305469116009e-11	-714361.832857438	2.6884944790909153e8	0.
4.559490039985534e-6	1.536305469116009e-11	-443537.49827117176	1.8667988686868587e8	0.
9.726912085302472e-6	1.536305469116009e-11	-723147.5718976604	2.7112600914250696e8	0.
4.711473041318385e-6	1.536305469116009e-11	-451001.49293245975	1.8933720532404166e8	0.
9.878895086635324e-6	1.536305469116009e-11	-731957.0079852853	2.7338965843020034e8	0.
4.863456042651236e-6	1.536305469116009e-11	-458525.8726354442	1.9198829559226996e8	0.
0.000010030878087968174	1.536305469116009e-11	-740789.4782913553	2.756404720347312e8	0.
5.015439043984087e-6	1.536305469116009e-11	-466109.095452806	1.9463248108243605e8	0.
0.000010182861089301025	1.536305469116009e-11	-749644.340742024	2.778785254708802e8	0.
5.167422045316938e-6	1.536305469116009e-11	-473749.6380842312	1.972691192421544e8	0.
0.000010334844090633876	1.536305469116009e-11	-758520.973408894	2.801038995929445e8	0.
5.31940504664979e-6	1.536305469116009e-11	-481445.9979299356	1.9989761995635578e8	0.
0.000010486827091966727	1.536305469116009e-11	-767418.773907545	2.823166872098049e8	0.
0.000015502266135950813	1.536305469116009e-11	-1.0699000439232995e6	3.4896997963659173e8	0.
0.00001063881009329958	1.536305469116009e-11	-776337.1588053795	2.8451697395550156e8	0.
0.000015654249137283665	1.536305469116009e-11	-1.079264902298414e6	3.508188043546734e8	0.
0.00001079079309463243	1.536305469116009e-11	-785275.5630397548	2.867048587155475e8	0.
0.000015806232138616517	1.536305469116009e-11	-1.0886383702620966e6	3.5265882508794796e8	0.
0.000010942776095965281	1.536305469116009e-11	-794233.4393471965	2.888804333825654e8	0.
0.00001595821513994937	1.536305469116009e-11	-1.098020250205895e6	3.544901315550942e8	0.
0.000011094759097298131	1.536305469116009e-11	-803210.2577043623	2.9104380522654516e8	0.
0.000016110198141282217	1.536305469116009e-11	-1.107410350164222e6	3.563128309433176e8	0.
0.000011246742098630983	1.536305469116009e-11	-812205.5047812903	2.9319507589230156e8	0.
0.00001626218114261507	1.536305469116009e-11	-1.1168084836285412e6	3.581270262700828e8	0.
0.000011398725099963835	1.536305469116009e-11	-821218.6834073558	2.953343533610232e8	0.
0.00001641416414394792	1.536305469116009e-11	-1.1262144693681665e6	3.5993280257813203e8	0.
0.000011550708101296685	1.536305469116009e-11	-830249.312050258	2.9746173644928277e8	0.
0.000016566147145280773	1.536305469116009e-11	-1.135628131257451e6	3.617302538041354e8	0.
0.000011702691102629537	1.536305469116009e-11	-839296.9243082736	2.9957734736527264e8	0.
0.000016718130146613624	1.536305469116009e-11	-1.1450492981091272e6	3.6351948061810994e8	0.
0.000011854674103962387	1.536305469116009e-11	-848361.0684159212	3.016812866429729e8	0.
0.000016870113147946473	1.536305469116009e-11	-1.1544778035135833e6	3.6530057117596686e8	0.
0.000012006657105295239	1.536305469116009e-11	-857441.3067631292	3.037736739876142e8	0.
0.000017022096149279325	1.536305469116009e-11	-1.1639134856838575e6	3.670736163464639e8	0.
0.00001215864010662809	1.536305469116009e-11	-866537.2154279187	3.058546164037832e8	0.
0.000017174079150612177	1.536305469116009e-11	-1.1733561873061454e6	3.6883870940274185e8	0.
0.00001231062310796094	1.536305469116009e-11	-875648.3837225736	3.0792422723021036e8	0.
0.00001732606215194503	1.536305469116009e-11	-1.182805755395617e6	3.7059592746234107e8	0.
0.000012462606109293792	1.536305469116009e-11	-884774.4137532143	3.0998262275219005e8	0.
0.00001747804515327788	1.536305469116009e-11	-1.1922620411573532e6	3.7234536908080614e8	0.
0.000012614589110626643	1.536305469116009e-11	-893914.9199926514	3.120299209595401e8	0.
0.00001763002815461073	1.536305469116009e-11	-1.201724899852207e6	3.740871131501757e8	0.
0.000012766572111959494	1.536305469116009e-11	-903069.5288663665	3.1406623092796147e8	0.
0.00001778201115594358	1.536305469116009e-11	-1.2111941906674162e6	3.758212543629216e8	0.
0.000012918555113292345	1.536305469116009e-11	-912237.8783514275	3.160916672951429e8	0.
0.000017933994157276432	1.536305469116009e-11	-1.2206697765917846e6	3.775478666424075e8	0.
0.000013070538114625196	1.536305469116009e-11	-921419.6175881305	3.181063483782659e8	0.
0.000018085977158609284	1.536305469116009e-11	-1.23015152429527e6	3.7926703589921325e8	0.
0.000013222521115958048	1.536305469116009e-11	-930614.4065041293	3.201103851358886e8	0.
0.000018237960159942136	1.536305469116009e-11	-1.2396393040128096e6	3.8097884336922204e8	0.
0.000013374504117290898	1.536305469116009e-11	-939821.9154508045	3.2210389672506726e8	0.
0.000018389943161274984	1.536305469116009e-11	-1.2491329894322297e6	3.826833694305013e8	0.
0.00001352648711862375	1.536305469116009e-11	-949041.8248516042	3.240869917144876e8	0.
0.000018541926162607836	1.536305469116009e-11	-1.2586324575860873e6	3.843807021248062e8	0.
0.0000136784701199566	1.536305469116009e-11	-958273.8248620776	3.260597850869218e8	0.
0.000018693909163940688	1.536305469116009e-11	-1.2681375887472935e6	3.8607089276780903e8	0.
0.000013830453121289452	1.536305469116009e-11	-967517.6150413178	3.280223894218963e8	0.
0.00001884589216527354	1.536305469116009e-11	-1.2776482663283872e6	3.877540449757198e8	0.
0.000013982436122622304	1.536305469116009e-11	-976772.9040345179	3.299749188041301e8	0.
0.00001899787516660639	1.536305469116009e-11	-1.2871643767843118e6	3.8943022566617936e8	0.
0.000014134419123955154	1.536305469116009e-11	-986039.4092663443	3.319174801974345e8	0.
0.00001914985816793924	1.536305469116009e-11	-1.296685809518575e6	3.910995138691845e8	0.
0.000014286402125288006	1.536305469116009e-11	-995316.8566448281	3.33850186121778e8	0.
0.000019301841169272092	1.536305469116009e-11	-1.3062124567926573e6	3.9276196739632076e8	0.
0.000014438385126620856	1.536305469116009e-11	-1.0046049802754706e6	3.357731424183461e8	0.
0.000019453824170604944	1.536305469116009e-11	-1.3157442136385567e6	3.9441767518371505e8	0.
0.000014590368127953708	1.536305469116009e-11	-1.0139035221852636e6	3.3768646524220663e8	0.
0.000019605807171937795	1.536305469116009e-11	-1.3252809777743444e6	3.960667135392547e8	0.
0.00001474235112928656	1.536305469116009e-11	-1.0232122320563248e6	3.3959025869402885e8	0.
0.000019757790173270647	1.536305469116009e-11	-1.3348226495226263e6	3.977091338961281e8	0.
0.00001489433413061941	1.536305469116009e-11	-1.0325308669688515e6	3.414846260221548e8	0.
0.000019909773174603496	1.536305469116009e-11	-1.344369131731801e6	3.9934501919908226e8	0.
0.000015046317131952261	1.536305469116009e-11	-1.0418591911530971e6	3.433696830723838e8	0.
0.000020061756175936347	1.536305469116009e-11	-1.353920329700007e6	4.009744344567341e8	0.
0.000015198300133285111	1.536305469116009e-11	-1.0511969757500805e6	3.452455210546136e8	0.
0.0000202137391772692	1.536305469116009e-11	-1.3634761511016642e6	4.0259744736759394e8	0.
0.00001535028313461796	1.536305469116009e-11	-1.060543998580748e6	3.471122568781051e8	0.
0.00002036572217860205	1.536305469116009e-11	-1.3730365059165098e6	4.0421412436955553e8	0.
0.000020517705179934903	1.536305469116009e-11	-1.3826013063610415e6	4.0582453152430844e8	0.
0.00002553314422391899	1.536305469116009e-11	-1.700266505659833e6	4.558294498526839e8	0.
0.00002066968818126775	1.536305469116009e-11	-1.3921704668222724e6	4.074287330678856e8	0.
0.00002568512722525184	1.536305469116009e-11	-1.709942631516928e6	4.572597601393184e8	0.
0.000020821671182600603	1.536305469116009e-11	-1.4017439037937184e6	4.090267967524407e8	0.
0.00002583711022658469	1.536305469116009e-11	-1.7196211428155282e6	4.586855945156941e8	0.
0.000020973654183933455	1.536305469116009e-11	-1.4113215358135323e6	4.106187778897971e8	0.
0.00002598909322791754	1.536305469116009e-11	-1.7293020012242505e6	4.601069926119421e8	0.
0.000021125637185266307	1.536305469116009e-11	-1.4209032834047077e6	4.122047385474457e8	0.
0.000026141076229250393	1.536305469116009e-11	-1.7389851692101823e6	4.61523993180726e8	0.
0.00002127762018659916	1.536305469116009e-11	-1.4304890690172773e6	4.137847510757279e8	0.
0.000026293059230583244	1.536305469116009e-11	-1.748670610018693e6	4.6293663468041176e8	0.
0.000021429603187932007	1.536305469116009e-11	-1.4400788169724287e6	4.1535885720757896e8	0.
0.000026445042231916096	1.536305469116009e-11	-1.7583582876538385e6	4.64344955196694e8	0.
0.00002158158618926486	1.536305469116009e-11	-1.449672453408475e6	4.1692713401520014e8	0.
0.000026597025233248945	1.536305469116009e-11	-1.7680481668593406e6	4.657489918449819e8	0.
0.00002173356919059771	1.536305469116009e-11	-1.4592699062286038e6	4.1848963648549813e8	0.
0.000026749008234581796	1.536305469116009e-11	-1.77774021310012e6	4.6714877873202324e8	0.
0.000021885552191930562	1.536305469116009e-11	-1.4688711050503475e6	4.2004641546195066e8	0.
0.000026900991235914648	1.536305469116009e-11	-1.7874343925443664e6	4.685443611891361e8	0.
0.000022037535193263414	1.536305469116009e-11	-1.4784759811567091e6	4.215975279311616e8	0.
0.0000270529742372475	1.536305469116009e-11	-1.797130672046128e6	4.699357662501296e8	0.
0.000022189518194596263	1.536305469116009e-11	-1.4880844674488832e6	4.2314303637504107e8	0.
0.000027204957238580352	1.536305469116009e-11	-1.806829019128403e6	4.713230321888472e8	0.
0.000022341501195929114	1.536305469116009e-11	-1.4976964984005163e6	4.2468299259503955e8	0.
0.0000273569402399132	1.536305469116009e-11	-1.816529401966717e6	4.7270619124873614e8	0.
0.000022493484197261966	1.536305469116009e-11	-1.5073120100134502e6	4.262174484475998e8	0.
0.000027508923241246052	1.536305469116009e-11	-1.8262317893731722e6	4.7408528398550177e8	0.
0.000022645467198594818	1.536305469116009e-11	-1.516930939774894e6	4.277464659563899e8	0.
0.000027660906242578904	1.536305469116009e-11	-1.835936150780945e6	4.754603414025982e8	0.
0.00002279745019992767	1.536305469116009e-11	-1.5265532266159768e6	4.292700894091282e8	0.
0.000027812889243911756	1.536305469116009e-11	-1.8456424562292332e6	4.7683139710416365e8	0.
0.000022949433201260518	1.536305469116009e-11	-1.5361788108716288e6	4.3078837366349703e8	0.
0.000027964872245244608	1.536305469116009e-11	-1.8553506763486208e6	4.7819848427922946e8	0.
0.00002310141620259337	1.536305469116009e-11	-1.5458076342417458e6	4.3230137799567926e8	0.
0.000028116855246577456	1.536305469116009e-11	-1.865060782346861e6	4.795616359920158e8	0.
0.000023253399203926222	1.536305469116009e-11	-1.555439639753586e6	4.3380913012276846e8	0.
0.000028268838247910308	1.536305469116009e-11	-1.8747727459950554e6	4.8092088449319017e8	0.
0.000023405382205259074	1.536305469116009e-11	-1.565074771725367e6	4.3531169982204854e8	0.
0.00002842082124924316	1.536305469116009e-11	-1.884486539614219e6	4.822762588729843e8	0.
0.000023557365206591925	1.536305469116009e-11	-1.5747129757310073e6	4.368091377605546e8	0.
0.00002857280425057601	1.536305469116009e-11	-1.8942021360622235e6	4.8362779626281023e8	0.
0.000023709348207924774	1.536305469116009e-11	-1.5843541985659793e6	4.3830148347141975e8	0.
0.000028724787251908863	1.536305469116009e-11	-1.9039195087210978e6	4.8497552530415356e8	0.
0.000023861331209257626	1.536305469116009e-11	-1.5939983882142364e6	4.39788784705202e8	0.
0.00002887677025324171	1.536305469116009e-11	-1.913638631484684e6	4.863194793544727e8	0.
0.000024013314210590477	1.536305469116009e-11	-1.6036454938161713e6	4.41271097970787e8	0.
0.000029028753254574563	1.536305469116009e-11	-1.9233594787466303e6	4.8765968045298916e8	0.
0.00002416529721192333	1.536305469116009e-11	-1.6132954656375714e6	4.4274846421675473e8	0.
0.000029180736255907415	1.536305469116009e-11	-1.9330820253887156e6	4.889961697825918e8	0.
0.00002431728021325618	1.536305469116009e-11	-1.622948255039539e6	4.4422091847179896e8	0.
0.000029332719257240267	1.536305469116009e-11	-1.9428062467694916e6	4.9032896859221154e8	0.
0.00002446926321458903	1.536305469116009e-11	-1.6326038144493415e6	4.4568852617283607e8	0.
0.00002948470225857312	1.536305469116009e-11	-1.9525321187132352e6	4.916581089785773e8	0.
0.00002462124621592188	1.536305469116009e-11	-1.642262097332157e6	4.4715131901233083e8	0.
0.000029636685259905967	1.536305469116009e-11	-1.9622596174991988e6	4.929836168393613e8	0.
0.000024773229217254733	1.536305469116009e-11	-1.6519230581636862e6	4.486093440236232e8	0.
0.00002978866826123882	1.536305469116009e-11	-1.9719887198511558e6	4.943055295658393e8	0.
0.000024925212218587585	1.536305469116009e-11	-1.6615866524036045e6	4.500626448197765e8	0.
0.00002994065126257167	1.536305469116009e-11	-1.9817194029272196e6	4.956238665376326e8	0.
0.000025077195219920433	1.536305469116009e-11	-1.6712528364698181e6	4.5151126416824204e8	0.
0.000030092634263904523	1.536305469116009e-11	-1.9914516443099438e6	4.9693865293377864e8	0.
0.000025229178221253285	1.536305469116009e-11	-1.6809215677135044e6	4.5295524112299865e8	0.
0.000030244617265237375	1.536305469116009e-11	-2.0011854219966826e6	4.982499332379766e8	0.
0.000025381161222586137	1.536305469116009e-11	-1.690592804394902e6	4.543946236439544e8	0.
0.000030396600266570223	1.536305469116009e-11	-2.0109207143902052e6	4.995577117977712e8	0.
