# Filename	C:\Users\edmag\Documents\Work\2D-Comp-Model\computation\Turning Timeresults\2018-02-05T05-27-19.txt
# Source	C:\Users\edmag\Documents\Work\2D-Comp-Model\computation\Turning Time\turning.nb
# Note	1D calculation of turning time vs. field and orbit energy.
# Date	2018-02-05T05:27:19
# Dir	-1
# field	6.028540448429909e-12
# zi	-6.
W	field	zt	t	argt
-0.000030396600266570223	6.028540448429909e-12	-32686.519124938088	6.548040953478059e6	0.
-0.000025229178221253285	6.028540448429909e-12	-39268.18542775894	8.61306903420381e6	0.
-0.000030244617265237375	6.028540448429909e-12	-32848.65502993492	6.596664386423999e6	0.
-0.000025077195219920433	6.028540448429909e-12	-39501.75156623206	8.689670617163487e6	0.
-0.000030092634263904523	6.028540448429909e-12	-33012.39689719752	6.645888215064151e6	0.
-0.000024925212218587585	6.028540448429909e-12	-39738.08646259665	8.76740270858971e6	0.
-0.00002994065126257167	6.028540448429909e-12	-33177.76854706364	6.695724328961459e6	0.
-0.000024773229217254733	6.028540448429909e-12	-39977.239165831146	8.846292528679721e6	0.
-0.00002978866826123882	6.028540448429909e-12	-33344.79427008139	6.746181021142215e6	0.
-0.00002462124621592188	6.028540448429909e-12	-40219.2598787656	8.926355829907218e6	0.
-0.000029636685259905967	6.028540448429909e-12	-33513.498838589825	6.797270306773604e6	-4.5837681671732017e-7
-0.00002446926321458903	6.028540448429909e-12	-40464.199991860514	9.007624775382357e6	0.
-0.00002948470225857312	6.028540448429909e-12	-33683.90751863625	6.849004420493698e6	0.
-0.00002431728021325618	6.028540448429909e-12	-40712.112118163306	9.090122577913057e6	0.
-0.000029332719257240267	6.028540448429909e-12	-33856.0460822517	6.901392470289413e6	-1.3989399780337955e-7
-0.00002416529721192333	6.028540448429909e-12	-40963.05012949485	9.173872446144152e6	-4.853119492598846e-7
-0.000029180736255907415	6.028540448429909e-12	-34029.94082008562	6.954448559996658e6	0.
-0.000024013314210590477	6.028540448429909e-12	-41217.06919391363	9.258905570576845e6	0.
-0.000029028753254574563	6.028540448429909e-12	-34205.618554424975	7.008181327864218e6	-2.3091607565097627e-7
-0.000023861331209257626	6.028540448429909e-12	-41474.22581451226	9.345254683290314e6	0.
-0.00002887677025324171	6.028540448429909e-12	-34383.10665259829	7.062605600177472e6	-1.7127755407981674e-7
-0.000023709348207924774	6.028540448429909e-12	-41734.57786959594	9.432922941748342e6	0.
-0.000028724787251908863	6.028540448429909e-12	-34562.4330407883	7.11773343404328e6	0.
-0.000023557365206591925	6.028540448429909e-12	-41998.18465430868	9.52196423811327e6	0.
-0.00002857280425057601	6.028540448429909e-12	-34743.62621826276	7.173576789461366e6	0.
-0.000023405382205259074	6.028540448429909e-12	-42265.10692375869	9.612400187847285e6	0.
-0.00002842082124924316	6.028540448429909e-12	-34926.71527203654	7.230147360708451e6	-1.8417071673312363e-7
-0.000023253399203926222	6.028540448429909e-12	-42535.40693771155	9.704261311317902e6	0.
-0.000028268838247910308	6.028540448429909e-12	-35111.72989198538	7.287461565323343e6	0.
-0.00002310141620259337	6.028540448429909e-12	-42809.14850691456	9.797578954744043e6	0.
-0.000028116855246577456	6.028540448429909e-12	-35298.70038642466	7.3455299042959325e6	-3.3520602604816884e-7
-0.000022949433201260518	6.028540448429909e-12	-43086.3970411218	9.892384608690089e6	0.
-0.000027964872245244608	6.028540448429909e-12	-35487.65769816643	7.404369145858076e6	0.
-0.00002279745019992767	6.028540448429909e-12	-43367.2195988935	9.988713933484651e6	0.
-0.000027812889243911756	6.028540448429909e-12	-35678.63342108037	7.463990530649043e6	-2.2639199697393348e-7
-0.000022645467198594818	6.028540448429909e-12	-43651.6849392418	1.0086594116283627e7	-2.6573737509492084e-7
-0.000027660906242578904	6.028540448429909e-12	-35871.65981716636	7.524411615343293e6	0.
-0.000022493484197261966	6.028540448429909e-12	-43939.86357520801	1.0186067548666317e7	-2.199469785127997e-7
-0.000027508923241246052	6.028540448429909e-12	-36066.769834168044	7.585645698236166e6	0.
-0.000022341501195929114	6.028540448429909e-12	-44231.827829449256	1.0287168342530437e7	0.
-0.0000273569402399132	6.028540448429909e-12	-36263.997123736626	7.64770770233575e6	0.
-0.000022189518194596263	6.028540448429909e-12	-44527.65189192655	1.0389932199692337e7	0.
-0.000027204957238580352	6.028540448429909e-12	-36463.37606017408	7.710613736672906e6	0.
-0.000022037535193263414	6.028540448429909e-12	-44827.41187978049	1.0494397105732108e7	0.
-0.0000270529742372475	6.028540448429909e-12	-36664.94175977092	7.774379379588875e6	0.
-0.000021885552191930562	6.028540448429909e-12	-45131.18589949803	1.0600602608993335e7	0.
-0.000026900991235914648	6.028540448429909e-12	-36868.73010076456	7.839022794889516e6	0.
-0.00002173356919059771	6.028540448429909e-12	-45439.05411146552	1.0708590097834844e7	0.
-0.000026749008234581796	6.028540448429909e-12	-37074.777743936545	7.904558801540368e6	0.
-0.00002158158618926486	6.028540448429909e-12	-45751.098797015475	1.0818399851356182e7	0.
-0.000026597025233248945	6.028540448429909e-12	-37283.12215387982	7.971006383219442e6	0.
-0.000021429603187932007	6.028540448429909e-12	-46067.40442808161	1.0930076110468188e7	0.
-0.000026445042231916096	6.028540448429909e-12	-37493.801620952996	8.038380436305894e6	0.
-0.00002127762018659916	6.028540448429909e-12	-46388.057739574324	1.104366085801725e7	0.
-0.000026293059230583244	6.028540448429909e-12	-37706.85528395457	8.106701790176889e6	0.
-0.000021125637185266307	6.028540448429909e-12	-46713.1478046042	1.1159200638536464e7	0.
-0.000026141076229250393	6.028540448429909e-12	-37922.32315353899	8.175992648552215e6	0.
-0.000020973654183933455	6.028540448429909e-12	-47042.76611267968	1.1276743765125373e7	0.
-0.00002598909322791754	6.028540448429909e-12	-38140.24613640558	8.2462582315149605e6	0.
-0.000020821671182600603	6.028540448429909e-12	-47377.006651015785	1.1396335384173792e7	0.
-0.00002583711022658469	6.028540448429909e-12	-38360.666060292395	8.317531954363004e6	0.
-0.00002066968818126775	6.028540448429909e-12	-47715.96598909858	1.1518025376413532e7	-2.2998929450787562e-7
-0.00002568512722525184	6.028540448429909e-12	-38583.625699798366	8.389829722036881e6	0.
-0.000020517705179934903	6.028540448429909e-12	-48059.743366652096	1.164187000626956e7	0.
-0.00002553314422391899	6.028540448429909e-12	-38809.16880307364	8.4631703652196e6	0.
-0.00002036572217860205	6.028540448429909e-12	-48408.44078517093	1.1767915236308806e7	-1.7782962040359145e-7
-0.000025381161222586137	6.028540448429909e-12	-39037.34011940922	8.537576117140232e6	0.
-0.0000202137391772692	6.028540448429909e-12	-48762.16310317849	1.1896223102865202e7	0.
-0.000020061756175936347	6.028540448429909e-12	-49121.01813539428	1.2026840350945082e7	-3.8286205368925475e-7
-0.00001489433413061941	6.028540448429909e-12	-65408.00334563597	1.8403368553431638e7	0.
-0.000019909773174603496	6.028540448429909e-12	-49485.116755986506	1.2159834908827366e7	0.
-0.00001474235112928656	6.028540448429909e-12	-66047.91374421258	1.8670626023429893e7	0.
-0.000019757790173270647	6.028540448429909e-12	-49854.57300611146	1.2295259214234374e7	0.
-0.000014590368127953708	6.028540448429909e-12	-66700.13852605212	1.894424542779e7	0.
-0.000019605807171937795	6.028540448429909e-12	-50229.504205939746	1.2433178357287263e7	0.
-0.000014438385126620856	6.028540448429909e-12	-67365.02680591372	1.922442700592091e7	0.
-0.000019453824170604944	6.028540448429909e-12	-50610.03107138768	1.2573657818726169e7	0.
-0.000014286402125288006	6.028540448429909e-12	-68042.94062966855	1.951139324304663e7	0.
-0.000019301841169272092	6.028540448429909e-12	-50996.277835780405	1.2716755199034372e7	-2.2263201261019837e-7
-0.000014134419123955154	6.028540448429909e-12	-68734.2555588855	1.9805368436559238e7	0.
-0.00001914985816793924	6.028540448429909e-12	-51388.37237668777	1.2862554383009981e7	0.
-0.000013982436122622304	6.028540448429909e-12	-69439.36128621518	2.0106585085319173e7	0.
-0.00001899787516660639	6.028540448429909e-12	-51786.44634818504	1.3011104941057656e7	0.
-0.000013830453121289452	6.028540448429909e-12	-70158.66228339478	2.0415290924812544e7	0.
-0.00001884589216527354	6.028540448429909e-12	-52190.63531880608	1.3162492977268677e7	-1.1923425364877929e-7
-0.0000136784701199566	6.028540448429909e-12	-70892.57848381158	2.073173965735126e7	0.
-0.000018693909163940688	6.028540448429909e-12	-52601.078915468664	1.3316792403767692e7	-3.718164471333819e-7
-0.00001352648711862375	6.028540448429909e-12	-71641.54600169172	2.1056198050307095e7	0.
-0.000018541926162607836	6.028540448429909e-12	-53017.92097367557	1.347408107299259e7	0.
-0.000013374504117290898	6.028540448429909e-12	-72406.01789010977	2.1388940726062257e7	0.
-0.000018389943161274984	6.028540448429909e-12	-53441.30969429725	1.3634436738267003e7	0.
-0.000013222521115958048	6.028540448429909e-12	-73186.46494015979	2.1730259289559048e7	0.
-0.000018237960159942136	6.028540448429909e-12	-53871.39780727329	1.3797942190995999e7	0.
-0.000013070538114625196	6.028540448429909e-12	-73983.37652377695	2.2080454954155687e7	0.
-0.000018085977158609284	6.028540448429909e-12	-54308.34274258288	1.3964682227492422e7	0.
-0.000012918555113292345	6.028540448429909e-12	-74797.26148286267	2.2439843245891396e7	0.
-0.000017933994157276432	6.028540448429909e-12	-54752.30680885236	1.4134745730485879e7	0.
-0.000012766572111959494	6.028540448429909e-12	-75628.6490675362	2.280875415217761e7	0.
-0.00001778201115594358	6.028540448429909e-12	-55203.45737999406	1.4308226213882092e7	-1.4137361005772378e-7
-0.000012614589110626643	6.028540448429909e-12	-76478.08992651895	2.318753061020406e7	0.
-0.00001763002815461073	6.028540448429909e-12	-55661.967090286606	1.4485219972142138e7	-1.6177285212724697e-7
-0.000012462606109293792	6.028540448429909e-12	-77346.15715285325	2.3576533875727117e7	0.
-0.00001747804515327788	6.028540448429909e-12	-56128.01403834113	1.4665825546787808e7	0.
-0.00001231062310796094	6.028540448429909e-12	-78233.44738836282	2.3976134160136845e7	0.
-0.00001732606215194503	6.028540448429909e-12	-56601.78200041062	1.4850139527622571e7	-3.5878695644221157e-7
-0.00001215864010662809	6.028540448429909e-12	-79140.58199048485	2.4386731550217096e7	0.
-0.000017174079150612177	6.028540448429909e-12	-57083.46065353322	1.5038274910087774e7	0.
-0.000012006657105295239	6.028540448429909e-12	-80068.20826533357	2.4808733143109463e7	0.
-0.000017022096149279325	6.028540448429909e-12	-57573.2458090353	1.523033288219214e7	-1.3331573460609992e-7
-0.000011854674103962387	6.028540448429909e-12	-81017.00077110899	2.5242569145260416e7	0.
-0.000016870113147946473	6.028540448429909e-12	-58071.33965693306	1.5426436123733997e7	0.
-0.000011702691102629537	6.028540448429909e-12	-81987.66269622238	2.5688691125181817e7	0.
-0.000016718130146613624	6.028540448429909e-12	-58577.95102182703	1.562669425276215e7	0.
-0.000011550708101296685	6.028540448429909e-12	-82980.92731679209	2.6147569909219876e7	0.
-0.000016566147145280773	6.028540448429909e-12	-59093.29563089461	1.583123258261743e7	0.
-0.000011398725099963835	6.028540448429909e-12	-83997.55953845746	2.661969970322096e7	0.
-0.00001641416414394792	6.028540448429909e-12	-59617.596394643086	1.6040175040493844e7	0.
-0.000011246742098630983	6.028540448429909e-12	-85038.3575277697	2.710559760444025e7	0.
-0.00001626218114261507	6.028540448429909e-12	-60151.083701111704	1.6253652021133576e7	0.
-0.000011094759097298131	6.028540448429909e-12	-86104.15443874754	2.7605809904385097e7	0.
-0.000016110198141282217	6.028540448429909e-12	-60693.99572425957	1.6471802457183426e7	-1.5957535878225721e-7
-0.000010942776095965281	6.028540448429909e-12	-87195.82024053024	2.8120890242409844e7	0.
-0.00001595821513994937	6.028540448429909e-12	-61246.578747314656	1.6694771978816725e7	0.
-0.00001079079309463243	6.028540448429909e-12	-88314.26365242507	2.865145051886485e7	0.
-0.000015806232138616517	6.028540448429909e-12	-61809.08750191912	1.692269674822465e7	0.
-0.00001063881009329958	6.028540448429909e-12	-89460.43419302272	2.9198117269150082e7	0.
-0.000015654249137283665	6.028540448429909e-12	-62381.78552393808	1.7155733167060666e7	-1.8609532999992814e-7
-0.000015502266135950813	6.028540448429909e-12	-62964.945526869014	1.73940449479276e7	0.
-0.000010486827091966727	6.028540448429909e-12	-90635.32435045371	2.976153345756405e7	0.
-0.00001535028313461796	6.028540448429909e-12	-63558.84979384264	1.7637788442555178e7	0.
-0.000010334844090633876	6.028540448429909e-12	-91839.97188127205	3.0342399242174465e7	0.
-0.000015198300133285111	6.028540448429909e-12	-64163.790589257944	1.788713475861777e7	-2.1537003623862324e-7
-0.000010182861089301025	6.028540448429909e-12	-93075.46224587316	3.0941435648055e7	0.
-0.000015046317131952261	6.028540448429909e-12	-64780.07059117296	1.8142271487102266e7	0.
-0.000010030878087968174	6.028540448429909e-12	-94342.93118880095	3.1559401825289708e7	0.
-9.878895086635324e-6	6.028540448429909e-12	-95643.56747274478	3.2197106431759115e7	0.
-9.726912085302472e-6	6.028540448429909e-12	-96978.61577548564	3.28553729792599e7	0.
-4.559490039985534e-6	6.028540448429909e-12	-177612.50472122853	7.78313448917681e7	0.
-9.57492908396962e-6	6.028540448429909e-12	-98349.37975951798	3.3535093563844066e7	0.
-4.407507038652682e-6	6.028540448429909e-12	-181718.8487295531	8.03165189423987e7	0.
-9.42294608263677e-6	6.028540448429909e-12	-99757.22532452748	3.42371995474124e7	0.
-4.255524037319831e-6	6.028540448429909e-12	-185986.0179283948	8.291179824704595e7	0.
-9.270963081303918e-6	6.028540448429909e-12	-101203.58405336562	3.49626678549182e7	0.
-4.10354103598698e-6	6.028540448429909e-12	-190421.59189196763	8.562235280562204e7	0.
-9.118980079971068e-6	6.028540448429909e-12	-102689.95686259701	3.571252471048289e7	0.
-3.951558034654129e-6	6.028540448429909e-12	-195033.4660246536	8.845350774142173e7	0.
-8.966997078638216e-6	6.028540448429909e-12	-104217.91786911144	3.648785460990414e7	0.
-3.799575033321278e-6	6.028540448429909e-12	-199829.8501644367	9.14107151690807e7	0.
-8.815014077305364e-6	6.028540448429909e-12	-105789.1184846685	3.7289798268331945e7	0.
-3.647592031988427e-6	6.028540448429909e-12	-204819.26413450143	9.44995473946995e7	0.
-8.663031075972514e-6	6.028540448429909e-12	-107405.2917505722	3.811955743179074e7	0.
-3.495609030655576e-6	6.028540448429909e-12	-210010.52975646523	9.77256633645127e7	0.
-8.511048074639662e-6	6.028540448429909e-12	-109068.25692493028	3.8978402859006986e7	0.
-3.3436260293227246e-6	6.028540448429909e-12	-215412.75881277607	1.010947882547916e8	0.
-8.359065073306812e-6	6.028540448429909e-12	-110779.92433512596	3.986765222253316e7	0.
-3.1916430279898736e-6	6.028540448429909e-12	-221035.3364295375	1.0461266753309543e8	0.
-8.20708207197396e-6	6.028540448429909e-12	-112542.3005081882	4.0788718466203906e7	0.
-3.0396600266570226e-6	6.028540448429909e-12	-226887.89934791683	1.0828503378737918e8	0.
-8.055099070641109e-6	6.028540448429909e-12	-114357.49359166122	4.174309233696806e7	0.
-2.8876770253241713e-6	6.028540448429909e-12	-232980.3085662097	1.1211756021879743e8	0.
-7.903116069308259e-6	6.028540448429909e-12	-116227.71907731556	4.273231805453734e7	0.
-2.7356940239913203e-6	6.028540448429909e-12	-239322.615869727	1.161157967735113e8	0.
-7.751133067975407e-6	6.028540448429909e-12	-118155.3058395674	4.375805547484544e7	0.
-2.583711022658469e-6	6.028540448429909e-12	-245925.0238261203	1.2028512112646118e8	0.
-7.599150066642556e-6	6.028540448429909e-12	-120142.70249972322	4.482203450134212e7	0.
-2.431728021325618e-6	6.028540448429909e-12	-252797.83891352464	1.246306780716182e8	0.
-7.447167065309705e-6	6.028540448429909e-12	-122192.48412611219	4.592608947378224e7	0.
-2.279745019992767e-6	6.028540448429909e-12	-259951.41757130186	1.291572813747259e8	0.
-7.295184063976854e-6	6.028540448429909e-12	-124307.35927870964	4.7072143273136705e7	0.
-2.1277620186599156e-6	6.028540448429909e-12	-267396.10512045206	1.3386937787860063e8	0.
-7.143201062644003e-6	6.028540448429909e-12	-126490.17740495213	4.8262241738286436e7	0.
-1.9757790173270646e-6	6.028540448429909e-12	-275142.1676935226	1.3877093260744464e8	0.
-6.991218061311152e-6	6.028540448429909e-12	-128743.93659097527	4.9498514831093766e7	0.
-1.8237960159942135e-6	6.028540448429909e-12	-283199.71754053736	1.4386536090816274e8	0.
-6.8392350599783e-6	6.028540448429909e-12	-131071.79166941148	5.078323738517709e7	0.
-1.6718130146613623e-6	6.028540448429909e-12	-291578.63233378576	1.4915544511413598e8	0.
-6.687252058645449e-6	6.028540448429909e-12	-133477.06268100603	5.2118793516653985e7	0.
-1.5198300133285113e-6	6.028540448429909e-12	-300288.46937286947	1.5464325915407655e8	0.
-6.535269057312598e-6	6.028540448429909e-12	-135963.24368256738	5.3507688553942025e7	0.
-1.3678470119956601e-6	6.028540448429909e-12	-309338.3758814374	1.6033006305015254e8	0.
-6.383286055979747e-6	6.028540448429909e-12	-138534.0118879818	5.4952575778205164e7	0.
-1.215864010662809e-6	6.028540448429909e-12	-318736.99687453546	1.662162704324958e8	0.
-6.231303054646896e-6	6.028540448429909e-12	-141193.23712205165	5.645624278095991e7	0.
-1.0638810093299578e-6	6.028540448429909e-12	-328492.3823435905	1.7230135334542376e8	0.
-6.079320053314045e-6	6.028540448429909e-12	-143944.9915585915	5.802161832631243e7	0.
-9.118980079971067e-7	6.028540448429909e-12	-338611.8957359626	1.7858379815826e8	0.
-5.9273370519811935e-6	6.028540448429909e-12	-146793.55970433564	5.965179890640472e7	0.
-7.599150066642557e-7	6.028540448429909e-12	-349102.12587827956	1.8506107514593494e8	0.
-5.7753540506483425e-6	6.028540448429909e-12	-149743.44857858383	6.135002942650518e7	0.
-6.079320053314045e-7	6.028540448429909e-12	-359968.80458902055	1.9172959997697198e8	0.
-5.6233710493154915e-6	6.028540448429909e-12	-152799.39802493146	6.3119713442253955e7	0.
-4.5594900399855336e-7	6.028540448429909e-12	-371216.7322305788	1.985847450021317e8	0.
-5.4713880479826406e-6	6.028540448429909e-12	-155966.39107567657	6.4964438052521676e7	0.
-3.0396600266570224e-7	6.028540448429909e-12	-382849.7133536866	2.056208379852531e8	0.
-5.31940504664979e-6	6.028540448429909e-12	-159249.66427136378	6.688795142796599e7	0.
-1.5198300133285112e-7	6.028540448429909e-12	-394870.50438357494	2.1283119975905e8	0.
-5.167422045316938e-6	6.028540448429909e-12	-162654.71781723265	6.889418895706595e7	0.
0.	6.028540448429909e-12	-407280.7749911839	2.2020821146711963e8	0.
-5.015439043984087e-6	6.028540448429909e-12	-166187.32543490044	7.098726420760931e7	0.
1.5198300133285112e-7	6.028540448429909e-12	-420081.0843959283	2.277433540278513e8	0.
-4.863456042651236e-6	6.028540448429909e-12	-169853.54374133807	7.3171465731549e7	0.
3.0396600266570224e-7	6.028540448429909e-12	-433270.87337839336	2.3542733189232692e8	0.
-4.711473041318385e-6	6.028540448429909e-12	-173659.7209580315	7.545127407023881e7	0.
5.4713880479826406e-6	6.028540448429909e-12	-1.0635472715203993e6	5.1638920789485663e8	0.
4.5594900399855336e-7	6.028540448429909e-12	-446848.47226763907	2.432501580559819e8	0.
5.6233710493154915e-6	6.028540448429909e-12	-1.0855908584820076e6	5.2393976756642777e8	0.
6.079320053314045e-7	6.028540448429909e-12	-460811.1246384342	2.5120124516382584e8	0.
5.7753540506483425e-6	6.028540448429909e-12	-1.1077454890480132e6	5.3142266578557867e8	0.
7.599150066642557e-7	6.028540448429909e-12	-475155.0259400466	2.592695889686979e8	0.
5.9273370519811935e-6	6.028540448429909e-12	-1.1300061801861185e6	5.388382179883112e8	0.
9.118980079971067e-7	6.028540448429909e-12	-489875.37581008306	2.6744383298927593e8	0.
6.079320053314045e-6	6.028540448429909e-12	-1.1523681920527278e6	5.461868554826527e8	0.
1.0638810093299578e-6	6.028540448429909e-12	-504966.4424300643	2.7571242632911396e8	0.
6.231303054646896e-6	6.028540448429909e-12	-1.1748270176285414e6	5.534690922907765e8	0.
1.215864010662809e-6	6.028540448429909e-12	-520421.6369733627	2.840637529606242e8	0.
6.383286055979747e-6	6.028540448429909e-12	-1.197378372406825e6	5.606855232909881e8	0.
1.3678470119956601e-6	6.028540448429909e-12	-536233.5959926181	2.9248624248500043e8	0.
6.535269057312598e-6	6.028540448429909e-12	-1.2200181842137638e6	5.678368055054431e8	0.
1.5198300133285113e-6	6.028540448429909e-12	-552394.2694964035	3.0096847417538583e8	0.
6.687252058645449e-6	6.028540448429909e-12	-1.242742583224556e6	5.749236895416486e8	0.
1.6718130146613623e-6	6.028540448429909e-12	-568895.0124696733	3.094993029390954e8	0.
6.8392350599783e-6	6.028540448429909e-12	-1.2655478922253146e6	5.819469242207524e8	0.
1.8237960159942135e-6	6.028540448429909e-12	-585726.6776887781	3.1806792855482274e8	0.
6.991218061311152e-6	6.028540448429909e-12	-1.2884306171592323e6	5.889073650416976e8	0.
1.9757790173270646e-6	6.028540448429909e-12	-602879.7078541168	3.266639835835402e8	0.
7.143201062644003e-6	6.028540448429909e-12	-1.3113874379855623e6	5.958058078930068e8	0.
2.1277620186599156e-6	6.028540448429909e-12	-620344.2252933998	3.3527759151946616e8	0.
7.295184063976854e-6	6.028540448429909e-12	-1.3344151998716732e6	6.026431813485409e8	0.
2.279745019992767e-6	6.028540448429909e-12	-638110.117756603	3.438994081607081e8	0.
7.447167065309705e-6	6.028540448429909e-12	-1.3575109047314292e6	6.094203691941078e8	0.
2.431728021325618e-6	6.028540448429909e-12	-656167.1191111793	3.525206755718896e8	0.
7.599150066642556e-6	6.028540448429909e-12	-1.3806717031173934e6	6.161382828085248e8	0.
2.583711022658469e-6	6.028540448429909e-12	-674504.8840361283	3.611332221657785e8	0.
7.751133067975407e-6	6.028540448429909e-12	-1.4038948864695912e6	6.227978691715759e8	0.
2.7356940239913203e-6	6.028540448429909e-12	-693113.0560920883	3.697295102588694e8	0.
7.903116069308259e-6	6.028540448429909e-12	-1.4271778797196927e6	6.294000391840547e8	0.
2.8876770253241713e-6	6.028540448429909e-12	-711981.3288009244	3.783026123962633e8	0.
8.055099070641109e-6	6.028540448429909e-12	-1.4505182342463916e6	6.35945751655402e8	0.
3.0396600266570226e-6	6.028540448429909e-12	-731099.499594985	3.868462098737962e8	0.
8.20708207197396e-6	6.028540448429909e-12	-1.4739136211752722e6	6.424359478530393e8	0.
3.1916430279898736e-6	6.028540448429909e-12	-750457.5166889591	3.9535456624859935e8	0.
8.359065073306812e-6	6.028540448429909e-12	-1.4973618250145637e6	6.488715536217065e8	0.
3.3436260293227246e-6	6.028540448429909e-12	-770045.519084551	4.0382255953338367e8	0.
8.511048074639662e-6	6.028540448429909e-12	-1.5208607376167213e6	6.5525350989479e8	0.
3.495609030655576e-6	6.028540448429909e-12	-789853.8700405937	4.122455875857453e8	0.
8.663031075972514e-6	6.028540448429909e-12	-1.5444083524547166e6	6.615827449394883e8	0.
3.647592031988427e-6	6.028540448429909e-12	-809873.1844309833	4.206195966118923e8	0.
8.815014077305364e-6	6.028540448429909e-12	-1.568002759201166e6	6.67860171937963e8	0.
3.799575033321278e-6	6.028540448429909e-12	-830094.3504732719	4.289410061956784e8	0.
8.966997078638216e-6	6.028540448429909e-12	-1.5916421385979624e6	6.740867101090344e8	0.
3.951558034654129e-6	6.028540448429909e-12	-850508.5463458423	4.372067419573023e8	0.
9.118980079971068e-6	6.028540448429909e-12	-1.6153247576038016e6	6.802632692648364e8	0.
4.10354103598698e-6	6.028540448429909e-12	-871107.2522255096	4.4541411985601306e8	0.
9.270963081303918e-6	6.028540448429909e-12	-1.6390489648069234e6	6.863907275236369e8	0.
4.255524037319831e-6	6.028540448429909e-12	-891882.2582742902	4.535608919115394e8	0.
9.42294608263677e-6	6.028540448429909e-12	-1.6628131860904389e6	6.924699436481706e8	0.
4.407507038652682e-6	6.028540448429909e-12	-912825.6690878018	4.616451441080567e8	0.
9.57492908396962e-6	6.028540448429909e-12	-1.6866159205377826e6	6.985018010587589e8	0.
4.559490039985534e-6	6.028540448429909e-12	-933929.9050918309	4.6966533834858406e8	0.
9.726912085302472e-6	6.028540448429909e-12	-1.7104557365661038e6	7.044871337012557e8	0.
4.711473041318385e-6	6.028540448429909e-12	-955187.7013409871	4.776202175891868e8	0.
9.878895086635324e-6	6.028540448429909e-12	-1.7343312682757163e6	7.104267932204994e8	0.
4.863456042651236e-6	6.028540448429909e-12	-976592.1041366472	4.8550881541969264e8	0.
0.000010030878087968174	6.028540448429909e-12	-1.758241212004126e6	7.163215786659311e8	0.
5.015439043984087e-6	6.028540448429909e-12	-998136.4658425628	4.9333039834684205e8	0.
0.000010182861089301025	6.028540448429909e-12	-1.7821843230735515e6	7.221722981256777e8	0.
5.167422045316938e-6	6.028540448429909e-12	-1.0198144382372485e6	5.010844911765468e8	0.
0.000010334844090633876	6.028540448429909e-12	-1.8061594127213038e6	7.279797398629966e8	0.
5.31940504664979e-6	6.028540448429909e-12	-1.0416199647037331e6	5.087707966912134e8	0.
0.000010486827091966727	6.028540448429909e-12	-1.830165345202839e6	7.337446676653397e8	0.
0.000015502266135950813	6.028540448429909e-12	-2.6344441067869165e6	9.043298153080025e8	0.
0.00001063881009329958	6.028540448429909e-12	-1.8542010350577615e6	7.394678513285577e8	0.
0.000015654249137283665	6.028540448429909e-12	-2.6590715267963395e6	9.090072754336343e8	0.
0.00001079079309463243	6.028540448429909e-12	-1.8782654445295169e6	7.451500184390523e8	0.
0.000015806232138616517	6.028540448429909e-12	-2.6837094087866736e6	9.136607275558857e8	0.
0.000010942776095965281	6.028540448429909e-12	-1.9023575811299758e6	7.507919119740835e8	0.
0.00001595821513994937	6.028540448429909e-12	-2.708357480044423e6	9.182905872235775e8	0.
0.000011094759097298131	6.028540448429909e-12	-1.9264764953405464e6	7.563942231709168e8	0.
0.000016110198141282217	6.028540448429909e-12	-2.733015477033721e6	9.228971452470194e8	0.
0.000011246742098630983	6.028540448429909e-12	-1.9506212784419218e6	7.619576459735297e8	0.
0.00001626218114261507	6.028540448429909e-12	-2.7576831450229264e6	9.274807404946655e8	0.
0.000011398725099963835	6.028540448429909e-12	-1.9747910604649633e6	7.674828779905449e8	0.
0.00001641416414394792	6.028540448429909e-12	-2.7823602377288113e6	9.320416953452402e8	0.
0.000011550708101296685	6.028540448429909e-12	-1.9989850082556512e6	7.729705581565249e8	0.
0.000016566147145280773	6.028540448429909e-12	-2.8070465169774164e6	9.365803128697324e8	0.
0.000011702691102629537	6.028540448429909e-12	-2.0232023236474348e6	7.784213543707625e8	0.
0.000016718130146613624	6.028540448429909e-12	-2.8317417523807017e6	9.410969138822074e8	0.
0.000011854674103962387	6.028540448429909e-12	-2.0474422417346747e6	7.838358899278543e8	0.
0.000016870113147946473	6.028540448429909e-12	-2.8564457210281612e6	9.455918168887563e8	0.
0.000012006657105295239	6.028540448429909e-12	-2.071704029241253e6	7.892148079599074e8	0.
0.000017022096149279325	6.028540448429909e-12	-2.8811582071926165e6	9.500652899863464e8	0.
0.00001215864010662809	6.028540448429909e-12	-2.0959869829787577e6	7.945586790772938e8	0.
0.000017174079150612177	6.028540448429909e-12	-2.9058790020494685e6	9.545176424057593e8	0.
0.00001231062310796094	6.028540448429909e-12	-2.120290428388989e6	7.998681208301166e8	0.
0.00001732606215194503	6.028540448429909e-12	-2.930607903408699e6	9.589491237474141e8	0.
0.000012462606109293792	6.028540448429909e-12	-2.1446137181658326e6	8.051436997124132e8	0.
0.00001747804515327788	6.028540448429909e-12	-2.955344715458983e6	9.633600356709958e8	0.
0.000012614589110626643	6.028540448429909e-12	-2.1689562309518517e6	8.103859997843904e8	0.
0.00001763002815461073	6.028540448429909e-12	-2.980089248523282e6	9.677506668843434e8	0.
0.000012766572111959494	6.028540448429909e-12	-2.1933173701052223e6	8.155955560924466e8	0.
0.00001778201115594358	6.028540448429909e-12	-3.004841318825343e6	9.721212669147471e8	0.
0.000012918555113292345	6.028540448429909e-12	-2.217696562532902e6	8.207729151705178e8	0.
0.000017933994157276432	6.028540448429909e-12	-3.0296007482665544e6	9.764720705697327e8	0.
0.000013070538114625196	6.028540448429909e-12	-2.24209325758617e6	8.259186048788731e8	0.
0.000018085977158609284	6.028540448429909e-12	-3.0543673642126387e6	9.808033599377607e8	0.
0.000013222521115958048	6.028540448429909e-12	-2.2665069260149063e6	8.310331295411546e8	0.
0.000018237960159942136	6.028540448429909e-12	-3.079140999289682e6	9.85115391152698e8	0.
0.000013374504117290898	6.028540448429909e-12	-2.29093705897721e6	8.361170217763128e8	0.
0.000018389943161274984	6.028540448429909e-12	-3.1039214911890593e6	9.894084117371143e8	0.
0.00001352648711862375	6.028540448429909e-12	-2.3153831671011453e6	8.411707516133676e8	0.
0.000018541926162607836	6.028540448429909e-12	-3.128708682480791e6	9.93682631524046e8	0.
0.0000136784701199566	6.028540448429909e-12	-2.339844779595618e6	8.46194800665745e8	0.
0.000018693909163940688	6.028540448429909e-12	-3.153502420434938e6	9.979383260063608e8	0.
0.000013830453121289452	6.028540448429909e-12	-2.364321443407555e6	8.511896502781992e8	0.
0.00001884589216527354	6.028540448429909e-12	-3.178302556850629e6	1.0021756970455767e9	0.
0.000013982436122622304	6.028540448429909e-12	-2.388812722422729e6	8.561557493566576e8	0.
0.00001899787516660639	6.028540448429909e-12	-3.2031089478923613e6	1.0063949805165719e9	0.
0.000014134419123955154	6.028540448429909e-12	-2.4133181967077525e6	8.610935683204052e8	0.
0.00001914985816793924	6.028540448429909e-12	-3.227921453933217e6	1.0105963993915585e9	0.
0.000014286402125288006	6.028540448429909e-12	-2.437837461790889e6	8.660035193594387e8	0.
0.000019301841169272092	6.028540448429909e-12	-3.2527399394046627e6	1.0147801609787992e9	0.
0.000014438385126620856	6.028540448429909e-12	-2.462370127979487e6	8.708860321783755e8	0.
0.000019453824170604944	6.028540448429909e-12	-3.277564272652624e6	1.0189465105463558e9	0.
0.000014590368127953708	6.028540448429909e-12	-2.486915819711979e6	8.757415474878836e8	0.
0.000019605807171937795	6.028540448429909e-12	-3.3023943257995294e6	1.0230956158195536e9	0.
0.00001474235112928656	6.028540448429909e-12	-2.511474174942493e6	8.805704647165723e8	0.
0.000019757790173270647	6.028540448429909e-12	-3.327229974612055e6	1.0272277142757156e9	0.
0.00001489433413061941	6.028540448429909e-12	-2.53604484455627e6	8.85373203597897e8	0.
0.000019909773174603496	6.028540448429909e-12	-3.352071098374283e6	1.0313429975225914e9	0.
0.000015046317131952261	6.028540448429909e-12	-2.5606274918141607e6	8.901501063730128e8	0.
0.000020061756175936347	6.028540448429909e-12	-3.376917579766044e6	1.0354416630272186e9	0.
0.000015198300133285111	6.028540448429909e-12	-2.585221791824599e6	8.949016001567786e8	0.
0.0000202137391772692	6.028540448429909e-12	-3.4017693047461817e6	1.0395238973497055e9	0.
0.00001535028313461796	6.028540448429909e-12	-2.609827431041537e6	8.996280476527278e8	0.
0.00002036572217860205	6.028540448429909e-12	-3.4266261624405277e6	1.0435899170302805e9	0.
0.000020517705179934903	6.028540448429909e-12	-3.4514880450343625e6	1.0476398833173023e9	0.
0.00002553314422391899	6.028540448429909e-12	-4.274186610878447e6	1.173339471992382e9	0.
0.00002066968818126775	6.028540448429909e-12	-3.4763548476691623e6	1.0516740006315395e9	0.
0.00002568512722525184	6.028540448429909e-12	-4.299171647787524e6	1.1769350420681727e9	0.
0.000020821671182600603	6.028540448429909e-12	-3.501226468343433e6	1.055692415230389e9	0.
0.00002583711022658469	6.028540448429909e-12	-4.324159268160372e6	1.1805194607976258e9	0.
0.000020973654183933455	6.028540448429909e-12	-3.5261028078174503e6	1.0596953385932318e9	0.
0.00002598909322791754	6.028540448429909e-12	-4.3491494282488385e6	1.184092792044836e9	0.
0.000021125637185266307	6.028540448429909e-12	-3.550983769521728e6	1.0636829333007247e9	0.
0.000026141076229250393	6.028540448429909e-12	-4.374142085278325e6	1.187655165808273e9	0.
0.00002127762018659916	6.028540448429909e-12	-3.575869259469052e6	1.0676553708768086e9	0.
0.000026293059230583244	6.028540448429909e-12	-4.399137197421094e6	1.191206681981287e9	0.
0.000021429603187932007	6.028540448429909e-12	-3.6007591861699116e6	1.0716128095297345e9	0.
0.000026445042231916096	6.028540448429909e-12	-4.424134723770446e6	1.194747409622098e9	0.
0.00002158158618926486	6.028540448429909e-12	-3.6256534605511995e6	1.0755554427767448e9	0.
0.000026597025233248945	6.028540448429909e-12	-4.449134624315726e6	1.198277466009765e9	0.
0.00002173356919059771	6.028540448429909e-12	-3.6505519958780026e6	1.079483386859418e9	0.
0.000026749008234581796	6.028540448429909e-12	-4.474136859918136e6	1.20179696252342e9	0.
0.000021885552191930562	6.028540448429909e-12	-3.6754547076783893e6	1.0833968539906614e9	0.
0.000026900991235914648	6.028540448429909e-12	-4.499141392287318e6	1.2053059678688676e9	0.
0.000022037535193263414	6.028540448429909e-12	-3.700361513671025e6	1.087295966517663e9	0.
0.0000270529742372475	6.028540448429909e-12	-4.524148183958678e6	1.2088045662213883e9	0.
0.000022189518194596263	6.028540448429909e-12	-3.7252723336955244e6	1.0911808869326758e9	0.
0.000027204957238580352	6.028540448429909e-12	-4.549157198271435e6	1.212292889466841e9	0.
0.000022341501195929114	6.028540448429909e-12	-3.7501870896454006e6	1.0950517660291915e9	0.
0.0000273569402399132	6.028540448429909e-12	-4.57416839934735e6	1.2157709881609492e9	0.
0.000022493484197261966	6.028540448429909e-12	-3.7751057054035123e6	1.098908752680323e9	0.
0.000027508923241246052	6.028540448429909e-12	-4.5991817520701345e6	1.2192389741725476e9	0.
0.000022645467198594818	6.028540448429909e-12	-3.8000281067798994e6	1.1027519930462046e9	0.
0.000027660906242578904	6.028540448429909e-12	-4.624197222065487e6	1.222696935077007e9	0.
0.00002279745019992767	6.028540448429909e-12	-3.824954221451905e6	1.1065816310126014e9	0.
0.000027812889243911756	6.028540448429909e-12	-4.649214775681754e6	1.2261449335333722e9	0.
0.000022949433201260518	6.028540448429909e-12	-3.849883978906486e6	1.1103978074241302e9	0.
0.000027964872245244608	6.028540448429909e-12	-4.674234379971194e6	1.2295830860508661e9	0.
0.00002310141620259337	6.028540448429909e-12	-3.8748173103846326e6	1.1142006616343176e9	0.
0.000028116855246577456	6.028540448429909e-12	-4.699256002671804e6	1.2330114445873525e9	0.
0.000023253399203926222	6.028540448429909e-12	-3.8997541488277833e6	1.1179903298150246e9	0.
0.000028268838247910308	6.028540448429909e-12	-4.724279612189719e6	1.2364301242076569e9	0.
0.000023405382205259074	6.028540448429909e-12	-3.9246944288261835e6	1.1217669465593712e9	0.
0.00002842082124924316	6.028540448429909e-12	-4.749305177582124e6	1.2398391909482675e9	0.
0.000023557365206591925	6.028540448429909e-12	-3.9496380865690876e6	1.1255306442498338e9	0.
0.00002857280425057601	6.028540448429909e-12	-4.774332668540704e6	1.243238706505825e9	0.
0.000023709348207924774	6.028540448429909e-12	-3.9745850597967277e6	1.1292815630311117e9	0.
0.000028724787251908863	6.028540448429909e-12	-4.799362055375583e6	1.246628768352497e9	0.
0.000023861331209257626	6.028540448429909e-12	-3.9995352877539974e6	1.133019790517124e9	0.
0.00002887677025324171	6.028540448429909e-12	-4.824393308999745e6	1.2500094628579159e9	0.
0.000024013314210590477	6.028540448429909e-12	-4.0244887111457526e6	1.1367455020326574e9	0.
0.000029028753254574563	6.028540448429909e-12	-4.849426400913926e6	1.2533808669473102e9	0.
0.00002416529721192333	6.028540448429909e-12	-4.0494452720936867e6	1.1404588016738412e9	0.
0.000029180736255907415	6.028540448429909e-12	-4.87446130319194e6	1.2567430401712039e9	0.
0.00002431728021325618	6.028540448429909e-12	-4.074404914094709e6	1.1441598115059524e9	0.
0.000029332719257240267	6.028540448429909e-12	-4.899497988466459e6	1.2600960663682017e9	0.
0.00002446926321458903	6.028540448429909e-12	-4.0993675819807593e6	1.1478486607090442e9	0.
0.00002948470225857312	6.028540448429909e-12	-4.924536429915198e6	1.2634400189341989e9	0.
0.00002462124621592188	6.028540448429909e-12	-4.1243332218800182e6	1.1515254491079926e9	0.
0.000029636685259905967	6.028540448429909e-12	-4.949576601247504e6	1.2667749713061497e9	0.
0.000024773229217254733	6.028540448429909e-12	-4.149301781179437e6	1.155190301430367e9	0.
0.00002978866826123882	6.028540448429909e-12	-4.974618476691349e6	1.2701009960676506e9	0.
0.000024925212218587585	6.028540448429909e-12	-4.1742732084885556e6	1.1588433156501756e9	0.
0.00002994065126257167	6.028540448429909e-12	-4.999662030980685e6	1.2734181554144766e9	0.
0.000025077195219920433	6.028540448429909e-12	-4.1992474536045445e6	1.1624846553304603e9	0.
0.000030092634263904523	6.028540448429909e-12	-5.024707239343172e6	1.2767265294329967e9	0.
0.000025229178221253285	6.028540448429909e-12	-4.224224467478425e6	1.1661143803890703e9	0.
0.000030244617265237375	6.028540448429909e-12	-5.049754077488263e6	1.2800262008155258e9	0.
0.000025381161222586137	6.028540448429909e-12	-4.249204202182428e6	1.169732598601265e9	0.
0.000030396600266570223	6.028540448429909e-12	-5.07480252159562e6	1.2833172159575562e9	0.
