# Filename	C:\Users\edmag\Documents\Work\2D-Comp-Model\computation\Turning Timeresults\2018-02-05T05-34-49.txt
# Source	C:\Users\edmag\Documents\Work\2D-Comp-Model\computation\Turning Time\turning.nb
# Note	1D calculation of turning time vs. field and orbit energy.
# Date	2018-02-05T05:34:49
# Dir	-1
# field	3.228186175610854e-11
# zi	-6.
W	field	zt	t	argt
-0.000030396600266570223	3.228186175610854e-11	-31822.90881233972	6.229664373507414e6	0.
-0.000025229178221253285	3.228186175610854e-11	-37807.64179226506	8.027981604604456e6	0.
-0.000030244617265237375	3.228186175610854e-11	-31972.628129227323	6.272973793553871e6	-5.255172909585372e-7
-0.000025077195219920433	3.228186175610854e-11	-38016.40226904364	8.093074215008262e6	0.
-0.000030092634263904523	3.228186175610854e-11	-32123.717261604223	6.316772763283595e6	0.
-0.000024925212218587585	3.228186175610854e-11	-38227.376515880576	8.159011052025659e6	0.
-0.00002994065126257167	3.228186175610854e-11	-32276.194460449202	6.361066443170542e6	0.
-0.000024773229217254733	3.228186175610854e-11	-38440.598247684684	8.225805534384864e6	0.
-0.00002978866826123882	3.228186175610854e-11	-32430.078290603604	6.405862612086136e6	0.
-0.00002462124621592188	3.228186175610854e-11	-38656.10183102866	8.293474091330695e6	0.
-0.000029636685259905967	3.228186175610854e-11	-32585.38763727174	6.451166945227118e6	-3.449149847381044e-7
-0.00002446926321458903	3.228186175610854e-11	-38873.92229897858	8.362031047761081e6	0.
-0.00002948470225857312	3.228186175610854e-11	-32742.141712674755	6.496992318492105e6	0.
-0.00002431728021325618	3.228186175610854e-11	-39094.09536629817	8.431492201578364e6	0.
-0.000029332719257240267	3.228186175610854e-11	-32900.36006286408	6.54334398605134e6	0.
-0.00002416529721192333	3.228186175610854e-11	-39316.65744503655	8.501873318535054e6	0.
-0.000029180736255907415	3.228186175610854e-11	-33060.06257469554	6.590230162753675e6	0.
-0.000024013314210590477	3.228186175610854e-11	-39541.64566050998	8.573191235006649e6	0.
-0.000029028753254574563	3.228186175610854e-11	-33221.26948297241	6.637657658476934e6	-9.137476085659413e-7
-0.000023861331209257626	3.228186175610854e-11	-39769.09786768746	8.645461451048803e6	0.
-0.00002887677025324171	3.228186175610854e-11	-33384.00137775833	6.6856372422172455e6	-2.4217728644800866e-7
-0.000023709348207924774	3.228186175610854e-11	-39999.052667991346	8.718701859746756e6	0.
-0.000028724787251908863	3.228186175610854e-11	-33548.279211866335	6.734177545231501e6	-2.722474558485706e-7
-0.000023557365206591925	3.228186175610854e-11	-40231.54942652279	8.7929302841166e6	0.
-0.00002857280425057601	3.228186175610854e-11	-33714.1243085282	6.783287663667691e6	0.
-0.000023405382205259074	3.228186175610854e-11	-40466.6282897233	8.868162661781048e6	0.
-0.00002842082124924316	3.228186175610854e-11	-33881.558369249215	6.832975189736898e6	0.
-0.000023253399203926222	3.228186175610854e-11	-40704.33020348443	8.944418970963806e6	0.
-0.000028268838247910308	3.228186175610854e-11	-34050.60348185182	6.883250086030442e6	0.
-0.00002310141620259337	3.228186175610854e-11	-40944.69693171526	9.021715309985772e6	0.
-0.000028116855246577456	3.228186175610854e-11	-34221.28212871541	6.934121845496899e6	0.
-0.000022949433201260518	3.228186175610854e-11	-41187.771075381395	9.100073144033771e6	0.
-0.000027964872245244608	3.228186175610854e-11	-34393.617195215586	6.985598367185669e6	0.
-0.00002279745019992767	3.228186175610854e-11	-41433.59609202541	9.179510250368906e6	0.
-0.000027812889243911756	3.228186175610854e-11	-34567.6319783692	7.037692867970016e6	0.
-0.000022645467198594818	3.228186175610854e-11	-41682.21631578275	9.260048232967192e6	0.
-0.000027660906242578904	3.228186175610854e-11	-34743.35019568933	7.090410737515895e6	0.
-0.000022493484197261966	3.228186175610854e-11	-41933.67697790389	9.34170236749636e6	0.
-0.000027508923241246052	3.228186175610854e-11	-34920.795994258115	7.1437670424217535e6	0.
-0.000022341501195929114	3.228186175610854e-11	-42188.0242277969	9.42450017573181e6	0.
-0.0000273569402399132	3.228186175610854e-11	-35099.993960019856	7.197767674205147e6	0.
-0.000022189518194596263	3.228186175610854e-11	-42445.305154601505	9.508455912993146e6	0.
-0.000027204957238580352	3.228186175610854e-11	-35280.96912730407	7.252428855104318e6	0.
-0.000022037535193263414	3.228186175610854e-11	-42705.56780930988	9.593594923565941e6	0.
-0.0000270529742372475	3.228186175610854e-11	-35463.74698858063	7.307752323159071e6	0.
-0.000021885552191930562	3.228186175610854e-11	-42968.86122744586	9.679939780695511e6	0.
-0.000026900991235914648	3.228186175610854e-11	-35648.35350445706	7.363757649105213e6	0.
-0.00002173356919059771	3.228186175610854e-11	-43235.23545231628	9.767510476599025e6	0.
-0.000026749008234581796	3.228186175610854e-11	-35834.81511392049	7.420452295349406e6	0.
-0.00002158158618926486	3.228186175610854e-11	-43504.74155885	9.856331918905983e6	0.
-0.000026597025233248945	3.228186175610854e-11	-36023.158744834436	7.47785110953749e6	0.
-0.000021429603187932007	3.228186175610854e-11	-43777.43167803587	9.946427821811287e6	0.
-0.000026445042231916096	3.228186175610854e-11	-36213.41182469399	7.535957648929011e6	0.
-0.00002127762018659916	3.228186175610854e-11	-44053.35902197604	1.0037819767898535e7	0.
-0.000026293059230583244	3.228186175610854e-11	-36405.602291649135	7.59479176268545e6	0.
-0.000021125637185266307	3.228186175610854e-11	-44332.57790956846	1.0130533858952925e7	0.
-0.000026141076229250393	3.228186175610854e-11	-36599.75860580042	7.654363136608562e6	0.
-0.000020973654183933455	3.228186175610854e-11	-44615.14379283254	1.0224595499553954e7	0.
-0.00002598909322791754	3.228186175610854e-11	-36795.909760776594	7.714683462781885e6	0.
-0.000020821671182600603	3.228186175610854e-11	-44901.1132838933	1.0320030256601706e7	0.
-0.00002583711022658469	3.228186175610854e-11	-36994.08529560061	7.775766566339919e6	0.
-0.00002066968818126775	3.228186175610854e-11	-45190.54418263893	1.0416864060341043e7	0.
-0.00002568512722525184	3.228186175610854e-11	-37194.31530685115	7.837624271392523e6	0.
-0.000020517705179934903	3.228186175610854e-11	-45483.495505066785	1.0515123283503799e7	0.
-0.00002553314422391899	3.228186175610854e-11	-37396.63046112899	7.900271565231048e6	0.
-0.00002036572217860205	3.228186175610854e-11	-45780.02751233298	1.0614836370604288e7	0.
-0.000025381161222586137	3.228186175610854e-11	-37601.06200783424	7.963718155710628e6	0.
-0.0000202137391772692	3.228186175610854e-11	-46080.20174052053	1.0716030971664146e7	0.
-0.000020061756175936347	3.228186175610854e-11	-46384.08103114221	1.0818735335677154e7	0.
-0.00001489433413061941	3.228186175610854e-11	-59473.379160942095	1.5465407510213379e7	0.
-0.000019909773174603496	3.228186175610854e-11	-46691.729562392924	1.0922980152743747e7	0.
-0.00001474235112928656	3.228186175610854e-11	-59959.3996451516	1.5645375279421913e7	0.
-0.000019757790173270647	3.228186175610854e-11	-47003.212881167026	1.1028793258763617e7	0.
-0.000014590368127953708	3.228186175610854e-11	-60452.58399838812	1.5828474033631744e7	0.
-0.000019605807171937795	3.228186175610854e-11	-47318.5979358568	1.1136206723914707e7	0.
-0.000014438385126620856	3.228186175610854e-11	-60953.07274878536	1.6014768568483332e7	0.
-0.000019453824170604944	3.228186175610854e-11	-47637.95310994654	1.1245252606883755e7	0.
-0.000014286402125288006	3.228186175610854e-11	-61461.00955053571	1.6204328434766887e7	0.
-0.000019301841169272092	3.228186175610854e-11	-47961.34825641805	1.135596244736956e7	0.
-0.000014134419123955154	3.228186175610854e-11	-61976.54124929592	1.6397222710959466e7	0.
-0.00001914985816793924	3.228186175610854e-11	-48288.85473298317	1.1468368877458615e7	0.
-0.000013982436122622304	3.228186175610854e-11	-62499.81794816014	1.6593522923516747e7	0.
-0.00001899787516660639	3.228186175610854e-11	-48620.54543815769	1.1582505146812337e7	0.
-0.000013830453121289452	3.228186175610854e-11	-63030.99307412883	1.679330057005038e7	0.
-0.00001884589216527354	3.228186175610854e-11	-48956.49484819233	1.1698408208530398e7	0.
-0.0000136784701199566	3.228186175610854e-11	-63570.223444995536	1.6996631050406948e7	0.
-0.000018693909163940688	3.228186175610854e-11	-49296.77905487397	1.1816108473592266e7	0.
-0.00001352648711862375	3.228186175610854e-11	-64117.66933656443	1.720358973696483e7	0.
-0.000018541926162607836	3.228186175610854e-11	-49641.47580421414	1.1935646379876202e7	0.
-0.000013374504117290898	3.228186175610854e-11	-64673.49455010417	1.741425504058286e7	0.
-0.000018389943161274984	3.228186175610854e-11	-49990.664536035045	1.2057057066045314e7	0.
-0.000013222521115958048	3.228186175610854e-11	-65237.86647993332	1.7628705698688295e7	0.
-0.000018237960159942136	3.228186175610854e-11	-50344.42642447003	1.218037870815386e7	0.
-0.000013070538114625196	3.228186175610854e-11	-65810.95618102422	1.7847020870911576e7	0.
-0.000018085977158609284	3.228186175610854e-11	-50702.84441938914	1.230564950920673e7	0.
-0.000012918555113292345	3.228186175610854e-11	-66392.93843650093	1.806928469337228e7	0.
-0.000017933994157276432	3.228186175610854e-11	-51066.00328876333	1.2432909505999414e7	0.
-0.000012766572111959494	3.228186175610854e-11	-66983.99182489631	1.829558134319256e7	0.
-0.00001778201115594358	3.228186175610854e-11	-51433.989661978274	1.256219811550975e7	0.
-0.000012614589110626643	3.228186175610854e-11	-67584.29878702223	1.8525996293699086e7	0.
-0.00001763002815461073	3.228186175610854e-11	-51806.89207410934	1.2693557095005615e7	0.
-0.000012462606109293792	3.228186175610854e-11	-68194.04569229476	1.876061798633712e7	0.
-0.00001747804515327788	3.228186175610854e-11	-52184.80101116701	1.2827028884987934e7	0.
-0.00001231062310796094	3.228186175610854e-11	-68813.42290434292	1.8999536194266308e7	0.
-0.00001732606215194503	3.228186175610854e-11	-52567.808956322304	1.2962656573949255e7	0.
-0.00001215864010662809	3.228186175610854e-11	-69442.62484571681	1.9242840391250122e7	0.
-0.000017174079150612177	3.228186175610854e-11	-52956.010437119796	1.3100484984455885e7	0.
-0.000012006657105295239	3.228186175610854e-11	-70081.85006149742	1.94906253873413e7	0.
-0.000017022096149279325	3.228186175610854e-11	-53349.502073684846	1.3240558561583316e7	0.
-0.000011854674103962387	3.228186175610854e-11	-70731.30128159373	1.9742985292999845e7	0.
-0.000016870113147946473	3.228186175610854e-11	-53748.38262793081	1.3382925345951645e7	0.
-0.000011702691102629537	3.228186175610854e-11	-71391.18548150022	2.0000017644347724e7	0.
-0.000016718130146613624	3.228186175610854e-11	-54152.75305376894	1.3527629968432313e7	0.
-0.000011550708101296685	3.228186175610854e-11	-72061.71394126937	2.026181873302093e7	0.
-0.000016566147145280773	3.228186175610854e-11	-54562.716548324555	1.3674723587415004e7	0.
-0.000011398725099963835	3.228186175610854e-11	-72743.10230243915	2.0528491613500617e7	0.
-0.00001641416414394792	3.228186175610854e-11	-54978.378604157995	1.382425456986897e7	0.
-0.000011246742098630983	3.228186175610854e-11	-73435.57062263603	2.080013671838056e7	0.
-0.00001626218114261507	3.228186175610854e-11	-55399.84706249	1.3976273409242447e7	0.
-0.000011094759097298131	3.228186175610854e-11	-74139.34342755878	2.1076858124807924e7	0.
-0.000016110198141282217	3.228186175610854e-11	-55827.232167426795	1.4130833070877796e7	0.
-0.000010942776095965281	3.228186175610854e-11	-74854.6497600275	2.1358762764274593e7	0.
-0.00001595821513994937	3.228186175610854e-11	-56260.646621178304	1.4287987189165054e7	0.
-0.00001079079309463243	3.228186175610854e-11	-75581.7232257646	2.164595583151263e7	0.
-0.000015806232138616517	3.228186175610854e-11	-56700.20564026081	1.4447787765205655e7	0.
-0.00001063881009329958	3.228186175610854e-11	-76320.80203555514	2.1938549322806954e7	0.
-0.000015654249137283665	3.228186175610854e-11	-57146.02701267209	1.4610292707946988e7	0.
-0.000010486827091966727	3.228186175610854e-11	-77072.12904341261	2.2236652109187797e7	0.
-0.000015502266135950813	3.228186175610854e-11	-57598.23115602337	1.4775557794596566e7	0.
-0.000010334844090633876	3.228186175610854e-11	-77835.95178035795	2.2540377656554084e7	0.
-0.00001535028313461796	3.228186175610854e-11	-58056.94117661022	1.4943641405727616e7	0.
-0.000010182861089301025	3.228186175610854e-11	-78612.52248339723	2.2849839994048856e7	0.
-0.000015198300133285111	3.228186175610854e-11	-58522.28292939997	1.5114603381960494e7	0.
-0.000010030878087968174	3.228186175610854e-11	-79402.09811926386	2.3165155911005635e7	0.
-0.000015046317131952261	3.228186175610854e-11	-58994.38507890932	1.5288504541758562e7	0.
-9.878895086635324e-6	3.228186175610854e-11	-80204.94040246952	2.3486442861785136e7	0.
-9.726912085302472e-6	3.228186175610854e-11	-81021.31580718818	2.381381992829576e7	0.
-4.559490039985534e-6	3.228186175610854e-11	-119022.6442886944	3.9472760420326e7	0.
-9.57492908396962e-6	3.228186175610854e-11	-81851.49557247577	2.414740808641588e7	0.
-4.407507038652682e-6	3.228186175610854e-11	-120512.69286508285	4.00922426641108e7	0.
-9.42294608263677e-6	3.228186175610854e-11	-82695.755700309	2.448732928614657e7	0.
-4.255524037319831e-6	3.228186175610854e-11	-122028.25608853086	4.072203417562879e7	0.
-9.270963081303918e-6	3.228186175610854e-11	-83554.37694590633	2.48337079259422e7	0.
-4.10354103598698e-6	3.228186175610854e-11	-123569.67691904934	4.13621933844237e7	0.
-9.118980079971068e-6	3.228186175610854e-11	-84427.64479977498	2.5186667059204023e7	0.
-3.951558034654129e-6	3.228186175610854e-11	-125137.29362901246	4.201277591747662e7	0.
-8.966997078638216e-6	3.228186175610854e-11	-85315.84946091106	2.554633473179673e7	0.
-3.799575033321278e-6	3.228186175610854e-11	-126731.43922616684	4.2673829795441814e7	0.
-8.815014077305364e-6	3.228186175610854e-11	-86219.2858005608	2.5912837461341422e7	0.
-3.647592031988427e-6	3.228186175610854e-11	-128352.44086677188	4.3345392136406206e7	0.
-8.663031075972514e-6	3.228186175610854e-11	-87138.25331593768	2.62863032109931e7	0.
-3.495609030655576e-6	3.228186175610854e-11	-130000.61926069208	4.402749521841435e7	0.
-8.511048074639662e-6	3.228186175610854e-11	-88073.05607327506	2.6666861672724064e7	0.
-3.3436260293227246e-6	3.228186175610854e-11	-131676.2880704086	4.47201599676534e7	0.
-8.359065073306812e-6	3.228186175610854e-11	-89024.0026395824	2.7054642658791583e7	0.
-3.1916430279898736e-6	3.228186175610854e-11	-133379.75330605864	4.542340134850738e7	0.
-8.20708207197396e-6	3.228186175610854e-11	-89991.4060024643	2.7449776843568556e7	0.
-3.0396600266570226e-6	3.228186175610854e-11	-135111.31271874314	4.6137225114624426e7	0.
-8.055099070641109e-6	3.228186175610854e-11	-90975.58347735404	2.785239485425376e7	0.
-2.8876770253241713e-6	3.228186175610854e-11	-136871.25519446525	4.686162718587286e7	0.
-7.903116069308259e-6	3.228186175610854e-11	-91976.85660151042	2.8262629396071136e7	0.
-2.7356940239913203e-6	3.228186175610854e-11	-138659.8601511723	4.7596592816158645e7	0.
-7.751133067975407e-6	3.228186175610854e-11	-92995.55101412539	2.8680611550481845e7	0.
-2.583711022658469e-6	3.228186175610854e-11	-140477.39694147013	4.834209916201288e7	0.
-7.599150066642556e-6	3.228186175610854e-11	-94031.99632189455	2.910647364349612e7	0.
-2.431728021325618e-6	3.228186175610854e-11	-142324.12426365732	4.9098113762380555e7	0.
-7.447167065309705e-6	3.228186175610854e-11	-95086.5259494094	2.954034670331575e7	0.
-2.279745019992767e-6	3.228186175610854e-11	-144200.28958379052	4.986459260145873e7	0.
-7.295184063976854e-6	3.228186175610854e-11	-96159.4769737432	2.99823637030201e7	0.
-2.1277620186599156e-6	3.228186175610854e-11	-146106.12857153403	5.064148301452226e7	0.
-7.143201062644003e-6	3.228186175610854e-11	-97251.18994261872	3.0432653255985096e7	0.
-1.9757790173270646e-6	3.228186175610854e-11	-148041.86455256815	5.142872094632415e7	0.
-6.991218061311152e-6	3.228186175610854e-11	-98362.00867557064	3.089134750696457e7	0.
-1.8237960159942135e-6	3.228186175610854e-11	-150007.70798033156	5.222623327681226e7	0.
-6.8392350599783e-6	3.228186175610854e-11	-99492.28004754189	3.1358574442359693e7	0.
-1.6718130146613623e-6	3.228186175610854e-11	-152003.85592984792	5.303393445590913e7	0.
-6.687252058645449e-6	3.228186175610854e-11	-100642.35375439022	3.1834462685667597e7	0.
-1.5198300133285113e-6	3.228186175610854e-11	-154030.4916163405	5.385173029264818e7	0.
-6.535269057312598e-6	3.228186175610854e-11	-101812.58205982152	3.2319138329411462e7	0.
-1.3678470119956601e-6	3.228186175610854e-11	-156087.78394126525	5.467951524859508e7	0.
-6.383286055979747e-6	3.228186175610854e-11	-103003.31952331601	3.2812726818464126e7	0.
-1.215864010662809e-6	3.228186175610854e-11	-158175.88706829652	5.5517173308027424e7	0.
-6.231303054646896e-6	3.228186175610854e-11	-104214.92270866886	3.3315350249962304e7	0.
-1.0638810093299578e-6	3.228186175610854e-11	-160294.94003167827	5.636457879980014e7	0.
-6.079320053314045e-6	3.228186175610854e-11	-105447.74987283116	3.382712936573743e7	0.
-9.118980079971067e-7	3.228186175610854e-11	-162445.06637920756	5.722159498955293e7	0.
-5.9273370519811935e-6	3.228186175610854e-11	-106702.16063480818	3.434818270119409e7	0.
-7.599150066642557e-7	3.228186175610854e-11	-164626.3738519501	5.80880763963513e7	0.
-5.7753540506483425e-6	3.228186175610854e-11	-107978.5156244519	3.487862468254657e7	0.
-6.079320053314045e-7	3.228186175610854e-11	-166838.95410259574	5.896386855506316e7	0.
-5.6233710493154915e-6	3.228186175610854e-11	-109277.17611107303	3.541856732405411e7	0.
-4.5594900399855336e-7	3.228186175610854e-11	-169082.88245415324	5.984880307764775e7	0.
-5.4713880479826406e-6	3.228186175610854e-11	-110598.50361189304	3.5968119471769966e7	0.
-3.0396600266570224e-7	3.228186175610854e-11	-171358.2177004546	6.074270657674129e7	0.
-5.31940504664979e-6	3.228186175610854e-11	-111942.85948046176	3.652738494384287e7	0.
-1.5198300133285112e-7	3.228186175610854e-11	-173665.00194969354	6.1645395287193686e7	0.
-5.167422045316938e-6	3.228186175610854e-11	-113310.60447527797	3.709646406486583e7	0.
0.	3.228186175610854e-11	-176003.26051196715	6.255667763993045e7	0.
-5.015439043984087e-6	3.228186175610854e-11	-114702.09830897045	3.767545261703304e7	0.
1.5198300133285112e-7	3.228186175610854e-11	-178373.0018315186	6.347635156022349e7	0.
-4.863456042651236e-6	3.228186175610854e-11	-116117.69917852407	3.8264442368601635e7	0.
3.0396600266570224e-7	3.228186175610854e-11	-180774.21746410467	6.440420940499822e7	0.
-4.711473041318385e-6	3.228186175610854e-11	-117557.76327716933	3.8863518292271994e7	0.
5.4713880479826406e-6	3.228186175610854e-11	-280086.4993575943	9.905947453400026e7	0.
4.5594900399855336e-7	3.228186175610854e-11	-183206.88209962836	6.534003450271832e7	0.
5.6233710493154915e-6	3.228186175610854e-11	-283473.17173859925	1.0011767991988912e8	0.
6.079320053314045e-7	3.228186175610854e-11	-185670.95362989584	6.628360328518543e7	0.
5.7753540506483425e-6	3.228186175610854e-11	-286882.51113380323	1.0117542956359045e8	0.
7.599150066642557e-7	3.228186175610854e-11	-188166.3732610753	6.723468829002269e7	0.
5.9273370519811935e-6	3.228186175610854e-11	-290314.15602598456	1.0223254158236413e8	0.
9.118980079971067e-7	3.228186175610854e-11	-190693.06567015778	6.819305248223093e7	0.
6.079320053314045e-6	3.228186175610854e-11	-293767.74514583254	1.0328884379247083e8	0.
1.0638810093299578e-6	3.228186175610854e-11	-193250.9392044535	6.915845536477701e7	0.
6.231303054646896e-6	3.228186175610854e-11	-297242.9178634953	1.0434417368411806e8	0.
1.215864010662809e-6	3.228186175610854e-11	-195839.8861228968	7.013065019854791e7	0.
6.383286055979747e-6	3.228186175610854e-11	-300739.31455996743	1.0539837156446154e8	0.
1.3678470119956601e-6	3.228186175610854e-11	-198459.78287769054	7.110938635468523e7	0.
6.535269057312598e-6	3.228186175610854e-11	-304256.57697829796	1.0645128398925912e8	0.
1.5198300133285113e-6	3.228186175610854e-11	-201110.49043459084	7.20944100170254e7	0.
6.687252058645449e-6	3.228186175610854e-11	-307794.3485546917	1.0750276643700783e8	0.
1.6718130146613623e-6	3.228186175610854e-11	-203791.85462992327	7.308546261408761e7	0.
6.8392350599783e-6	3.228186175610854e-11	-311352.27472966845	1.0855267683929315e8	0.
1.8237960159942135e-6	3.228186175610854e-11	-206503.70656223196	7.40822843993749e7	0.
6.991218061311152e-6	3.228186175610854e-11	-314930.0032395222	1.0960087857281826e8	0.
1.9757790173270646e-6	3.228186175610854e-11	-209245.8630162936	7.508461082449718e7	0.
7.143201062644003e-6	3.228186175610854e-11	-318527.18438839534	1.1064724527726166e8	0.
2.1277620186599156e-6	3.228186175610854e-11	-212018.1269170845	7.609217931950566e7	0.
7.295184063976854e-6	3.228186175610854e-11	-322143.47130134486	1.1169165380719152e8	0.
2.279745019992767e-6	3.228186175610854e-11	-214820.28781116602	7.710472149523838e7	0.
7.447167065309705e-6	3.228186175610854e-11	-325778.52015883604	1.1273398194968297e8	0.
2.431728021325618e-6	3.228186175610854e-11	-217652.12237285785	7.812197299650928e7	0.
7.599150066642556e-6	3.228186175610854e-11	-329431.99041314627	1.1377412581957701e8	0.
2.583711022658469e-6	3.228186175610854e-11	-220513.39493249572	7.9143666565673e7	0.
7.751133067975407e-6	3.228186175610854e-11	-333103.54498720216	1.1481197416372463e8	0.
2.7356940239913203e-6	3.228186175610854e-11	-223403.85802402292	8.016953418434295e7	0.
7.903116069308259e-6	3.228186175610854e-11	-336792.8504564122	1.158474247884881e8	0.
2.8876770253241713e-6	3.228186175610854e-11	-226323.25294914088	8.119931248811015e7	0.
8.055099070641109e-6	3.228186175610854e-11	-340499.57721408084	1.1688038413380314e8	0.
3.0396600266570226e-6	3.228186175610854e-11	-229271.31035524383	8.223273613269132e7	0.
8.20708207197396e-6	3.228186175610854e-11	-344223.3996210161	1.17910760546272e8	0.
3.1916430279898736e-6	3.228186175610854e-11	-232247.7508243844	8.326954511190678e7	0.
8.359065073306812e-6	3.228186175610854e-11	-347963.9961399593	1.1893846895889233e8	0.
3.3436260293227246e-6	3.228186175610854e-11	-235252.28547055935	8.430947655659543e7	0.
8.511048074639662e-6	3.228186175610854e-11	-351721.049455477	1.199634266765617e8	0.
3.495609030655576e-6	3.228186175610854e-11	-238284.61654266788	8.535227557595767e7	0.
8.663031075972514e-6	3.228186175610854e-11	-355494.2465799646	1.2098555655888787e8	0.
3.647592031988427e-6	3.228186175610854e-11	-241344.43803057272	8.639768616508655e7	0.
8.815014077305364e-6	3.228186175610854e-11	-359283.2789464128	1.220047915508735e8	0.
3.799575033321278e-6	3.228186175610854e-11	-244431.43627179269	8.744545756192894e7	0.
8.966997078638216e-6	3.228186175610854e-11	-363087.84248858807	1.2302105785058361e8	0.
3.951558034654129e-6	3.228186175610854e-11	-247545.29055646338	8.849534431510998e7	0.
9.118980079971068e-6	3.228186175610854e-11	-366907.63770927704	1.2403429790771294e8	0.
4.10354103598698e-6	3.228186175610854e-11	-250685.67372832526	8.954710283335844e7	0.
9.270963081303918e-6	3.228186175610854e-11	-370742.3697372334	1.2504444881644697e8	0.
4.255524037319831e-6	3.228186175610854e-11	-253852.2527796318	9.060049471836512e7	0.
9.42294608263677e-6	3.228186175610854e-11	-374591.74837346113	1.260514572001793e8	0.
4.407507038652682e-6	3.228186175610854e-11	-257044.68943800882	9.165528559321022e7	0.
9.57492908396962e-6	3.228186175610854e-11	-378455.4881274529	1.2705527322147694e8	0.
4.559490039985534e-6	3.228186175610854e-11	-260262.64074344546	9.271124953609525e7	0.
9.726912085302472e-6	3.228186175610854e-11	-382333.30824399035	1.28055847345025e8	0.
4.711473041318385e-6	3.228186175610854e-11	-263505.7596137454	9.376815771395172e7	0.
9.878895086635324e-6	3.228186175610854e-11	-386224.9327210968	1.290531364830345e8	0.
4.863456042651236e-6	3.228186175610854e-11	-266773.69539692515	9.482579714698105e7	0.
0.000010030878087968174	3.228186175610854e-11	-390130.0903197161	1.3004710013630155e8	0.
5.015439043984087e-6	3.228186175610854e-11	-270066.0944091966	9.588395143105647e7	0.
0.000010182861089301025	3.228186175610854e-11	-394048.51456567453	1.310377013557351e8	0.
5.167422045316938e-6	3.228186175610854e-11	-273382.6004573292	9.694241832939282e7	0.
0.000010334844090633876	3.228186175610854e-11	-397979.9437444603	1.3202490793139315e8	0.
5.31940504664979e-6	3.228186175610854e-11	-276722.855344338	9.800098871048592e7	0.
0.000010486827091966727	3.228186175610854e-11	-401924.12088934	1.330086855644084e8	0.
0.000015502266135950813	3.228186175610854e-11	-537814.219102177	1.6348145274063197e8	0.
0.00001063881009329958	3.228186175610854e-11	-405880.79376330756	1.3398900713276204e8	0.
0.000015654249137283665	3.228186175610854e-11	-542070.0148406506	1.6434523712458542e8	0.
0.00001079079309463243	3.228186175610854e-11	-409849.714835342	1.3496584859103924e8	0.
0.000015806232138616517	3.228186175610854e-11	-546332.1933500643	1.6520566780649036e8	0.
0.000010942776095965281	3.228186175610854e-11	-413830.64125143	1.3593918831357035e8	0.
0.00001595821513994937	3.228186175610854e-11	-550600.6342128069	1.6606276681357077e8	0.
0.000011094759097298131	3.228186175610854e-11	-417823.3348007863	1.369090056508701e8	0.
0.000016110198141282217	3.228186175610854e-11	-554875.2196408804	1.6691654638616678e8	0.
0.000011246742098630983	3.228186175610854e-11	-421827.56187768857	1.3787528245406905e8	0.
0.00001626218114261507	3.228186175610854e-11	-559155.8344177686	1.6776703145068938e8	0.
0.000011398725099963835	3.228186175610854e-11	-425843.0934393167	1.3883800523078996e8	0.
0.00001641416414394792	3.228186175610854e-11	-563442.3658412617	1.6861424019507182e8	0.
0.000011550708101296685	3.228186175610854e-11	-429869.70495997195	1.39797160488724e8	0.
0.000016566147145280773	3.228186175610854e-11	-567734.7036672533	1.6945818988322043e8	0.
0.000011702691102629537	3.228186175610854e-11	-433907.1763820279	1.4075273932873413e8	0.
0.000016718130146613624	3.228186175610854e-11	-572032.7400545228	1.7029890775612226e8	0.
0.000011854674103962387	3.228186175610854e-11	-437955.29206394637	1.4170472797346902e8	0.
0.000016870113147946473	3.228186175610854e-11	-576336.3695105097	1.711364106721606e8	0.
0.000012006657105295239	3.228186175610854e-11	-442013.8407256751	1.4265312492396045e8	0.
0.000017022096149279325	3.228186175610854e-11	-580645.4888380887	1.719707174857785e8	0.
0.00001215864010662809	3.228186175610854e-11	-446082.61539171956	1.4359792371586338e8	0.
0.000017174079150612177	3.228186175610854e-11	-584959.9970833487	1.7280184920919016e8	0.
0.00001231062310796094	3.228186175610854e-11	-450161.4133321707	1.4453912211552665e8	0.
0.00001732606215194503	3.228186175610854e-11	-589279.7954843763	1.7362983002653277e8	0.
0.000012462606109293792	3.228186175610854e-11	-454250.0360019476	1.454767161741242e8	0.
0.00001747804515327788	3.228186175610854e-11	-593604.787421046	1.744546810458402e8	0.
0.000012614589110626643	3.228186175610854e-11	-458348.28897850006	1.464107072512912e8	0.
0.00001763002815461073	3.228186175610854e-11	-597934.8783658133	1.7527642047023734e8	0.
0.000012766572111959494	3.228186175610854e-11	-462455.9818981992	1.47341099687202e8	0.
0.00001778201115594358	3.228186175610854e-11	-602269.9758355073	1.7609506969077247e8	0.
0.000012918555113292345	3.228186175610854e-11	-466572.9283916288	1.4826789384766155e8	0.
0.000017933994157276432	3.228186175610854e-11	-606609.9893441173	1.7691065327260032e8	0.
0.000013070538114625196	3.228186175610854e-11	-470698.94601797714	1.491910948472365e8	0.
0.000018085977158609284	3.228186175610854e-11	-610954.8303565682	1.7772319113859954e8	0.
0.000013222521115958048	3.228186175610854e-11	-474833.8561987113	1.5011070916585281e8	0.
0.000018237960159942136	3.228186175610854e-11	-615304.4122434742	1.7853270487842408e8	0.
0.000013374504117290898	3.228186175610854e-11	-478977.48415070714	1.5102674067946145e8	0.
0.000018389943161274984	3.228186175610854e-11	-619658.6502368641	1.7933921461933032e8	0.
0.00001352648711862375	3.228186175610854e-11	-483129.65881899255	1.5193920278095913e8	0.
0.000018541926162607836	3.228186175610854e-11	-624017.4613868684	1.8014274784662053e8	0.
0.0000136784701199566	3.228186175610854e-11	-487290.2128092486	1.5284810001985544e8	0.
0.000018693909163940688	3.228186175610854e-11	-628380.7645193532	1.809433168469096e8	0.
0.000013830453121289452	3.228186175610854e-11	-491458.982320207	1.5375344409809077e8	0.
0.00001884589216527354	3.228186175610854e-11	-632748.4801944967	1.8174095137109616e8	0.
0.000013982436122622304	3.228186175610854e-11	-495635.80707606336	1.5465524793679127e8	0.
0.00001899787516660639	3.228186175610854e-11	-637120.530666287	1.8253566607597077e8	0.
0.000014134419123955154	3.228186175610854e-11	-499820.5302590241	1.5555351612040776e8	0.
0.00001914985816793924	3.228186175610854e-11	-641496.8398429374	1.8332748767364374e8	0.
0.000014286402125288006	3.228186175610854e-11	-504012.99844208895	1.564482704144474e8	0.
0.000019301841169272092	3.228186175610854e-11	-645877.3332481973	1.841164344830862e8	0.
0.000014438385126620856	3.228186175610854e-11	-508213.0615221636	1.573395209339813e8	0.
0.000019453824170604944	3.228186175610854e-11	-650261.9379835508	1.849025307291687e8	0.
0.000014590368127953708	3.228186175610854e-11	-512420.57265359146	1.5822728351321912e8	0.
0.000019605807171937795	3.228186175610854e-11	-654650.5826912862	1.8568579633439362e8	0.
0.00001474235112928656	3.228186175610854e-11	-516635.38818217994	1.5911156829345384e8	0.
0.000019757790173270647	3.228186175610854e-11	-659043.1975184216	1.8646625415528044e8	0.
0.00001489433413061941	3.228186175610854e-11	-520857.3675797954	1.599923957877611e8	0.
0.000019909773174603496	3.228186175610854e-11	-663439.7140814724	1.872439208039111e8	0.
0.000015046317131952261	3.228186175610854e-11	-525086.3733795877	1.608697792003526e8	0.
0.000020061756175936347	3.228186175610854e-11	-667840.0654320468	1.8801882201055944e8	0.
0.000015198300133285111	3.228186175610854e-11	-529322.2711119034	1.6174373949508727e8	0.
0.0000202137391772692	3.228186175610854e-11	-672244.18602325	1.8879097586672196e8	0.
0.00001535028313461796	3.228186175610854e-11	-533564.9292409386	1.626142896302687e8	0.
0.00002036572217860205	3.228186175610854e-11	-676652.0116768876	1.8956040879357642e8	0.
0.000020517705179934903	3.228186175610854e-11	-681063.4795514464	1.9032713317249796e8	0.
0.00002553314422391899	3.228186175610854e-11	-828340.6106077348	2.1424083129472673e8	0.
0.00002066968818126775	3.228186175610854e-11	-685478.5281108435	1.9109117435449955e8	0.
0.00002568512722525184	3.228186175610854e-11	-832846.295335282	2.1492706558649617e8	0.
0.000020821671182600603	3.228186175610854e-11	-689897.097093923	1.9185255526191965e8	0.
0.00002583711022658469	3.228186175610854e-11	-837354.0652058563	2.156112395531092e8	0.
0.000020973654183933455	3.228186175610854e-11	-694319.1274846874	1.9261129401768824e8	0.
0.00002598909322791754	3.228186175610854e-11	-841863.8895528574	2.1629336763554516e8	0.
0.000021125637185266307	3.228186175610854e-11	-698744.5614832483	1.933674076584668e8	0.
0.000026141076229250393	3.228186175610854e-11	-846375.7382797063	2.1697346666063857e8	0.
0.00002127762018659916	3.228186175610854e-11	-703173.3424774809	1.941209227699738e8	0.
0.000026293059230583244	3.228186175610854e-11	-850889.58184738	2.1765154809622112e8	0.
0.000021429603187932007	3.228186175610854e-11	-707605.4150153657	1.9487185471130696e8	0.
0.000026445042231916096	3.228186175610854e-11	-855405.39126225	2.1832763229257375e8	0.
0.00002158158618926486	3.228186175610854e-11	-712040.7247780048	1.9562022342493895e8	0.
0.000026597025233248945	3.228186175610854e-11	-859923.1380642154	2.1900173193787146e8	0.
0.00002173356919059771	3.228186175610854e-11	-716479.2185532962	1.9636605202557182e8	0.
0.000026749008234581796	3.228186175610854e-11	-864442.7943151265	2.196738575732155e8	0.
0.000021885552191930562	3.228186175610854e-11	-720920.8442102509	1.9710936024184713e8	0.
0.000026900991235914648	3.228186175610854e-11	-868964.3325874881	2.2034403211651316e8	0.
0.000022037535193263414	3.228186175610854e-11	-725365.5506739399	1.9785016139883953e8	0.
0.0000270529742372475	3.228186175610854e-11	-873487.7259534368	2.210122649099115e8	0.
0.000022189518194596263	3.228186175610854e-11	-729813.2879010566	1.985884856181758e8	0.
0.000027204957238580352	3.228186175610854e-11	-878012.9479739852	2.216785718551112e8	0.
0.000022341501195929114	3.228186175610854e-11	-734264.0068560769	1.993243414915805e8	0.
0.0000273569402399132	3.228186175610854e-11	-882539.972688526	2.2234296711918205e8	0.
0.000022493484197261966	3.228186175610854e-11	-738717.6594880089	2.0005775182374305e8	0.
0.000027508923241246052	3.228186175610854e-11	-887068.7746045892	2.2300546367749354e8	0.
0.000022645467198594818	3.228186175610854e-11	-743174.1987077129	2.0078874196526155e8	0.
0.000027660906242578904	3.228186175610854e-11	-891599.3286878456	2.236660794960238e8	0.
0.00002279745019992767	3.228186175610854e-11	-747633.5783657806	2.0151732282002062e8	0.
0.000027812889243911756	3.228186175610854e-11	-896131.6103523505	2.2432482464121562e8	0.
0.000022949433201260518	3.228186175610854e-11	-752095.7532309615	2.022435142991709e8	0.
0.000027964872245244608	3.228186175610854e-11	-900665.5954510219	2.2498171273225725e8	0.
0.00002310141620259337	3.228186175610854e-11	-756560.6789691205	2.0296733789009798e8	0.
0.000028116855246577456	3.228186175610854e-11	-905201.2602663467	2.256367630241087e8	0.
0.000023253399203926222	3.228186175610854e-11	-761028.3121227147	2.0368881188258767e8	0.
0.000028268838247910308	3.228186175610854e-11	-909738.5815013082	2.2628998198451072e8	0.
0.000023405382205259074	3.228186175610854e-11	-765498.6100907786	2.0440795031196642e8	0.
0.00002842082124924316	3.228186175610854e-11	-914277.5362705307	2.2694138299843267e8	0.
0.000023557365206591925	3.228186175610854e-11	-769971.5311094032	2.0512477710529676e8	0.
0.00002857280425057601	3.228186175610854e-11	-918818.1020916346	2.2759098381663835e8	0.
0.000023709348207924774	3.228186175610854e-11	-774447.0342326968	2.0583930573757088e8	0.
0.000028724787251908863	3.228186175610854e-11	-923360.2568767979	2.282387983643192e8	0.
0.000023861331209257626	3.228186175610854e-11	-778925.0793142178	2.0655155273606846e8	0.
0.00002887677025324171	3.228186175610854e-11	-927903.9789245148	2.2888483724149725e8	0.
0.000024013314210590477	3.228186175610854e-11	-783405.6269888654	2.0726154261740065e8	0.
0.000029028753254574563	3.228186175610854e-11	-932449.2469115539	2.2952911051735812e8	0.
0.00002416529721192333	3.228186175610854e-11	-787888.638655217	2.0796928618083817e8	0.
0.000029180736255907415	3.228186175610854e-11	-936996.0398851021	2.301716337881289e8	0.
0.00002431728021325618	3.228186175610854e-11	-792374.0764583037	2.0867480596861708e8	0.
0.000029332719257240267	3.228186175610854e-11	-941544.3372550957	2.308124219377426e8	0.
0.00002446926321458903	3.228186175610854e-11	-796861.9032728091	2.0937811522337288e8	0.
0.00002948470225857312	3.228186175610854e-11	-946094.1187867315	2.3145148515389097e8	0.
0.00002462124621592188	3.228186175610854e-11	-801352.0826866842	2.1007923225882092e8	0.
0.000029636685259905967	3.228186175610854e-11	-950645.3645931534	2.3208883171510306e8	0.
0.000024773229217254733	3.228186175610854e-11	-805844.5789851653	2.107781740131996e8	0.
0.00002978866826123882	3.228186175610854e-11	-955198.0551283103	2.327244829599025e8	0.
0.000024925212218587585	3.228186175610854e-11	-810339.3571351863	2.114749587382705e8	0.
0.00002994065126257167	3.228186175610854e-11	-959752.171179981	2.333584431961378e8	0.
0.000025077195219920433	3.228186175610854e-11	-814836.3827701743	2.121695982763585e8	0.
0.000030092634263904523	3.228186175610854e-11	-964307.6938629609	2.3399072217118093e8	0.
0.000025229178221253285	3.228186175610854e-11	-819335.6221752207	2.128621137597781e8	0.
0.000030244617265237375	3.228186175610854e-11	-968864.6046124093	2.3462134633967084e8	0.
0.000025381161222586137	3.228186175610854e-11	-823837.042272615	2.1355251986688772e8	0.
0.000030396600266570223	3.228186175610854e-11	-973422.8851773466	2.352503128655673e8	0.
