# Filename	C:\Users\edmag\Documents\Work\2D-Comp-Model\computation\Turning Timeresults\2018-02-05T05-31-52.txt
# Source	C:\Users\edmag\Documents\Work\2D-Comp-Model\computation\Turning Time\turning.nb
# Note	1D calculation of turning time vs. field and orbit energy.
# Date	2018-02-05T05:31:52
# Dir	-1
# field	2.1975002279760637e-11
# zi	-6.
W	field	zt	t	argt
-0.000030396600266570223	2.1975002279760637e-11	-32151.114274196145	6.349436516675439e6	-3.177423694679436e-7
-0.000025229178221253285	2.1975002279760637e-11	-38355.271636689045	8.244231966238412e6	0.
-0.000030244617265237375	2.1975002279760637e-11	-32305.44973625054	6.394697422881854e6	0.
-0.000025077195219920433	2.1975002279760637e-11	-38573.04717755851	8.313428925463101e6	0.
-0.000030092634263904523	2.1975002279760637e-11	-32461.24036726835	6.440484711550092e6	0.
-0.000024925212218587585	2.1975002279760637e-11	-38793.2302169606	8.383569170074069e6	0.
-0.00002994065126257167	2.1975002279760637e-11	-32618.506361916996	6.486808185275087e6	-1.4980316924698182e-7
-0.000024773229217254733	2.1975002279760637e-11	-39015.8595575638	8.454667912756812e6	0.
-0.00002978866826123882	2.1975002279760637e-11	-32777.268281002645	6.53367826959036e6	0.
-0.00002462124621592188	2.1975002279760637e-11	-39240.974810130785	8.526745660577914e6	0.
-0.000029636685259905967	2.1975002279760637e-11	-32937.547059584074	6.581101021293035e6	0.
-0.00002446926321458903	2.1975002279760637e-11	-39468.61641380531	8.599814935728231e6	0.
-0.00002948470225857312	2.1975002279760637e-11	-33099.36401529331	6.629088895033775e6	0.
-0.00002431728021325618	2.1975002279760637e-11	-39698.82565698496	8.673900716327885e6	0.
-0.000029332719257240267	2.1975002279760637e-11	-33262.740856874305	6.677646484141095e6	0.
-0.00002416529721192333	2.1975002279760637e-11	-39931.64469879602	8.749019140113996e6	0.
-0.000029180736255907415	2.1975002279760637e-11	-33427.69969294429	6.726782099173036e6	-2.5748735642659406e-7
-0.000024013314210590477	2.1975002279760637e-11	-40167.11659119187	8.82518979449105e6	0.
-0.000029028753254574563	2.1975002279760637e-11	-33594.26304098349	6.776513690906166e6	0.
-0.000023861331209257626	2.1975002279760637e-11	-40405.2853016933	8.902433621452644e6	0.
-0.00002887677025324171	2.1975002279760637e-11	-33762.45383656159	6.826842854865915e6	0.
-0.000023709348207924774	2.1975002279760637e-11	-40646.19573679143	8.980770260826373e6	0.
-0.000028724787251908863	2.1975002279760637e-11	-33932.29544280666	6.877783645098775e6	0.
-0.000023557365206591925	2.1975002279760637e-11	-40889.89376603504	9.060220780689025e6	0.
-0.00002857280425057601	2.1975002279760637e-11	-34103.81166012417	6.929345048021682e6	0.
-0.000023405382205259074	2.1975002279760637e-11	-41136.426246823605	9.14080746020166e6	0.
-0.00002842082124924316	2.1975002279760637e-11	-34277.026736174	6.981537184935608e6	0.
-0.000023253399203926222	2.1975002279760637e-11	-41385.8410499283	9.222550899496684e6	0.
-0.000028268838247910308	2.1975002279760637e-11	-34451.96537611256	7.034371704348803e6	0.
-0.00002310141620259337	2.1975002279760637e-11	-41638.18708576575	9.305474979593052e6	0.
-0.000028116855246577456	2.1975002279760637e-11	-34628.6527531079	7.087858285150543e6	0.
-0.000022949433201260518	2.1975002279760637e-11	-41893.51433144654	9.389600923163515e6	0.
-0.000027964872245244608	2.1975002279760637e-11	-34807.11451913667	7.142006870543556e6	0.
-0.00002279745019992767	2.1975002279760637e-11	-42151.873858625775	9.474954816324068e6	0.
-0.000027812889243911756	2.1975002279760637e-11	-34987.37681607091	7.196835009892012e6	0.
-0.000022645467198594818	2.1975002279760637e-11	-42413.31786217872	9.561558447756793e6	0.
-0.000027660906242578904	2.1975002279760637e-11	-35169.466287062816	7.252341077220869e6	0.
-0.000022493484197261966	2.1975002279760637e-11	-42677.89968973104	9.649437547384525e6	0.
-0.000027508923241246052	2.1975002279760637e-11	-35353.41008823873	7.308549483477944e6	0.
-0.000022341501195929114	2.1975002279760637e-11	-42945.673872068546	9.738617366308438e6	0.
-0.0000273569402399132	2.1975002279760637e-11	-35539.23590070812	7.365467406597469e6	0.
-0.000022189518194596263	2.1975002279760637e-11	-43216.696154456375	9.829124765682474e6	0.
-0.000027204957238580352	2.1975002279760637e-11	-35726.97194290116	7.423107938895355e6	0.
-0.000022037535193263414	2.1975002279760637e-11	-43491.02352889587	9.920983846823731e6	0.
-0.0000270529742372475	2.1975002279760637e-11	-35916.64698324147	7.481482581793615e6	0.
-0.000021885552191930562	2.1975002279760637e-11	-43768.71426735085	1.0014224935994748e7	0.
-0.000026900991235914648	2.1975002279760637e-11	-36108.290353166965	7.54060891505108e6	0.
-0.00002173356919059771	2.1975002279760637e-11	-44049.82795597182	1.01088740148572e7	0.
-0.000026749008234581796	2.1975002279760637e-11	-36301.93196050695	7.600488264229888e6	0.
-0.00002158158618926486	2.1975002279760637e-11	-44334.42553035364	1.0204960471109737e7	0.
-0.000026597025233248945	2.1975002279760637e-11	-36497.602303229214	7.6611447293266365e6	0.
-0.000021429603187932007	2.1975002279760637e-11	-44622.56931185698	1.0302513038630815e7	0.
-0.000026445042231916096	2.1975002279760637e-11	-36695.33248356575	7.722588784942101e6	0.
-0.00002127762018659916	2.1975002279760637e-11	-44914.3230450297	1.0401562718622524e7	0.
-0.000026293059230583244	2.1975002279760637e-11	-36895.15422253064	7.784833799040134e6	0.
-0.000021125637185266307	2.1975002279760637e-11	-45209.751936162305	1.0502139304406708e7	0.
-0.000026141076229250393	2.1975002279760637e-11	-37097.09987484184	7.847895668343374e6	0.
-0.000020973654183933455	2.1975002279760637e-11	-45508.922693015	1.0604276542997444e7	0.
-0.00002598909322791754	2.1975002279760637e-11	-37301.2024442583	7.91178646461311e6	0.
-0.000020821671182600603	2.1975002279760637e-11	-45811.90356575278	1.0708002057009432e7	0.
-0.00002583711022658469	2.1975002279760637e-11	-37507.495599347654	7.976523221898313e6	0.
-0.00002066968818126775	2.1975002279760637e-11	-46118.76438912867	1.0813353601721052e7	0.
-0.00002568512722525184	2.1975002279760637e-11	-37716.013689694875	8.042120159159666e6	0.
-0.000020517705179934903	2.1975002279760637e-11	-46429.57662595363	1.092036650964111e7	0.
-0.00002553314422391899	2.1975002279760637e-11	-37926.79176256851	8.108593171739355e6	0.
-0.00002036572217860205	2.1975002279760637e-11	-46744.41341189508	1.1029068605376896e7	0.
-0.000025381161222586137	2.1975002279760637e-11	-38139.86558005673	8.175958311020893e6	0.
-0.0000202137391772692	2.1975002279760637e-11	-47063.34960164695	1.1139504136116104e7	0.
-0.000020061756175936347	2.1975002279760637e-11	-47386.46181651313	1.1251701317749487e7	0.
-0.00001489433413061941	2.1975002279760637e-11	-61550.2034543073	1.6457379938678086e7	0.
-0.000019909773174603496	2.1975002279760637e-11	-47713.828493451736	1.1365705308362728e7	0.
-0.00001474235112928656	2.1975002279760637e-11	-62085.998573197336	1.6664260943634786e7	0.
-0.000019757790173270647	2.1975002279760637e-11	-48045.52993562357	1.1481551867272928e7	0.
-0.000014590368127953708	2.1975002279760637e-11	-62630.457034046085	1.6875154629188634e7	0.
-0.000019605807171937795	2.1975002279760637e-11	-48381.648364495115	1.1599281442754637e7	0.
-0.000014438385126620856	2.1975002279760637e-11	-63183.772160613385	1.7090160593719505e7	0.
-0.000019453824170604944	2.1975002279760637e-11	-48722.26797354269	1.171893340616877e7	0.
-0.000014286402125288006	2.1975002279760637e-11	-63746.14245741716	1.7309379234925848e7	0.
-0.000019301841169272092	2.1975002279760637e-11	-49067.474983609536	1.1840549644763274e7	0.
-0.000014134419123955154	2.1975002279760637e-11	-64317.77175862903	1.7532918608532865e7	0.
-0.00001914985816793924	2.1975002279760637e-11	-49417.35769996666	1.1964174721439395e7	0.
-0.000013982436122622304	2.1975002279760637e-11	-64898.86938078529	1.7760884459219433e7	0.
-0.00001899787516660639	2.1975002279760637e-11	-49772.0065711302	1.20898524524638e7	0.
-0.000013830453121289452	2.1975002279760637e-11	-65489.65027934073	1.7993389524984784e7	0.
-0.00001884589216527354	2.1975002279760637e-11	-50131.5142494904	1.221762620717084e7	0.
-0.0000136784701199566	2.1975002279760637e-11	-66090.33520907855	1.8230546661519654e7	0.
-0.000018693909163940688	2.1975002279760637e-11	-50495.975653807574	1.2347543631393777e7	0.
-0.00001352648711862375	2.1975002279760637e-11	-66701.15088838502	1.8472474083461538e7	0.
-0.000018541926162607836	2.1975002279760637e-11	-50865.488033631795	1.2479652985285196e7	0.
-0.000013374504117290898	2.1975002279760637e-11	-67322.33016738255	1.871929225255731e7	0.
-0.000018389943161274984	2.1975002279760637e-11	-51240.15103570501	1.2614001639240712e7	0.
-0.000013222521115958048	2.1975002279760637e-11	-67954.1121999053	1.897112571453795e7	0.
-0.000018237960159942136	2.1975002279760637e-11	-51620.06677240583	1.2750641307651373e7	0.
-0.000013070538114625196	2.1975002279760637e-11	-68596.74261928657	1.9228101759442013e7	0.
-0.000018085977158609284	2.1975002279760637e-11	-52005.33989229725	1.2889623041380636e7	0.
-0.000012918555113292345	2.1975002279760637e-11	-69250.47371791236	1.9490351681232527e7	0.
-0.000017933994157276432	2.1975002279760637e-11	-52396.07765284038	1.3030999039723683e7	0.
-0.000012766572111959494	2.1975002279760637e-11	-69915.56463047894	1.9758009394569326e7	0.
-0.00001778201115594358	2.1975002279760637e-11	-52792.38999533794	1.3174826380804697e7	0.
-0.000012614589110626643	2.1975002279760637e-11	-70592.28152087376	2.0031215760644328e7	0.
-0.00001763002815461073	2.1975002279760637e-11	-53194.38962217137	1.3321156320575368e7	0.
-0.000012462606109293792	2.1975002279760637e-11	-71280.89777257758	2.0310110436667982e7	0.
-0.00001747804515327788	2.1975002279760637e-11	-53602.192076399915	1.3470050505765006e7	0.
-0.00001231062310796094	2.1975002279760637e-11	-71981.69418246619	2.059484182080872e7	0.
-0.00001732606215194503	2.1975002279760637e-11	-54015.91582378581	1.3621566195744194e7	0.
-0.00001215864010662809	2.1975002279760637e-11	-72694.95915786107	2.088555951341654e7	0.
-0.000017174079150612177	2.1975002279760637e-11	-54435.68233731672	1.3775765065848837e7	0.
-0.000012006657105295239	2.1975002279760637e-11	-73420.988916656	2.1182418067730233e7	0.
-0.000017022096149279325	2.1975002279760637e-11	-54861.61618429248	1.3932709039568089e7	0.
-0.000011854674103962387	2.1975002279760637e-11	-74160.08769031384	2.148557676796427e7	0.
-0.000016870113147946473	2.1975002279760637e-11	-55293.8451160474	1.4092459103945054e7	0.
-0.000011702691102629537	2.1975002279760637e-11	-74912.56792949725	2.1795196493938684e7	0.
-0.000016718130146613624	2.1975002279760637e-11	-55732.50016037873	1.4255085241541425e7	0.
-0.000011550708101296685	2.1975002279760637e-11	-75678.75051206248	2.211144761124506e7	0.
-0.000016566147145280773	2.1975002279760637e-11	-56177.71571675123	1.4420652737620406e7	0.
-0.000011398725099963835	2.1975002279760637e-11	-76458.96495310545	2.2434499622516476e7	0.
-0.00001641416414394792	2.1975002279760637e-11	-56629.62965435184	1.4589232310862377e7	0.
-0.000011246742098630983	2.1975002279760637e-11	-77253.54961671158	2.276452981972749e7	0.
-0.00001626218114261507	2.1975002279760637e-11	-57088.38341306427	1.4760894392858231e7	0.
-0.000011094759097298131	2.1975002279760637e-11	-78062.85192901304	2.3101718766534112e7	0.
-0.000016110198141282217	2.1975002279760637e-11	-57554.12210743707	1.4935712056612413e7	0.
-0.000010942776095965281	2.1975002279760637e-11	-78887.22859211171	2.3446253085948925e7	0.
-0.00001595821513994937	2.1975002279760637e-11	-58026.994633716226	1.5113762079211136e7	0.
-0.00001079079309463243	2.1975002279760637e-11	-79727.0457983732	2.3798323109885275e7	0.
-0.000015806232138616517	2.1975002279760637e-11	-58507.15378001348	1.529512097517815e7	0.
-0.00001063881009329958	2.1975002279760637e-11	-80582.67944454218	2.4158123712171298e7	0.
-0.000015654249137283665	2.1975002279760637e-11	-58994.75633968202	1.5479867574508961e7	0.
-0.000010486827091966727	2.1975002279760637e-11	-81454.51534507032	2.4525854980216622e7	0.
-0.000015502266135950813	2.1975002279760637e-11	-59489.96322796826	1.5668085341847962e7	0.
-0.000010334844090633876	2.1975002279760637e-11	-82342.94944398371	2.4901723412658982e7	0.
-0.00001535028313461796	2.1975002279760637e-11	-59992.939602008235	1.5859857707721796e7	0.
-0.000010182861089301025	2.1975002279760637e-11	-83248.38802454917	2.528593915772423e7	0.
-0.000015198300133285111	2.1975002279760637e-11	-60503.85498423532	1.60552704348305e7	0.
-0.000010030878087968174	2.1975002279760637e-11	-84171.24791592703	2.567871757710986e7	0.
-0.000015046317131952261	2.1975002279760637e-11	-61022.88338926357	1.6254415609635552e7	0.
-9.878895086635324e-6	2.1975002279760637e-11	-85111.95669592031	2.6080279544144288e7	0.
-9.726912085302472e-6	2.1975002279760637e-11	-86070.95288884998	2.649084972576282e7	0.
-4.559490039985534e-6	2.1975002279760637e-11	-133467.78234703653	4.772811150320507e7	0.
-9.57492908396962e-6	2.1975002279760637e-11	-87048.68615749956	2.6910660806553606e7	0.
-4.407507038652682e-6	2.1975002279760637e-11	-135434.01016307998	4.8628584939294904e7	0.
-9.42294608263677e-6	2.1975002279760637e-11	-88045.61748798199	2.7339948401117958e7	0.
-4.255524037319831e-6	2.1975002279760637e-11	-137441.78688751467	4.954826763155545e7	0.
-9.270963081303918e-6	2.1975002279760637e-11	-89062.21936628797	2.7778955022183064e7	0.
-4.10354103598698e-6	2.1975002279760637e-11	-139491.88885242463	5.048738617002813e7	0.
-9.118980079971068e-6	2.1975002279760637e-11	-90098.97594517456	2.822792534563163e7	0.
-3.951558034654129e-6	2.1975002279760637e-11	-141585.08834271377	5.1446154342982344e7	0.
-8.966997078638216e-6	2.1975002279760637e-11	-91156.38319995158	2.868711186610834e7	0.
-3.799575033321278e-6	2.1975002279760637e-11	-143722.1520393303	5.242477099842626e7	0.
-8.815014077305364e-6	2.1975002279760637e-11	-92234.94907161468	2.915677276735146e7	0.
-3.647592031988427e-6	2.1975002279760637e-11	-145903.839395915	5.34234183783086e7	0.
-8.663031075972514e-6	2.1975002279760637e-11	-93335.19359566548	2.9637169612428576e7	0.
-3.495609030655576e-6	2.1975002279760637e-11	-148130.90095334785	5.444225934808253e7	0.
-8.511048074639662e-6	2.1975002279760637e-11	-94457.64901484537	3.0128568756186895e7	0.
-3.3436260293227246e-6	2.1975002279760637e-11	-150404.07659752076	5.548144137987074e7	0.
-8.359065073306812e-6	2.1975002279760637e-11	-95602.85987389449	3.0631243124149207e7	0.
-3.1916430279898736e-6	2.1975002279760637e-11	-152724.0937665314	5.654108535435693e7	0.
-8.20708207197396e-6	2.1975002279760637e-11	-96771.38309433026	3.1145468245788418e7	0.
-3.0396600266570226e-6	2.1975002279760637e-11	-155091.66561436967	5.7621296767454706e7	0.
-8.055099070641109e-6	2.1975002279760637e-11	-97963.78802712326	3.1671526767776817e7	0.
-2.8876770253241713e-6	2.1975002279760637e-11	-157507.48913903118	5.8722154842850186e7	0.
-7.903116069308259e-6	2.1975002279760637e-11	-99180.65648102973	3.2209703388678316e7	0.
-2.7356940239913203e-6	2.1975002279760637e-11	-159972.243283841	5.984371609750526e7	0.
-7.751133067975407e-6	2.1975002279760637e-11	-100422.58272422613	3.2760287795888625e7	0.
-2.583711022658469e-6	2.1975002279760637e-11	-162486.58702157717	6.098601274180263e7	0.
-7.599150066642556e-6	2.1975002279760637e-11	-101690.17345677681	3.33235745431105e7	0.
-2.431728021325618e-6	2.1975002279760637e-11	-165051.1574317421	6.214905092723987e7	0.
-7.447167065309705e-6	2.1975002279760637e-11	-102984.04775135874	3.3899861415050514e7	0.
-2.279745019992767e-6	2.1975002279760637e-11	-167666.56778201862	6.333280746215994e7	0.
-7.295184063976854e-6	2.1975002279760637e-11	-104304.83695956507	3.4489448070818804e7	0.
-2.1277620186599156e-6	2.1975002279760637e-11	-170333.4056255539	6.453723656645174e7	0.
-7.143201062644003e-6	2.1975002279760637e-11	-105653.18458101562	3.509264091260769e7	0.
-1.9757790173270646e-6	2.1975002279760637e-11	-173052.23092621678	6.576225938393899e7	0.
-6.991218061311152e-6	2.1975002279760637e-11	-107029.74609241782	3.5709744439407006e7	0.
-1.8237960159942135e-6	2.1975002279760637e-11	-175823.57422436812	6.700777189614508e7	0.
-6.8392350599783e-6	2.1975002279760637e-11	-108435.18873365343	3.634106840574758e7	0.
-1.6718130146613623e-6	2.1975002279760637e-11	-178647.93485593892	6.82736359578009e7	0.
-6.687252058645449e-6	2.1975002279760637e-11	-109870.1912479081	3.698692454705229e7	0.
-1.5198300133285113e-6	2.1975002279760637e-11	-181525.7792377339	6.955968914273435e7	0.
-6.535269057312598e-6	2.1975002279760637e-11	-111335.44357282553	3.764762503806247e7	0.
-1.3678470119956601e-6	2.1975002279760637e-11	-184457.53923183872	7.086573605735882e7	0.
-6.383286055979747e-6	2.1975002279760637e-11	-112831.64647965146	3.832348087518204e7	0.
-1.215864010662809e-6	2.1975002279760637e-11	-187443.61060181755	7.21915497009708e7	0.
-6.231303054646896e-6	2.1975002279760637e-11	-114359.51115734049	3.901480819718692e7	0.
-1.0638810093299578e-6	2.1975002279760637e-11	-190484.35157302322	7.353687871726081e7	0.
-6.079320053314045e-6	2.1975002279760637e-11	-115919.75873863441	3.972191860595715e7	0.
-9.118980079971067e-7	2.1975002279760637e-11	-193580.08150881226	7.490143444254954e7	0.
-5.9273370519811935e-6	2.1975002279760637e-11	-117513.11976518834	4.044512380175539e7	0.
-7.599150066642557e-7	2.1975002279760637e-11	-196731.0797137623	7.628490491762175e7	0.
-5.7753540506483425e-6	2.1975002279760637e-11	-119140.33358892084	4.118473358969912e7	0.
-6.079320053314045e-7	2.1975002279760637e-11	-199937.5843741261	7.76869460837254e7	0.
-5.6233710493154915e-6	2.1975002279760637e-11	-120802.14770690433	4.194105507581977e7	0.
-4.5594900399855336e-7	2.1975002279760637e-11	-203199.79164474655	7.910718597899073e7	0.
-5.4713880479826406e-6	2.1975002279760637e-11	-122499.31702729195	4.271439276115438e7	0.
-3.0396600266570224e-7	2.1975002279760637e-11	-206517.85489049993	8.054522570231819e7	0.
-5.31940504664979e-6	2.1975002279760637e-11	-124232.60306400232	4.3505046674096696e7	0.
-1.5198300133285112e-7	2.1975002279760637e-11	-209891.88408905256	8.200064002094711e7	0.
-5.167422045316938e-6	2.1975002279760637e-11	-126002.77305815688	4.431330973679752e7	0.
0.	2.1975002279760637e-11	-213321.945400328	8.347298000342219e7	0.
-5.015439043984087e-6	2.1975002279760637e-11	-127810.59902458724	4.513947146386039e7	0.
1.5198300133285112e-7	2.1975002279760637e-11	-216808.06090660088	8.496176973816034e7	0.
-4.863456042651236e-6	2.1975002279760637e-11	-129656.85672210669	4.598381244436105e7	0.
3.0396600266570224e-7	2.1975002279760637e-11	-220350.20852559648	8.646651193394627e7	0.
-4.711473041318385e-6	2.1975002279760637e-11	-131542.32454667048	4.684660428776705e7	0.
5.4713880479826406e-6	2.1975002279760637e-11	-371481.68245903007	1.4293276636632133e8	0.
4.5594900399855336e-7	2.1975002279760637e-11	-223948.3220973914	8.798668691115013e7	0.
5.6233710493154915e-6	2.1975002279760637e-11	-376700.68995619065	1.4463145017737347e8	0.
6.079320053314045e-7	2.1975002279760637e-11	-227602.2916443192	8.952175766466004e7	0.
5.7753540506483425e-6	2.1975002279760637e-11	-381955.0526557554	1.4632683093547112e8	0.
7.599150066642557e-7	2.1975002279760637e-11	-231311.9638015037	9.107116905433016e7	0.
5.9273370519811935e-6	2.1975002279760637e-11	-387244.0156495712	1.480185981286261e8	0.
9.118980079971067e-7	2.1975002279760637e-11	-235077.14241410198	9.263434867312454e7	0.
6.079320053314045e-6	2.1975002279760637e-11	-392566.83144056564	1.4970646251025406e8	0.
1.0638810093299578e-6	2.1975002279760637e-11	-238897.58929586117	9.421070747968787e7	0.
6.231303054646896e-6	2.1975002279760637e-11	-397922.76067681995	1.5139014978118923e8	0.
1.215864010662809e-6	2.1975002279760637e-11	-242773.0251422038	9.579964790319738e7	0.
6.383286055979747e-6	2.1975002279760637e-11	-403311.0728166792	1.530694016598608e8	0.
1.3678470119956601e-6	2.1975002279760637e-11	-246703.1305897732	9.740056195949446e7	0.
6.535269057312598e-6	2.1975002279760637e-11	-408731.04672740155	1.547439753520901e8	0.
1.5198300133285113e-6	2.1975002279760637e-11	-250687.5474132167	9.901283097936495e7	0.
6.687252058645449e-6	2.1975002279760637e-11	-414181.97122003237	1.5641364170085254e8	0.
1.6718130146613623e-6	2.1975002279760637e-11	-254725.87984897	1.0063582857042891e8	0.
6.8392350599783e-6	2.1975002279760637e-11	-419663.145523326	1.5807819006315008e8	0.
1.8237960159942135e-6	2.1975002279760637e-11	-258817.69603494747	1.0226892787207665e8	0.
6.991218061311152e-6	2.1975002279760637e-11	-425173.8796996387	1.597374215172826e8	0.
1.9757790173270646e-6	2.1975002279760637e-11	-262962.5295543444	1.0391149236620837e8	0.
7.143201062644003e-6	2.1975002279760637e-11	-430713.4950057848	1.6139114669169593e8	0.
2.1277620186599156e-6	2.1975002279760637e-11	-267159.88107122976	1.055628914194061e8	0.
7.295184063976854e-6	2.1975002279760637e-11	-436281.32420188247	1.6303919618272787e8	0.
2.279745019992767e-6	2.1975002279760637e-11	-271409.2200452428	1.0722249218362898e8	0.
7.447167065309705e-6	2.1975002279760637e-11	-441876.71181122446	1.6468141285587865e8	0.
2.431728021325618e-6	2.1975002279760637e-11	-275709.9865125146	1.0888966634297056e8	0.
7.599150066642556e-6	2.1975002279760637e-11	-447499.0143341908	1.6631764596059197e8	0.
2.583711022658469e-6	2.1975002279760637e-11	-280061.5929198979	1.1056378137089762e8	0.
7.751133067975407e-6	2.1975002279760637e-11	-453147.6004191884	1.6794776118847215e8	0.
2.7356940239913203e-6	2.1975002279760637e-11	-284463.42599971005	1.1224422150292961e8	0.
7.903116069308259e-6	2.1975002279760637e-11	-458821.85099354025	1.6957163317594916e8	0.
2.8876770253241713e-6	2.1975002279760637e-11	-288914.8486724485	1.1393037243510222e8	0.
8.055099070641109e-6	2.1975002279760637e-11	-464521.1593571821	1.7118915366318485e8	0.
3.0396600266570226e-6	2.1975002279760637e-11	-293415.2019653353	1.156216322114511e8	0.
8.20708207197396e-6	2.1975002279760637e-11	-470244.93124193733	1.7280021022263855e8	0.
3.1916430279898736e-6	2.1975002279760637e-11	-297963.8069350453	1.17317402573212e8	0.
8.359065073306812e-6	2.1975002279760637e-11	-475992.58483904984	1.7440471775723273e8	0.
3.3436260293227246e-6	2.1975002279760637e-11	-302559.9665835829	1.1901710293474688e8	0.
8.511048074639662e-6	2.1975002279760637e-11	-481763.5507975491	1.7600259257754594e8	0.
3.495609030655576e-6	2.1975002279760637e-11	-307202.96775695833	1.2072015992343526e8	0.
8.663031075972514e-6	2.1975002279760637e-11	-487557.2721959174	1.775937511760065e8	0.
3.647592031988427e-6	2.1975002279760637e-11	-311892.0830170737	1.2242601683303271e8	0.
8.815014077305364e-6	2.1975002279760637e-11	-493373.2044894148	1.7917813563969094e8	0.
3.799575033321278e-6	2.1975002279760637e-11	-316626.5724780373	1.241341324065183e8	0.
8.966997078638216e-6	2.1975002279760637e-11	-499210.81543530006	1.8075568369004658e8	0.
3.951558034654129e-6	2.1975002279760637e-11	-321405.68559896905	1.258439728705414e8	0.
9.118980079971068e-6	2.1975002279760637e-11	-505069.5849980714	1.82326349415516e8	0.
4.10354103598698e-6	2.1975002279760637e-11	-326228.6629262282	1.2755502703618401e8	0.
9.270963081303918e-6	2.1975002279760637e-11	-510949.005236733	1.838900816870222e8	0.
4.255524037319831e-6	2.1975002279760637e-11	-331094.7377788665	1.2926679953477591e8	0.
9.42294608263677e-6	2.1975002279760637e-11	-516848.58017597534	1.8544684925774413e8	0.
4.407507038652682e-6	2.1975002279760637e-11	-336003.1378719801	1.3097880874625005e8	0.
9.57492908396962e-6	2.1975002279760637e-11	-522767.8256630412	1.8699662200596297e8	0.
4.559490039985534e-6	2.1975002279760637e-11	-340953.08687348495	1.3269059180468379e8	0.
9.726912085302472e-6	2.1975002279760637e-11	-528706.2692119399	1.8853937164289436e8	0.
4.711473041318385e-6	2.1975002279760637e-11	-345943.8058906672	1.3440170199420744e8	0.
9.878895086635324e-6	2.1975002279760637e-11	-534663.4498365585	1.900750842475883e8	0.
4.863456042651236e-6	2.1975002279760637e-11	-350974.5148836516	1.3611170752150273e8	0.
0.000010030878087968174	2.1975002279760637e-11	-540638.9178741134	1.9160374420863438e8	0.
5.015439043984087e-6	2.1975002279760637e-11	-356044.4340036805	1.378202052229771e8	0.
0.000010182861089301025	2.1975002279760637e-11	-546632.2348002839	1.931253477323613e8	0.
5.167422045316938e-6	2.1975002279760637e-11	-361152.7848547984	1.3952679424202338e8	0.
0.000010334844090633876	2.1975002279760637e-11	-552642.9730372668	1.9463988957235092e8	0.
5.31940504664979e-6	2.1975002279760637e-11	-366298.79167819215	1.4123109984475058e8	0.
0.000010486827091966727	2.1975002279760637e-11	-558670.7157559016	1.961473680418626e8	0.
0.000015502266135950813	2.1975002279760637e-11	-764939.9986178927	2.421113869860067e8	0.
0.00001063881009329958	2.1975002279760637e-11	-564715.0566729218	1.9764779220419633e8	0.
0.000015654249137283665	2.1975002279760637e-11	-771360.9685471548	2.4339792571538457e8	0.
0.00001079079309463243	2.1975002279760637e-11	-570775.599844301	1.991411716145592e8	0.
0.000015806232138616517	2.1975002279760637e-11	-777789.5428050346	2.4467878316293296e8	0.
0.000010942776095965281	2.1975002279760637e-11	-576851.9594555878	2.0062751983131853e8	0.
0.00001595821513994937	2.1975002279760637e-11	-784225.5604762856	2.459540105131884e8	0.
0.000011094759097298131	2.1975002279760637e-11	-582943.7596100374	2.0210685695650038e8	0.
0.000016110198141282217	2.1975002279760637e-11	-790668.8647675547	2.4722365581225765e8	0.
0.000011246742098630983	2.1975002279760637e-11	-589050.6341152843	2.035791974525115e8	0.
0.00001626218114261507	2.1975002279760637e-11	-797119.3028907302	2.4848777490711218e8	0.
0.000011398725099963835	2.1975002279760637e-11	-595172.2262692264	2.0504456532638162e8	0.
0.00001641416414394792	2.1975002279760637e-11	-803576.725949566	2.4974641567435247e8	0.
0.000011550708101296685	2.1975002279760637e-11	-601308.1886457317	2.0650298795610115e8	0.
0.000016566147145280773	2.1975002279760637e-11	-810040.9888295138	2.5099963090203792e8	0.
0.000011702691102629537	2.1975002279760637e-11	-607458.1828807148	2.079544945695441e8	0.
0.000016718130146613624	2.1975002279760637e-11	-816511.9500906896	2.5224746301727036e8	0.
0.000011854674103962387	2.1975002279760637e-11	-613621.8794590797	2.093991188785007e8	0.
0.000016870113147946473	2.1975002279760637e-11	-822989.4718639064	2.534899692156163e8	0.
0.000012006657105295239	2.1975002279760637e-11	-619798.9575029701	2.1083688462708017e8	0.
0.000017022096149279325	2.1975002279760637e-11	-829473.4197496999	2.5472719653070334e8	0.
0.00001215864010662809	2.1975002279760637e-11	-625989.1045617235	2.122678350516533e8	0.
0.000017174079150612177	2.1975002279760637e-11	-835963.6627202722	2.5595919149882463e8	0.
0.00001231062310796094	2.1975002279760637e-11	-632192.0164038768	2.1369199997550887e8	0.
0.00001732606215194503	2.1975002279760637e-11	-842460.0730242897	2.571860076002284e8	0.
0.000012462606109293792	2.1975002279760637e-11	-638407.3968115365	2.1510942491045895e8	0.
0.00001747804515327788	2.1975002279760637e-11	-848962.5260944522	2.58407693082563e8	0.
0.000012614589110626643	2.1975002279760637e-11	-644634.9573773809	2.16520148658188e8	0.
0.00001763002815461073	2.1975002279760637e-11	-855470.9004577717	2.5962428933296233e8	0.
0.000012766572111959494	2.1975002279760637e-11	-650874.4173045345	2.1792420760966432e8	0.
0.00001778201115594358	2.1975002279760637e-11	-861985.0776484866	2.6083585078377974e8	0.
0.000012918555113292345	2.1975002279760637e-11	-657125.503209516	2.193216499389038e8	0.
0.000017933994157276432	2.1975002279760637e-11	-868504.9421235374	2.620424223920721e8	0.
0.000013070538114625196	2.1975002279760637e-11	-663387.9489284386	2.207125205735835e8	0.
0.000018085977158609284	2.1975002279760637e-11	-875030.3811805425	2.632440534608897e8	0.
0.000013222521115958048	2.1975002279760637e-11	-669661.4953266057	2.2209686259169742e8	0.
0.000018237960159942136	2.1975002279760637e-11	-881561.2848781995	2.6444078578072026e8	0.
0.000013374504117290898	2.1975002279760637e-11	-675945.8901116311	2.2347471937020642e8	0.
0.000018389943161274984	2.1975002279760637e-11	-888097.5459590468	2.6563266780651e8	0.
0.00001352648711862375	2.1975002279760637e-11	-682240.8876501819	2.2484614170205724e8	0.
0.000018541926162607836	2.1975002279760637e-11	-894639.0597745219	2.6681974285983613e8	0.
0.0000136784701199566	2.1975002279760637e-11	-688546.2487884237	2.2621117611323583e8	0.
0.000018693909163940688	2.1975002279760637e-11	-901185.724212246	2.6800206324707314e8	0.
0.000013830453121289452	2.1975002279760637e-11	-694861.7406762342	2.275698736845994e8	0.
0.00001884589216527354	2.1975002279760637e-11	-907737.4396254772	2.691796666749637e8	0.
0.000013982436122622304	2.1975002279760637e-11	-701187.136595227	2.2892227504687533e8	0.
0.00001899787516660639	2.1975002279760637e-11	-914294.1087646652	2.70352597536077e8	0.
0.000014134419123955154	2.1975002279760637e-11	-707522.215790619	2.302684381273083e8	0.
0.00001914985816793924	2.1975002279760637e-11	-920855.6367110497	2.715209024115385e8	0.
0.000014286402125288006	2.1975002279760637e-11	-713866.7633069553	2.3160840590284216e8	0.
0.000019301841169272092	2.1975002279760637e-11	-927421.930812241	2.726846266860872e8	0.
0.000014438385126620856	2.1975002279760637e-11	-720220.5698276999	2.329422412083728e8	0.
0.000019453824170604944	2.1975002279760637e-11	-933992.9006197224	2.738438133445641e8	0.
0.000014590368127953708	2.1975002279760637e-11	-726583.431518681	2.3426998475951353e8	0.
0.000019605807171937795	2.1975002279760637e-11	-940568.4578282232	2.749985010246803e8	0.
0.00001474235112928656	2.1975002279760637e-11	-732955.1498753804	2.3559168320574352e8	0.
0.000019757790173270647	2.1975002279760637e-11	-947148.5162169	2.761487338383657e8	0.
0.00001489433413061941	2.1975002279760637e-11	-739335.5315740387	2.3690739373842877e8	0.
0.000019909773174603496	2.1975002279760637e-11	-953732.9915922764	2.7729455371076626e8	0.
0.000015046317131952261	2.1975002279760637e-11	-745724.3883265434	2.382171717566657e8	0.
0.000020061756175936347	2.1975002279760637e-11	-960321.8017328861	2.784360017075275e8	0.
0.000015198300133285111	2.1975002279760637e-11	-752121.5367390632	2.3952105872465447e8	0.
0.0000202137391772692	2.1975002279760637e-11	-966914.866335568	2.795731165736485e8	0.
0.00001535028313461796	2.1975002279760637e-11	-758526.7981743845	2.4081911584110326e8	0.
0.00002036572217860205	2.1975002279760637e-11	-973512.1069633646	2.8070594788046986e8	0.
0.000020517705179934903	2.1975002279760637e-11	-980113.4469949715	2.81834521415789e8	0.
0.00002553314422391899	2.1975002279760637e-11	-1.1998444971106795e6	3.1692941311803067e8	0.
0.00002066968818126775	2.1975002279760637e-11	-986718.8115756946	2.829588842682576e8	0.
0.00002568512722525184	2.1975002279760637e-11	-1.2065498958553541e6	3.17934247097608e8	0.
0.000020821671182600603	2.1975002279760637e-11	-993328.1275698671	2.840790796277937e8	0.
0.00002583711022658469	2.1975002279760637e-11	-1.213257554582555e6	3.1893597097708553e8	0.
0.000020973654183933455	2.1975002279760637e-11	-999941.3235146775	2.85195135350803e8	0.
0.00002598909322791754	2.1975002279760637e-11	-1.219967438245014e6	3.1993461114312035e8	0.
0.000021125637185266307	2.1975002279760637e-11	-1.0065583295753732e6	2.8630710422632456e8	0.
0.000026141076229250393	2.1975002279760637e-11	-1.226679512493146e6	3.20930195158363e8	0.
0.00002127762018659916	2.1975002279760637e-11	-1.013179077501789e6	2.8741501170789707e8	0.
0.000026293059230583244	2.1975002279760637e-11	-1.2333937436583831e6	3.2192274446845907e8	0.
0.000021429603187932007	2.1975002279760637e-11	-1.0198035005861644e6	2.885188968584863e8	0.
0.000026445042231916096	2.1975002279760637e-11	-1.2401100987369665e6	3.2291228607285285e8	0.
0.00002158158618926486	2.1975002279760637e-11	-1.0264315336222092e6	2.8961879935461396e8	0.
0.000026597025233248945	2.1975002279760637e-11	-1.246828545374178e6	3.238988450135008e8	0.
0.00002173356919059771	2.1975002279760637e-11	-1.0330631128653759e6	2.9071476146425366e8	0.
0.000026749008234581796	2.1975002279760637e-11	-1.253549051849004e6	3.2488244365079564e8	0.
0.000021885552191930562	2.1975002279760637e-11	-1.0396981759943032e6	2.9180680640147036e8	0.
0.000026900991235914648	2.1975002279760637e-11	-1.2602715870592126e6	3.2586311488802296e8	0.
0.000022037535193263414	2.1975002279760637e-11	-1.0463366620733965e6	2.928949787211416e8	0.
0.0000270529742372475	2.1975002279760637e-11	-1.2669961205068352e6	3.268408650829116e8	0.
0.000022189518194596263	2.1975002279760637e-11	-1.0529785115165052e6	2.9397931370015955e8	0.
0.000027204957238580352	2.1975002279760637e-11	-1.2737226222840433e6	3.278157393743169e8	0.
0.000022341501195929114	2.1975002279760637e-11	-1.0596236660516658e6	2.9505984153346145e8	0.
0.0000273569402399132	2.1975002279760637e-11	-1.2804510630593984e6	3.287877465604082e8	0.
0.000022493484197261966	2.1975002279760637e-11	-1.0662720686868764e6	2.961365987475257e8	0.
0.000027508923241246052	2.1975002279760637e-11	-1.2871814140644772e6	3.297569116777052e8	0.
0.000022645467198594818	2.1975002279760637e-11	-1.0729236636768726e6	2.9720961955468416e8	0.
0.000027660906242578904	2.1975002279760637e-11	-1.2939136470808496e6	3.3072326011734605e8	0.
0.00002279745019992767	2.1975002279760637e-11	-1.0795783964908677e6	2.982789348841967e8	0.
0.000027812889243911756	2.1975002279760637e-11	-1.300647734427406e6	3.3168681765478843e8	0.
0.000022949433201260518	2.1975002279760637e-11	-1.0862362137812367e6	2.993445829521925e8	0.
0.000027964872245244608	2.1975002279760637e-11	-1.30738364894802e6	3.326475992762188e8	0.
0.00002310141620259337	2.1975002279760637e-11	-1.0928970633531043e6	3.0040659636629e8	0.
0.000028116855246577456	2.1975002279760637e-11	-1.3141213639995395e6	3.3360563261009717e8	0.
0.000023253399203926222	2.1975002279760637e-11	-1.099560894134815e6	3.01464998314557e8	0.
0.000028268838247910308	2.1975002279760637e-11	-1.3208608534400926e6	3.345609394246702e8	0.
0.000023405382205259074	2.1975002279760637e-11	-1.1062276561492586e6	3.0251983411633813e8	0.
0.00002842082124924316	2.1975002279760637e-11	-1.3276020916177023e6	3.35513535441583e8	0.
0.000023557365206591925	2.1975002279760637e-11	-1.1128973004860184e6	3.035711248513591e8	0.
0.00002857280425057601	2.1975002279760637e-11	-1.3343450533592007e6	3.364634460672122e8	0.
0.000023709348207924774	2.1975002279760637e-11	-1.119569779274323e6	3.046189101112605e8	0.
0.000028724787251908863	2.1975002279760637e-11	-1.3410897139594315e6	3.3741069550937307e8	0.
0.000023861331209257626	2.1975002279760637e-11	-1.1262450456567733e6	3.056632167907591e8	0.
0.00002887677025324171	2.1975002279760637e-11	-1.3478360491707346e6	3.383552994516493e8	0.
0.000024013314210590477	2.1975002279760637e-11	-1.13292305376382e6	3.0670406787785697e8	0.
0.000029028753254574563	2.1975002279760637e-11	-1.3545840351927048e6	3.3929727828069425e8	0.
0.00002416529721192333	2.1975002279760637e-11	-1.1396037586889726e6	3.077415054205396e8	0.
0.000029180736255907415	2.1975002279760637e-11	-1.3613336486622142e6	3.402366619366435e8	0.
0.00002431728021325618	2.1975002279760637e-11	-1.1462871164647096e6	3.087755508030797e8	0.
0.000029332719257240267	2.1975002279760637e-11	-1.3680848666436924e6	3.411734522280828e8	0.
0.00002446926321458903	2.1975002279760637e-11	-1.1529730840390783e6	3.0980624436432916e8	0.
0.00002948470225857312	2.1975002279760637e-11	-1.3748376666196596e6	3.421076858382572e8	0.
0.00002462124621592188	2.1975002279760637e-11	-1.159661619252952e6	3.1083360414186686e8	0.
0.000029636685259905967	2.1975002279760637e-11	-1.3815920264814985e6	3.430393717511747e8	0.
0.000024773229217254733	2.1975002279760637e-11	-1.1663526808179333e6	3.118576607354847e8	0.
0.00002978866826123882	2.1975002279760637e-11	-1.3883479245204653e6	3.439685355480364e8	0.
0.000024925212218587585	2.1975002279760637e-11	-1.1730462282948785e6	3.1287844622128433e8	0.
0.00002994065126257167	2.1975002279760637e-11	-1.395105339418928e6	3.4489519650518656e8	0.
0.000025077195219920433	2.1975002279760637e-11	-1.1797422220730246e6	3.1389598860523474e8	0.
0.000030092634263904523	2.1975002279760637e-11	-1.401864250241828e6	3.458193692637574e8	0.
0.000025229178221253285	2.1975002279760637e-11	-1.1864406233497034e6	3.1491030977128726e8	0.
0.000030244617265237375	2.1975002279760637e-11	-1.4086246364283583e6	3.467410747754884e8	0.
0.000025381161222586137	2.1975002279760637e-11	-1.1931413941106193e6	3.15921442899741e8	0.
0.000030396600266570223	2.1975002279760637e-11	-1.415386477783852e6	3.476603313572065e8	0.
