# Filename	C:\Users\edmag\Documents\Work\2D-Comp-Model\computation\Turning Timeresults\2018-02-05T05-41-36.txt
# Source	C:\Users\edmag\Documents\Work\2D-Comp-Model\computation\Turning Time\turning.nb
# Note	1D calculation of turning time vs. field and orbit energy.
# Date	2018-02-05T05:41:36
# Dir	-1
# field	5.600708545638109e-11
# zi	-6.
W	field	zt	t	argt
-0.000030396600266570223	5.600708545638109e-11	-31114.613432803344	5.976173668842011e6	0.
-0.000030244617265237375	5.600708545638109e-11	-31254.779656350853	6.015547451673912e6	0.
-0.000025229178221253285	5.600708545638109e-11	-36654.11256061321	7.584371241955022e6	0.
-0.000030092634263904523	5.600708545638109e-11	-31396.148076186688	6.055331763191695e6	0.
-0.000025077195219920433	5.600708545638109e-11	-36844.934866978496	7.64156267325001e6	0.
-0.00002994065126257167	5.600708545638109e-11	-31538.7333615224	6.09553320704267e6	0.
-0.000024925212218587585	5.600708545638109e-11	-37037.61192297286	7.699424058532861e6	0.
-0.00002978866826123882	5.600708545638109e-11	-31682.550406153852	6.1361567394966055e6	0.
-0.000024773229217254733	5.600708545638109e-11	-37232.16879723104	7.757964562076601e6	0.
-0.000029636685259905967	5.600708545638109e-11	-31827.614332446316	6.177209078720601e6	0.
-0.00002462124621592188	5.600708545638109e-11	-37428.63097061199	7.817194928448453e6	0.
-0.00002948470225857312	5.600708545638109e-11	-31973.940495395284	6.218695484954861e6	0.
-0.00002446926321458903	5.600708545638109e-11	-37627.0243436703	7.877125290529813e6	0.
-0.000029332719257240267	5.600708545638109e-11	-32121.54448676576	6.260622436887007e6	0.
-0.00002431728021325618	5.600708545638109e-11	-37827.37524425909	7.937766691915067e6	0.
-0.000029180736255907415	5.600708545638109e-11	-32270.442139310195	6.302995836348898e6	0.
-0.00002416529721192333	5.600708545638109e-11	-38029.71043526547	7.999129800410734e6	0.
-0.000029028753254574563	5.600708545638109e-11	-32420.64953106758	6.3458225657506585e6	0.
-0.000024013314210590477	5.600708545638109e-11	-38234.05712248027	8.061225236386014e6	0.
-0.00002887677025324171	5.600708545638109e-11	-32572.182989744284	6.389108046956706e6	0.
-0.000023861331209257626	5.600708545638109e-11	-38440.44296260348	8.124065105937207e6	0.
-0.000028724787251908863	5.600708545638109e-11	-32725.059097179077	6.432858975664238e6	0.
-0.000023709348207924774	5.600708545638109e-11	-38648.89607138627	8.187659970477565e6	0.
-0.00002857280425057601	5.600708545638109e-11	-32879.2946938931	6.477082500525595e6	0.
-0.000023557365206591925	5.600708545638109e-11	-38859.445031911564	8.252021863551505e6	0.
-0.00002842082124924316	5.600708545638109e-11	-33034.90688372655	6.521785207628189e6	0.
-0.000023405382205259074	5.600708545638109e-11	-39072.11890301379	8.317162582493819e6	0.
-0.000028268838247910308	5.600708545638109e-11	-33191.91303856382	6.566973638234463e6	0.
-0.000023253399203926222	5.600708545638109e-11	-39286.947227839155	8.38309365039322e6	0.
-0.000028116855246577456	5.600708545638109e-11	-33350.33080314863	6.612655059283803e6	0.
-0.00002310141620259337	5.600708545638109e-11	-39503.96004254772	8.449828270712074e6	0.
-0.000027964872245244608	5.600708545638109e-11	-33510.178099990386	6.658835608214662e6	0.
-0.000022949433201260518	5.600708545638109e-11	-39723.18788515767	8.517378100198282e6	0.
-0.000027812889243911756	5.600708545638109e-11	-33671.47313436411	6.70552356028781e6	0.
-0.00002279745019992767	5.600708545638109e-11	-39944.66180453341	8.585755995759765e6	0.
-0.000027660906242578904	5.600708545638109e-11	-33834.23439940453	6.752725855199601e6	0.
-0.000022645467198594818	5.600708545638109e-11	-40168.41336951766	8.654974857254293e6	0.
-0.000027508923241246052	5.600708545638109e-11	-33998.480681297	6.800449989596667e6	0.
-0.000022493484197261966	5.600708545638109e-11	-40394.4746782084	8.725047890171833e6	0.
-0.0000273569402399132	5.600708545638109e-11	-34164.23106456623	6.848703312209015e6	0.
-0.000022341501195929114	5.600708545638109e-11	-40622.878367381345	8.79598806828534e6	0.
-0.000027204957238580352	5.600708545638109e-11	-34331.50493746481	6.897493236835913e6	0.
-0.000022189518194596263	5.600708545638109e-11	-40853.6576220583	8.867810134523857e6	0.
-0.0000270529742372475	5.600708545638109e-11	-34500.321997463165	6.946828398027789e6	0.
-0.000022037535193263414	5.600708545638109e-11	-41086.8461852213	8.940526024622811e6	0.
-0.000026900991235914648	5.600708545638109e-11	-34670.702256842174	6.996716105675288e6	0.
-0.000021885552191930562	5.600708545638109e-11	-41322.478367673575	9.014151268470919e6	0.
-0.000026749008234581796	5.600708545638109e-11	-34842.66604839105	7.047164303787861e6	0.
-0.00002173356919059771	5.600708545638109e-11	-41560.589058046105	9.088699386415847e6	0.
-0.000026597025233248945	5.600708545638109e-11	-35016.2340312114	7.098182067961227e6	0.
-0.00002158158618926486	5.600708545638109e-11	-41801.213732950666	9.164185768094713e6	0.
-0.000026445042231916096	5.600708545638109e-11	-35191.42719662923	7.149776491369823e6	0.
-0.000021429603187932007	5.600708545638109e-11	-42044.388467278135	9.240624509205854e6	0.
-0.000026293059230583244	5.600708545638109e-11	-35368.2668742173	7.201957003794363e6	0.
-0.00002127762018659916	5.600708545638109e-11	-42290.149944642086	9.318030775493402e6	0.
-0.000026141076229250393	5.600708545638109e-11	-35546.77473792852	7.254732116985462e6	0.
-0.000021125637185266307	5.600708545638109e-11	-42538.53546796655	9.396420192365889e6	0.
-0.00002598909322791754	5.600708545638109e-11	-35726.97281234293	7.308110666101272e6	0.
-0.000020973654183933455	5.600708545638109e-11	-42789.58297021682	9.475808213051034e6	0.
-0.00002583711022658469	5.600708545638109e-11	-35908.883479029464	7.362101298758378e6	0.
-0.000020821671182600603	5.600708545638109e-11	-43043.331025272455	9.556210510763686e6	0.
-0.00002568512722525184	5.600708545638109e-11	-36092.52948302453	7.416713100165838e6	0.
-0.00002066968818126775	5.600708545638109e-11	-43299.81885894053	9.637643245724475e6	0.
-0.00002553314422391899	5.600708545638109e-11	-36277.93393942891	7.471955762781241e6	0.
-0.000020517705179934903	5.600708545638109e-11	-43559.0863601077	9.720123676887434e6	0.
-0.000025381161222586137	5.600708545638109e-11	-36465.12034012453	7.5278384486226505e6	0.
-0.00002036572217860205	5.600708545638109e-11	-43821.17409202846	9.80366770199849e6	0.
-0.0000202137391772692	5.600708545638109e-11	-44086.12330374802	9.888291577284008e6	0.
-0.000020061756175936347	5.600708545638109e-11	-44353.97594165649	9.974014332779692e6	0.
-0.00001489433413061941	5.600708545638109e-11	-55540.1939956847	1.3686890358300742e7	0.
-0.000019909773174603496	5.600708545638109e-11	-44624.77466117114	1.0060852466339758e7	0.
-0.00001474235112928656	5.600708545638109e-11	-55942.419196120485	1.3824526375913348e7	0.
-0.000019757790173270647	5.600708545638109e-11	-44898.562838544065	1.0148823996193983e7	0.
-0.000014590368127953708	5.600708545638109e-11	-56349.62671083171	1.3964112781129608e7	0.
-0.000019605807171937795	5.600708545638109e-11	-45175.384582790786	1.0237947247678732e7	0.
-0.000014438385126620856	5.600708545638109e-11	-56761.89299041482	1.4105679451851938e7	0.
-0.000019453824170604944	5.600708545638109e-11	-45455.284747735735	1.0328240514338246e7	0.
-0.000014286402125288006	5.600708545638109e-11	-57179.29563769981	1.4249258250856295e7	0.
-0.000019301841169272092	5.600708545638109e-11	-45738.30894417015	1.041972303959147e7	0.
-0.000014134419123955154	5.600708545638109e-11	-57601.913415832525	1.4394880213708157e7	0.
-0.00001914985816793924	5.600708545638109e-11	-46024.503552116934	1.0512414038328227e7	0.
-0.000013982436122622304	5.600708545638109e-11	-58029.82625578361	1.4542577205724902e7	0.
-0.00001899787516660639	5.600708545638109e-11	-46313.91573319715	1.0606332632567188e7	0.
-0.000013830453121289452	5.600708545638109e-11	-58463.115263241154	1.469238151307699e7	0.
-0.00001884589216527354	5.600708545638109e-11	-46606.59344309199	1.0701498856806887e7	0.
-0.0000136784701199566	5.600708545638109e-11	-58901.86272484245	1.484432633350103e7	0.
-0.000018693909163940688	5.600708545638109e-11	-46902.58544409339	1.0797931905089004e7	0.
-0.00001352648711862375	5.600708545638109e-11	-59346.15211369859	1.4998443543194119e7	0.
-0.000018541926162607836	5.600708545638109e-11	-47201.941317736404	1.0895653580967577e7	0.
-0.000013374504117290898	5.600708545638109e-11	-59796.06809416408	1.5154767832947873e7	0.
-0.000018389943161274984	5.600708545638109e-11	-47504.71147750505	1.099468376959394e7	0.
-0.000013222521115958048	5.600708545638109e-11	-60251.69652580108	1.5313332434214175e7	0.
-0.000018237960159942136	5.600708545638109e-11	-47810.94718160375	1.1095043867816105e7	0.
-0.000013070538114625196	5.600708545638109e-11	-60713.124466487505	1.5474171262164718e7	0.
-0.000018085977158609284	5.600708545638109e-11	-48120.70054578492	1.1196755864266396e7	0.
-0.000012918555113292345	5.600708545638109e-11	-61180.44017461517	1.5637318417668806e7	0.
-0.000017933994157276432	5.600708545638109e-11	-48434.02455622286	1.129984101988094e7	0.
-0.000012766572111959494	5.600708545638109e-11	-61653.733110323235	1.5802809799002755e7	0.
-0.00001778201115594358	5.600708545638109e-11	-48750.97308242384	1.1404321799956724e7	0.
-0.000012614589110626643	5.600708545638109e-11	-62133.09393571004	1.5970679548380481e7	0.
-0.00001763002815461073	5.600708545638109e-11	-49071.60089016076	1.1510220912570007e7	0.
-0.000012462606109293792	5.600708545638109e-11	-62618.61451396531	1.614096365525385e7	0.
-0.00001747804515327788	5.600708545638109e-11	-49395.963654420375	1.1617560979138073e7	0.
-0.00001231062310796094	5.600708545638109e-11	-63110.38790736233	1.6313696969376149e7	0.
-0.00001732606215194503	5.600708545638109e-11	-49724.117972350585	1.1726365754690195e7	0.
-0.00001215864010662809	5.600708545638109e-11	-63608.50837404892	1.6488916588079812e7	0.
-0.000017174079150612177	5.600708545638109e-11	-50056.12137619337	1.1836658034397144e7	0.
-0.000012006657105295239	5.600708545638109e-11	-64113.071363573654	1.6666657831073835e7	0.
-0.000017022096149279325	5.600708545638109e-11	-50392.03234618953	1.1948462886881016e7	0.
-0.000011854674103962387	5.600708545638109e-11	-64624.17351108337	1.6846958665153768e7	0.
-0.000016870113147946473	5.600708545638109e-11	-50731.91032343889	1.2061804248105293e7	0.
-0.000011702691102629537	5.600708545638109e-11	-65141.91263012529	1.702985428571922e7	0.
-0.000016718130146613624	5.600708545638109e-11	-51075.81572269996	1.2176706960869415e7	0.
-0.000011550708101296685	5.600708545638109e-11	-65666.38770398761	1.7215382734157782e7	0.
-0.000016566147145280773	5.600708545638109e-11	-51423.80994511125	1.229319599800498e7	0.
-0.000011398725099963835	5.600708545638109e-11	-66197.6988755091	1.7403580572408695e7	0.
-0.00001641416414394792	5.600708545638109e-11	-51775.95539081554	1.241129772631089e7	0.
-0.000011246742098630983	5.600708545638109e-11	-66735.9474352894	1.7594486404205225e7	0.
-0.00001626218114261507	5.600708545638109e-11	-52132.31547146734	1.2531036926484123e7	0.
-0.000011094759097298131	5.600708545638109e-11	-67281.23580822887	1.778813600938539e7	0.
-0.000016110198141282217	5.600708545638109e-11	-52492.954622603014	1.2652441273939764e7	0.
-0.000010942776095965281	5.600708545638109e-11	-67833.667538328	1.7984568980205648e7	0.
-0.00001595821513994937	5.600708545638109e-11	-52857.938315850806	1.277553694317592e7	0.
-0.00001079079309463243	5.600708545638109e-11	-68393.34727167377	1.818382240774075e7	0.
-0.000015806232138616517	5.600708545638109e-11	-53227.333070958106	1.2900350403269587e7	0.
-0.00001063881009329958	5.600708545638109e-11	-68960.38073754215	1.8385934485389203e7	0.
-0.000015654249137283665	5.600708545638109e-11	-53601.20646761112	1.3026910435459856e7	0.
-0.000010486827091966727	5.600708545638109e-11	-69534.8747275438	1.859094315701057e7	0.
-0.000015502266135950813	5.600708545638109e-11	-53979.627157020754	1.3155243978681156e7	0.
-0.000010334844090633876	5.600708545638109e-11	-70116.93707274174	1.8798886547893897e7	0.
-0.00001535028313461796	5.600708545638109e-11	-54362.66487324812	1.3285380246460553e7	0.
-0.000010182861089301025	5.600708545638109e-11	-70706.67661866867	1.900980203575356e7	0.
-0.000015198300133285111	5.600708545638109e-11	-54750.39044424025	1.3417346745730933e7	0.
-0.000010030878087968174	5.600708545638109e-11	-71304.20319817371	1.9223729623870168e7	0.
-0.000015046317131952261	5.600708545638109e-11	-55142.875802546674	1.3551173431976633e7	0.
-9.878895086635324e-6	5.600708545638109e-11	-71909.62760202716	1.9440706398358125e7	0.
-9.726912085302472e-6	5.600708545638109e-11	-72523.06154721582	1.9660770906543702e7	0.
-4.559490039985534e-6	5.600708545638109e-11	-98979.87198149374	2.9226637377037596e7	0.
-9.57492908396962e-6	5.600708545638109e-11	-73144.6176428599	1.988396016048423e7	0.
-4.407507038652682e-6	5.600708545638109e-11	-99947.35616376944	2.9575057115642905e7	0.
-9.42294608263677e-6	5.600708545638109e-11	-73774.40935368699	2.0110312439989965e7	0.
-4.255524037319831e-6	5.600708545638109e-11	-100927.00184857458	2.992751039402431e7	0.
-9.270963081303918e-6	5.600708545638109e-11	-74412.55096099905	2.0339865773029596e7	0.
-4.10354103598698e-6	5.600708545638109e-11	-101918.90835529855	3.0283997900705367e7	0.
-9.118980079971068e-6	5.600708545638109e-11	-75059.15752107173	2.0572657551830433e7	0.
-3.951558034654129e-6	5.600708545638109e-11	-102923.17280662392	3.0644520235508565e7	0.
-8.966997078638216e-6	5.600708545638109e-11	-75714.34482092843	2.0808724690510135e7	0.
-3.799575033321278e-6	5.600708545638109e-11	-103939.89001274123	3.1009074625373457e7	0.
-8.815014077305364e-6	5.600708545638109e-11	-76378.22933143465	2.104810418405113e7	0.
-3.647592031988427e-6	5.600708545638109e-11	-104969.15235619961	3.1377657331255846e7	0.
-8.663031075972514e-6	5.600708545638109e-11	-77050.92815766211	2.1290832639437865e7	0.
-3.495609030655576e-6	5.600708545638109e-11	-106011.04967767985	3.1750260985320255e7	0.
-8.511048074639662e-6	5.600708545638109e-11	-77732.55898647674	2.153694668999805e7	0.
-3.3436260293227246e-6	5.600708545638109e-11	-107065.66916298428	3.2126878023112144e7	0.
-8.359065073306812e-6	5.600708545638109e-11	-78423.24003130889	2.1786481477804776e7	0.
-3.1916430279898736e-6	5.600708545638109e-11	-108133.09523154153	3.2507497091629166e7	0.
-8.20708207197396e-6	5.600708545638109e-11	-79123.08997407042	2.2039472356692296e7	0.
-3.0396600266570226e-6	5.600708545638109e-11	-109213.4094267297	3.2892105540614445e7	0.
-8.055099070641109e-6	5.600708545638109e-11	-79832.22790418801	2.2295955086045682e7	0.
-2.8876770253241713e-6	5.600708545638109e-11	-110306.69030832284	3.328068764489029e7	0.
-7.903116069308259e-6	5.600708545638109e-11	-80550.7732547289	2.2555962740290344e7	0.
-2.7356940239913203e-6	5.600708545638109e-11	-111413.01334736787	3.367322641801951e7	0.
-7.751133067975407e-6	5.600708545638109e-11	-81278.8457356027	2.2819529889912266e7	0.
-2.583711022658469e-6	5.600708545638109e-11	-112532.45082379838	3.406970098836791e7	0.
-7.599150066642556e-6	5.600708545638109e-11	-82016.56526382871	2.3086688186085723e7	0.
-2.431728021325618e-6	5.600708545638109e-11	-113665.07172709046	3.44700906170565e7	0.
-7.447167065309705e-6	5.600708545638109e-11	-82764.05189086816	2.335747143848478e7	0.
-2.279745019992767e-6	5.600708545638109e-11	-114810.94166026225	3.4874370833817996e7	0.
-7.295184063976854e-6	5.600708545638109e-11	-83521.4257270269	2.3631910324584123e7	0.
-2.1277620186599156e-6	5.600708545638109e-11	-115970.12274751464	3.5282514033250995e7	0.
-7.143201062644003e-6	5.600708545638109e-11	-84288.80686294536	2.391003528699739e7	0.
-1.9757790173270646e-6	5.600708545638109e-11	-117142.67354580408	3.56944919342329e7	0.
-6.991218061311152e-6	5.600708545638109e-11	-85066.31528819993	2.4191876300909895e7	0.
-1.8237960159942135e-6	5.600708545638109e-11	-118328.64896063048	3.611027346639784e7	0.
-6.8392350599783e-6	5.600708545638109e-11	-85854.07080705128	2.4477462161170773e7	0.
-1.6718130146613623e-6	5.600708545638109e-11	-119528.10016631402	3.6529823935626894e7	0.
-6.687252058645449e-6	5.600708545638109e-11	-86652.19295138484	2.476682104549255e7	0.
-1.5198300133285113e-6	5.600708545638109e-11	-120741.07453102397	3.695310972733119e7	0.
-6.535269057312598e-6	5.600708545638109e-11	-87460.80089089974	2.5059979278492253e7	0.
-1.3678470119956601e-6	5.600708545638109e-11	-121967.61554680936	3.738009044008937e7	0.
-6.383286055979747e-6	5.600708545638109e-11	-88280.0133406137	2.535696242325066e7	0.
-1.215864010662809e-6	5.600708545638109e-11	-123207.76276486869	3.781072737006142e7	0.
-6.231303054646896e-6	5.600708545638109e-11	-89109.94846576313	2.5657793910864815e7	0.
-1.0638810093299578e-6	5.600708545638109e-11	-124461.55173627917	3.824497713555754e7	0.
-6.079320053314045e-6	5.600708545638109e-11	-89950.72378418974	2.596249925991101e7	0.
-9.118980079971067e-7	5.600708545638109e-11	-125729.01395839044	3.868279563767197e7	0.
-5.9273370519811935e-6	5.600708545638109e-11	-90802.4560663166	2.6271098852889225e7	0.
-7.599150066642557e-7	5.600708545638109e-11	-127010.17682706917	3.912413667781241e7	0.
-5.7753540506483425e-6	5.600708545638109e-11	-91665.2612328307	2.6583612697066125e7	0.
-6.079320053314045e-7	5.600708545638109e-11	-128305.06359496206	3.956895080284049e7	0.
-5.6233710493154915e-6	5.600708545638109e-11	-92539.25425020019	2.6900061491502505e7	0.
-4.5594900399855336e-7	5.600708545638109e-11	-129613.69333592479	4.001718715696987e7	0.
-5.4713880479826406e-6	5.600708545638109e-11	-93424.54902416808	2.722046154027791e7	0.
-3.0396600266570224e-7	5.600708545638109e-11	-130936.08091574312	4.046879295249152e7	0.
-5.31940504664979e-6	5.600708545638109e-11	-94321.25829137777	2.7544829756990846e7	0.
-1.5198300133285112e-7	5.600708545638109e-11	-132272.23696925066	4.092371361610214e7	0.
-5.167422045316938e-6	5.600708545638109e-11	-95229.49350929755	2.7873180236117207e7	0.
0.	5.600708545638109e-11	-133622.1678839256	4.1381892878419206e7	0.
-5.015439043984087e-6	5.600708545638109e-11	-96149.36474462521	2.8205525935301982e7	0.
1.5198300133285112e-7	5.600708545638109e-11	-134985.87579002482	4.184327191236353e7	0.
-4.863456042651236e-6	5.600708545638109e-11	-97080.9805603663	2.8541878121447485e7	0.
3.0396600266570224e-7	5.600708545638109e-11	-136363.35855729142	4.2307790614135414e7	0.
-4.711473041318385e-6	5.600708545638109e-11	-98024.44790179172	2.888224545338469e7	0.
4.5594900399855336e-7	5.600708545638109e-11	-137754.60979824723	4.277538720556754e7	0.
5.4713880479826406e-6	5.600708545638109e-11	-191115.54657203757	5.946708982335132e7	0.
6.079320053314045e-7	5.600708545638109e-11	-139159.61887805865	4.324599907367056e7	0.
5.6233710493154915e-6	5.600708545638109e-11	-192943.8906188438	5.9996284055945314e7	0.
7.599150066642557e-7	5.600708545638109e-11	-140578.3709309399	4.371956047429532e7	0.
5.7753540506483425e-6	5.600708545638109e-11	-194783.53642224843	6.052600407661004e7	0.
9.118980079971067e-7	5.600708545638109e-11	-142010.84688303535	4.419600539486931e7	0.
5.9273370519811935e-6	5.600708545638109e-11	-196634.37007650852	6.105618572412888e7	0.
1.0638810093299578e-6	5.600708545638109e-11	-143457.02348169824	4.4675266195892036e7	0.
6.079320053314045e-6	5.600708545638109e-11	-198496.27661515583	6.158675956115515e7	0.
1.215864010662809e-6	5.600708545638109e-11	-144916.87333106188	4.515727362382819e7	0.
6.231303054646896e-6	5.600708545638109e-11	-200369.14011750338	6.2117664083779566e7	0.
1.3678470119956601e-6	5.600708545638109e-11	-146390.36493377673	4.564195887247582e7	0.
6.383286055979747e-6	5.600708545638109e-11	-202252.84381312807	6.264883605041388e7	0.
1.5198300133285113e-6	5.600708545638109e-11	-147877.4627387655	4.6129249555261664e7	0.
6.535269057312598e-6	5.600708545638109e-11	-204147.27018418824	6.318021347149724e7	0.
1.6718130146613623e-6	5.600708545638109e-11	-149378.1271948297	4.661907256558548e7	0.
6.687252058645449e-6	5.600708545638109e-11	-206052.3010654475	6.3711736489674754e7	0.
1.8237960159942135e-6	5.600708545638109e-11	-150892.31480992032	4.7111357478681795e7	0.
6.8392350599783e-6	5.600708545638109e-11	-207967.81774188814	6.424334720757961e7	0.
1.9757790173270646e-6	5.600708545638109e-11	-152419.97821586803	4.76060270019107e7	0.
6.991218061311152e-6	5.600708545638109e-11	-209893.70104381093	6.477498581253927e7	0.
2.1277620186599156e-6	5.600708545638109e-11	-153961.06623835277	4.8103010099642806e7	0.
7.143201062644003e-6	5.600708545638109e-11	-211829.8314393305	6.530659624674934e7	0.
2.279745019992767e-6	5.600708545638109e-11	-155515.52397187453	4.860222866278356e7	0.
7.295184063976854e-6	5.600708545638109e-11	-213776.08912418617	6.5838123830536135e7	0.
2.431728021325618e-6	5.600708545638109e-11	-157083.2928594769	4.9103608640152074e7	0.
7.447167065309705e-6	5.600708545638109e-11	-215732.3541088016	6.6369515485646896e7	0.
2.583711022658469e-6	5.600708545638109e-11	-158664.31077695894	4.960707194015882e7	0.
7.599150066642556e-6	5.600708545638109e-11	-217698.50630253632	6.690071753089111e7	0.
2.7356940239913203e-6	5.600708545638109e-11	-160258.5121213026	5.0112544412524745e7	0.
7.751133067975407e-6	5.600708545638109e-11	-219674.42559508444	6.743167921346438e7	0.
2.8876770253241713e-6	5.600708545638109e-11	-161865.82790303172	5.061994700152981e7	0.
7.903116069308259e-6	5.600708545638109e-11	-221659.99193498484	6.79623517139811e7	0.
3.0396600266570226e-6	5.600708545638109e-11	-163486.18584221276	5.112920330955e7	0.
8.055099070641109e-6	5.600708545638109e-11	-223655.08540521804	6.849268405578795e7	0.
3.1916430279898736e-6	5.600708545638109e-11	-165119.51046779874	5.16402357624322e7	0.
8.20708207197396e-6	5.600708545638109e-11	-225659.58629587461	6.902263073780935e7	0.
3.3436260293227246e-6	5.600708545638109e-11	-166765.72322001564	5.215296831759489e7	0.
8.359065073306812e-6	5.600708545638109e-11	-227673.37517388724	6.955214636701915e7	0.
3.495609030655576e-6	5.600708545638109e-11	-168424.74255548534	5.266732194750616e7	0.
8.511048074639662e-6	5.600708545638109e-11	-229696.33294982923	7.008118563545588e7	0.
3.647592031988427e-6	5.600708545638109e-11	-170096.48405477926	5.318322190109594e7	0.
8.663031075972514e-6	5.600708545638109e-11	-231728.3409417888	7.060970717616498e7	0.
3.799575033321278e-6	5.600708545638109e-11	-171780.86053209502	5.3700589686590165e7	0.
8.815014077305364e-6	5.600708545638109e-11	-233769.28093633545	7.113766649558394e7	0.
3.951558034654129e-6	5.600708545638109e-11	-173477.78214675188	5.421935073268377e7	0.
8.966997078638216e-6	5.600708545638109e-11	-235819.0352466034	7.166502500567639e7	0.
4.10354103598698e-6	5.600708545638109e-11	-175187.15651620066	5.473942672607148e7	0.
9.118980079971068e-6	5.600708545638109e-11	-237877.48676752087	7.219174305341582e7	0.
4.255524037319831e-6	5.600708545638109e-11	-176908.88883025083	5.526074375968693e7	0.
9.270963081303918e-6	5.600708545638109e-11	-239944.51902822233	7.271778324907969e7	0.
4.407507038652682e-6	5.600708545638109e-11	-178642.88196621984	5.5783226424531564e7	0.
9.42294608263677e-6	5.600708545638109e-11	-242020.0162416844	7.324310707209347e7	0.
4.559490039985534e-6	5.600708545638109e-11	-180389.0366047183	5.6306801288137265e7	0.
9.57492908396962e-6	5.600708545638109e-11	-244103.86335163144	7.376768202601449e7	0.
4.711473041318385e-6	5.600708545638109e-11	-182147.25134579046	5.683139232589079e7	0.
9.726912085302472e-6	5.600708545638109e-11	-246195.94607676155	7.429147267271125e7	0.
4.863456042651236e-6	5.600708545638109e-11	-183917.42282513916	5.735692849778297e7	0.
9.878895086635324e-6	5.600708545638109e-11	-248296.15095234703	7.481444417748676e7	0.
5.015439043984087e-6	5.600708545638109e-11	-185699.44583017222	5.788333633657595e7	0.
0.000010030878087968174	5.600708545638109e-11	-250404.36536926773	7.533656859767722e7	0.
5.167422045316938e-6	5.600708545638109e-11	-187493.2134156187	5.8410545846770935e7	0.
0.000010182861089301025	5.600708545638109e-11	-252520.47761053685	7.585781281184258e7	0.
5.31940504664979e-6	5.600708545638109e-11	-189298.61701847307	5.893848652119941e7	0.
0.000010334844090633876	5.600708545638109e-11	-254644.37688538406	7.637814968184216e7	0.
0.000015502266135950813	5.600708545638109e-11	-330770.78687598417	9.338595718189612e7	0.
0.000010486827091966727	5.600708545638109e-11	-256775.9533609603	7.689754884381513e7	0.
0.000015654249137283665	5.600708545638109e-11	-333106.0050073487	9.386349305452046e7	0.
0.00001063881009329958	5.600708545638109e-11	-258915.0981917328	7.741598418392172e7	0.
0.000015806232138616517	5.600708545638109e-11	-335445.7704314699	9.433965761214897e7	0.
0.00001079079309463243	5.600708545638109e-11	-261061.70354663854	7.793342884624615e7	0.
0.00001595821513994937	5.600708545638109e-11	-337790.01449713676	9.481445027336997e7	0.
0.000010942776095965281	5.600708545638109e-11	-263215.6626340669	7.844985946623105e7	0.
0.000016110198141282217	5.600708545638109e-11	-340138.6696246631	9.528787005099574e7	0.
0.000011094759097298131	5.600708545638109e-11	-265376.86972474196	7.896525300368138e7	0.
0.00001626218114261507	5.600708545638109e-11	-342491.66929430154	9.575991640354969e7	0.
0.000011246742098630983	5.600708545638109e-11	-267545.22017257666	7.947958570773825e7	0.
0.00001641416414394792	5.600708545638109e-11	-344848.9480344239	9.623058903721283e7	0.
0.000011398725099963835	5.600708545638109e-11	-269720.6104335705	7.999283354033962e7	0.
0.000016566147145280773	5.600708545638109e-11	-347210.4414094938	9.66998881001931e7	0.
0.000011550708101296685	5.600708545638109e-11	-271902.9380828232	8.05049800087507e7	0.
0.000016718130146613624	5.600708545638109e-11	-349576.0860078567	9.716781495624618e7	0.
0.000011702691102629537	5.600708545638109e-11	-274092.101829735	8.10160011449417e7	0.
0.000016870113147946473	5.600708545638109e-11	-351945.8194293697	9.763436754401939e7	0.
0.000011854674103962387	5.600708545638109e-11	-276288.0015314672	8.152588135473846e7	0.
0.000017022096149279325	5.600708545638109e-11	-354319.5802728945	9.809955067996803e7	0.
0.000012006657105295239	5.600708545638109e-11	-278490.5382047317	8.20346028212742e7	0.
0.000017174079150612177	5.600708545638109e-11	-356697.3081236725	9.856336196679054e7	0.
0.00001215864010662809	5.600708545638109e-11	-280699.61403598107	8.254214525752787e7	0.
0.00001732606215194503	5.600708545638109e-11	-359078.9435406039	9.902580680221057e7	0.
0.00001231062310796094	5.600708545638109e-11	-282915.13239006867	8.304849590664616e7	0.
0.00001747804515327788	5.600708545638109e-11	-361464.42804344784	9.948688320226355e7	0.
0.000012462606109293792	5.600708545638109e-11	-285136.9978174458	8.355363838882545e7	0.
0.00001763002815461073	5.600708545638109e-11	-363853.7040999624	9.994659727711158e7	0.
0.000012614589110626643	5.600708545638109e-11	-287365.11605996464	8.40575583517397e7	0.
0.00001778201115594358	5.600708545638109e-11	-366246.7151129996	1.004049484260079e8	0.
0.000012766572111959494	5.600708545638109e-11	-289599.39405535196	8.456024052403842e7	0.
0.000017933994157276432	5.600708545638109e-11	-368643.4054075728	1.0086194030095793e8	0.
0.000012918555113292345	5.600708545638109e-11	-291839.73994041805	8.506167627788444e7	0.
0.000018085977158609284	5.600708545638109e-11	-371043.72021790897	1.0131757390231636e8	0.
0.000013070538114625196	5.600708545638109e-11	-294086.0630530646	8.556185119214602e7	0.
0.000018237960159942136	5.600708545638109e-11	-373447.605674502	1.0177185591273084e8	0.
0.000013222521115958048	5.600708545638109e-11	-296338.2739331523	8.60607529895342e7	0.
0.000018389943161274984	5.600708545638109e-11	-375855.0087911774	1.0222478963081059e8	0.
0.000013374504117290898	5.600708545638109e-11	-298596.28432228946	8.655837103307456e7	0.
0.000018541926162607836	5.600708545638109e-11	-378265.87745218293	1.0267637386314283e8	0.
0.00001352648711862375	5.600708545638109e-11	-300860.0071625981	8.70546965204464e7	0.
0.000018693909163940688	5.600708545638109e-11	-380680.160399314	1.031266152134821e8	0.
0.0000136784701199566	5.600708545638109e-11	-303129.3565945161	8.7549720956327e7	0.
0.00001884589216527354	5.600708545638109e-11	-383097.80721908686	1.0357552008252533e8	0.
0.000013830453121289452	5.600708545638109e-11	-305404.24795368896	8.804343577503227e7	0.
0.00001899787516660639	5.600708545638109e-11	-385518.7683299662	1.0402308685620975e8	0.
0.000013982436122622304	5.600708545638109e-11	-307684.5977670056	8.853583251414992e7	0.
0.00001914985816793924	5.600708545638109e-11	-387942.99496966007	1.0446932353633368e8	0.
0.000014134419123955154	5.600708545638109e-11	-309970.32374782866	8.902690264740501e7	0.
0.000019301841169272092	5.600708545638109e-11	-390370.43918248743	1.0491423346173912e8	0.
0.000014286402125288006	5.600708545638109e-11	-312261.34479047003	8.951663870467912e7	0.
0.000019453824170604944	5.600708545638109e-11	-392801.0538068271	1.0535781940462673e8	0.
0.000014438385126620856	5.600708545638109e-11	-314557.5809639592	9.000503898040602e7	0.
0.000019605807171937795	5.600708545638109e-11	-395234.7924626564	1.0580009087225458e8	0.
0.000014590368127953708	5.600708545638109e-11	-316858.9535051503	9.049209449248894e7	0.
0.000019757790173270647	5.600708545638109e-11	-397671.60953918385	1.0624104761725096e8	0.
0.00001474235112928656	5.600708545638109e-11	-319165.38481121324	9.097780206121147e7	0.
0.000019909773174603496	5.600708545638109e-11	-400111.460182585	1.0668069524398518e8	0.
0.00001489433413061941	5.600708545638109e-11	-321476.7984315516	9.146215514439991e7	0.
0.000020061756175936347	5.600708545638109e-11	-402554.3002838445	1.0711904134061432e8	0.
0.000015046317131952261	5.600708545638109e-11	-323793.11905918765	9.194514884108424e7	0.
0.0000202137391772692	5.600708545638109e-11	-405000.08646671026	1.075560893845641e8	0.
0.000015198300133285111	5.600708545638109e-11	-326114.2725216554	9.242678345292935e7	0.
0.00002036572217860205	5.600708545638109e-11	-407448.77607576485	1.0799184326359677e8	0.
0.00001535028313461796	5.600708545638109e-11	-328440.1857714375	9.290705592689963e7	0.
0.000020517705179934903	5.600708545638109e-11	-409900.32716461824	1.084263082066063e8	0.
0.00002553314422391899	5.600708545638109e-11	-492169.2558294865	1.2207913849053887e8	0.
0.00002066968818126775	5.600708545638109e-11	-412354.69848422514	1.0885948998970328e8	0.
0.00002568512722525184	5.600708545638109e-11	-494697.49019385624	1.2247332462735073e8	0.
0.000020821671182600603	5.600708545638109e-11	-414811.8494713313	1.0929139810940808e8	0.
0.00002583711022658469	5.600708545638109e-11	-497227.4830106352	1.2286643407825929e8	0.
0.000020973654183933455	5.600708545638109e-11	-417271.74023704976	1.0972203203042406e8	0.
0.00002598909322791754	5.600708545638109e-11	-499759.2111647229	1.2325847459468831e8	0.
0.000021125637185266307	5.600708545638109e-11	-419734.3315555737	1.1015140085968739e8	0.
0.000026141076229250393	5.600708545638109e-11	-502292.6519110826	1.2364944887974115e8	0.
0.00002127762018659916	5.600708545638109e-11	-422199.58485302335	1.1057950846986228e8	0.
0.000026293059230583244	5.600708545638109e-11	-504827.7828681456	1.2403936650654289e8	0.
0.000021429603187932007	5.600708545638109e-11	-424667.4621964335	1.1100636309093124e8	0.
0.000026445042231916096	5.600708545638109e-11	-507364.58201133163	1.244282301391364e8	0.
0.00002158158618926486	5.600708545638109e-11	-427137.9262828802	1.1143196799287927e8	0.
0.000026597025233248945	5.600708545638109e-11	-509903.02766668797	1.2481604931172347e8	0.
0.00002173356919059771	5.600708545638109e-11	-429610.94042874983	1.1185632988814585e8	0.
0.000026749008234581796	5.600708545638109e-11	-512443.09850464173	1.252028258151678e8	0.
0.000021885552191930562	5.600708545638109e-11	-432086.4685591514	1.1227945371159828e8	0.
0.000026900991235914648	5.600708545638109e-11	-514984.77353386703	1.2558857065825745e8	0.
0.000022037535193263414	5.600708545638109e-11	-434564.47519747337	1.1270134803020976e8	0.
0.0000270529742372475	5.600708545638109e-11	-517528.0320952622	1.2597328665565221e8	0.
0.000022189518194596263	5.600708545638109e-11	-437044.9254550844	1.1312201619345422e8	0.
0.000027204957238580352	5.600708545638109e-11	-520072.853856038	1.2635698051358807e8	0.
0.000022341501195929114	5.600708545638109e-11	-439527.7850211817	1.1354146606426907e8	0.
0.0000273569402399132	5.600708545638109e-11	-522619.21880391357	1.2673965919242659e8	0.
0.000022493484197261966	5.600708545638109e-11	-442013.0201527829	1.1395970175246938e8	0.
0.000027508923241246052	5.600708545638109e-11	-525167.1072414184	1.2712132589219213e8	0.
0.000022645467198594818	5.600708545638109e-11	-444500.5976648663	1.1437672932161348e8	0.
0.000027660906242578904	5.600708545638109e-11	-527716.4997803001	1.2750198776805253e8	0.
0.00002279745019992767	5.600708545638109e-11	-446990.4849206562	1.1479255596434435e8	0.
0.000027812889243911756	5.600708545638109e-11	-530267.377336034	1.2788165424213807e8	0.
0.000022949433201260518	5.600708545638109e-11	-449482.6498220546	1.1520718944557394e8	0.
0.000027964872245244608	5.600708545638109e-11	-532819.7211224344	1.2826032666564168e8	0.
0.00002310141620259337	5.600708545638109e-11	-451977.0608002188	1.1562063329900634e8	0.
0.000028116855246577456	5.600708545638109e-11	-535373.5126463667	1.2863801335675384e8	0.
0.000023253399203926222	5.600708545638109e-11	-454473.6868062844	1.1603289559160453e8	0.
0.000028268838247910308	5.600708545638109e-11	-537928.733702556	1.2901471658083145e8	0.
0.000023405382205259074	5.600708545638109e-11	-456972.4973022332	1.164439786445039e8	0.
0.00002842082124924316	5.600708545638109e-11	-540485.366368493	1.2939044717156354e8	0.
0.000023557365206591925	5.600708545638109e-11	-459473.4622519051	1.1685389342041777e8	0.
0.00002857280425057601	5.600708545638109e-11	-543043.3929994337	1.2976520764522366e8	0.
0.000023709348207924774	5.600708545638109e-11	-461976.5521121539	1.1726264422106504e8	0.
0.000028724787251908863	5.600708545638109e-11	-545602.7962234938	1.3013900444070783e8	0.
0.000023861331209257626	5.600708545638109e-11	-464481.7378241453	1.1767023734968498e8	0.
0.00002887677025324171	5.600708545638109e-11	-548163.5589368332	1.3051184535408393e8	0.
0.000024013314210590477	5.600708545638109e-11	-466988.9908047963	1.1807667987555581e8	0.
0.000029028753254574563	5.600708545638109e-11	-550725.6642989306	1.3088372997557145e8	0.
0.00002416529721192333	5.600708545638109e-11	-469498.28293835564	1.1848197540128772e8	0.
0.000029180736255907415	5.600708545638109e-11	-553289.0957279474	1.3125467184747432e8	0.
0.00002431728021325618	5.600708545638109e-11	-472009.5865681234	1.1888613283128724e8	0.
0.000029332719257240267	5.600708545638109e-11	-555853.836896177	1.316246671784625e8	0.
0.00002446926321458903	5.600708545638109e-11	-474522.87448830873	1.1928915750560516e8	0.
0.00002948470225857312	5.600708545638109e-11	-558419.8717255808	1.3199373206671801e8	0.
0.00002462124621592188	5.600708545638109e-11	-477038.1199360246	1.1969105661098865e8	0.
0.000029636685259905967	5.600708545638109e-11	-560987.184383406	1.3236186743022957e8	0.
0.000024773229217254733	5.600708545638109e-11	-479555.2965834178	1.200918336360116e8	0.
0.00002978866826123882	5.600708545638109e-11	-563555.7592778875	1.3272907269624785e8	0.
0.000024925212218587585	5.600708545638109e-11	-482074.37852993375	1.2049149675424336e8	0.
0.00002994065126257167	5.600708545638109e-11	-566125.5810540303	1.3309536257219927e8	0.
0.000025077195219920433	5.600708545638109e-11	-484595.34029471356	1.2089005462203749e8	0.
0.000030092634263904523	5.600708545638109e-11	-568696.6345894687	1.3346073876066417e8	0.
0.000025229178221253285	5.600708545638109e-11	-487118.1568091224	1.2128750921143466e8	0.
0.000030244617265237375	5.600708545638109e-11	-571268.904990407	1.3382520680783583e8	0.
0.000025381161222586137	5.600708545638109e-11	-489642.8034094079	1.2168386747990727e8	0.
0.000030396600266570223	5.600708545638109e-11	-573842.3775876337	1.3418877202764471e8	0.
