# Filename	C:\Users\edmag\Documents\Work\2D-Comp-Model\computation\Turning Timeresults\2018-02-05T05-31-05.txt
# Source	C:\Users\edmag\Documents\Work\2D-Comp-Model\computation\Turning Time\turning.nb
# Note	1D calculation of turning time vs. field and orbit energy.
# Date	2018-02-05T05:31:05
# Dir	-1
# field	1.9252435625631e-11
# zi	-6.
W	field	zt	t	argt
-0.000030396600266570223	1.9252435625631e-11	-32240.072285660342	6.382157958802425e6	0.
-0.000025229178221253285	1.9252435625631e-11	-38505.23050534182	8.30409579147603e6	0.
-0.000030244617265237375	1.9252435625631e-11	-32395.68030550773	6.427959901401707e6	0.
-0.000025077195219920433	1.9252435625631e-11	-38725.53331591357	8.374460248972605e6	0.
-0.000030092634263904523	1.9252435625631e-11	-32552.76752935163	6.47430131741482e6	-3.907782654070675e-7
-0.000024925212218587585	1.9252435625631e-11	-38948.299556193895	8.445800067147022e6	0.
-0.00002994065126257167	1.9252435625631e-11	-32711.354713475328	6.521191483462454e6	-1.2741273454026368e-7
-0.000024773229217254733	1.9252435625631e-11	-39173.56955125476	8.51812079044478e6	0.
-0.00002978866826123882	1.9252435625631e-11	-32871.46299587696	6.568639525442422e6	0.
-0.00002462124621592188	1.9252435625631e-11	-39401.384483121015	8.591451953262715e6	0.
-0.000029636685259905967	1.9252435625631e-11	-33033.11390487985	6.616652889106717e6	0.
-0.00002446926321458903	1.9252435625631e-11	-39631.78641285123	8.665810558661371e6	0.
-0.00002948470225857312	1.9252435625631e-11	-33196.329367969294	6.665241617114779e6	0.
-0.00002431728021325618	1.9252435625631e-11	-39864.818303277396	8.741214962981815e6	0.
-0.000029332719257240267	1.9252435625631e-11	-33361.13172086632	6.714415439215874e6	0.
-0.00002416529721192333	1.9252435625631e-11	-40100.5240424251	8.817687285861691e6	0.
-0.000029180736255907415	1.9252435625631e-11	-33527.5437168423	6.764183807060426e6	0.
-0.000024013314210590477	1.9252435625631e-11	-40338.948467635935	8.895244619682353e6	0.
-0.000029028753254574563	1.9252435625631e-11	-33695.588536283554	6.814560613016788e6	0.
-0.000023861331209257626	1.9252435625631e-11	-40580.137390417214	8.973911517730823e6	0.
-0.00002887677025324171	1.9252435625631e-11	-33865.28979651228	6.865543167594379e6	-3.526519055103033e-7
-0.000023709348207924774	1.9252435625631e-11	-40824.137622041286	9.05370659357354e6	0.
-0.000028724787251908863	1.9252435625631e-11	-34036.67156187303	6.91715673178921e6	0.
-0.000023557365206591925	1.9252435625631e-11	-41070.99699992171	9.134653953666763e6	0.
-0.00002857280425057601	1.9252435625631e-11	-34209.75835409177	6.969404719497391e6	0.
-0.000023405382205259074	1.9252435625631e-11	-41320.764414790574	9.216776604678499e6	0.
-0.00002842082124924316	1.9252435625631e-11	-34384.5751629158	7.022298555819322e6	0.
-0.000023253399203926222	1.9252435625631e-11	-41573.489838704765	9.300096041688755e6	0.
-0.000028268838247910308	1.9252435625631e-11	-34561.14745704447	7.075853758407983e6	0.
-0.00002310141620259337	1.9252435625631e-11	-41829.224353909645	9.384635643907208e6	0.
-0.000028116855246577456	1.9252435625631e-11	-34739.501195357916	7.130070400977361e6	0.
-0.000022949433201260518	1.9252435625631e-11	-42088.02018258817	9.47042202354566e6	0.
-0.000027964872245244608	1.9252435625631e-11	-34919.662838454824	7.184968789553468e6	0.
-0.00002279745019992767	1.9252435625631e-11	-42349.93071752543	9.557479086976906e6	0.
-0.000027812889243911756	1.9252435625631e-11	-35101.659360507576	7.240562957213769e6	0.
-0.000022645467198594818	1.9252435625631e-11	-42615.01055372084	9.645830630274009e6	0.
-0.000027660906242578904	1.9252435625631e-11	-35285.51826144423	7.296854362518664e6	0.
-0.000022493484197261966	1.9252435625631e-11	-42883.31552097899	9.73550721164985e6	0.
-0.000027508923241246052	1.9252435625631e-11	-35471.2675794704	7.353864820610337e6	0.
-0.000022341501195929114	1.9252435625631e-11	-43154.902717512574	9.826528024474237e6	0.
-0.0000273569402399132	1.9252435625631e-11	-35658.935903937265	7.4116032846769495e6	0.
-0.000022189518194596263	1.9252435625631e-11	-43429.83054459316	9.918928195794018e6	0.
-0.000027204957238580352	1.9252435625631e-11	-35848.55238857092	7.470083002769562e6	0.
-0.000022037535193263414	1.9252435625631e-11	-43708.15874228331	1.0012732443431605e7	0.
-0.0000270529742372475	1.9252435625631e-11	-36040.14676507137	7.529316372144577e6	0.
-0.000021885552191930562	1.9252435625631e-11	-43989.94842628959	1.0107970422592098e7	0.
-0.000026900991235914648	1.9252435625631e-11	-36233.749357094785	7.589317397004924e6	0.
-0.00002173356919059771	1.9252435625631e-11	-44275.26212597279	1.020467178100268e7	0.
-0.000026749008234581796	1.9252435625631e-11	-36429.39109462987	7.650099563722107e6	0.
-0.00002158158618926486	1.9252435625631e-11	-44564.163823556104	1.0302866834070304e7	0.
-0.000026597025233248945	1.9252435625631e-11	-36627.103528781845	7.711677861074925e6	0.
-0.000021429603187932007	1.9252435625631e-11	-44856.718994572155	1.0402587217312936e7	0.
-0.000026445042231916096	1.9252435625631e-11	-36826.91884697643	7.7740619519564975e6	0.
-0.00002127762018659916	1.9252435625631e-11	-45152.99464959102	1.0503863212549446e7	0.
-0.000026293059230583244	1.9252435625631e-11	-37028.86988859785	7.837271139000631e6	0.
-0.000021125637185266307	1.9252435625631e-11	-45453.05937727442	1.0606730259258196e7	0.
-0.000026141076229250393	1.9252435625631e-11	-37232.990161074085	7.901319261145608e6	0.
-0.000020973654183933455	1.9252435625631e-11	-45756.98338879952	1.0711224736678934e7	0.
-0.00002598909322791754	1.9252435625631e-11	-37439.31385642419	7.966221325866337e6	0.
-0.000020821671182600603	1.9252435625631e-11	-46064.83856370211	1.0817368671525382e7	0.
-0.00002583711022658469	1.9252435625631e-11	-37647.87586828271	8.03199254931211e6	0.
-0.00002066968818126775	1.9252435625631e-11	-46376.69849718637	1.0925208880332692e7	0.
-0.00002568512722525184	1.9252435625631e-11	-37858.71180941661	8.098649310490085e6	0.
-0.000020517705179934903	1.9252435625631e-11	-46692.638548951974	1.1034782111423654e7	0.
-0.00002553314422391899	1.9252435625631e-11	-38071.85802975007	8.166207440997051e6	0.
-0.00002036572217860205	1.9252435625631e-11	-47012.73589359058	1.1146118251650162e7	0.
-0.000025381161222586137	1.9252435625631e-11	-38287.35163491483	8.234684647518331e6	0.
-0.0000202137391772692	1.9252435625631e-11	-47337.06957260745	1.1259264691030014e7	0.
-0.000020061756175936347	1.9252435625631e-11	-47665.720548121	1.137425207693979e7	0.
-0.00001489433413061941	1.9252435625631e-11	-62147.2374469571	1.6749594341127617e7	0.
-0.000019909773174603496	1.9252435625631e-11	-47998.77175830158	1.1491125155077571e7	0.
-0.00001474235112928656	1.9252435625631e-11	-62698.11597210754	1.696488392873528e7	0.
-0.000019757790173270647	1.9252435625631e-11	-48336.308174606536	1.160992573986199e7	0.
-0.000014590368127953708	1.9252435625631e-11	-63258.1430900565	1.718448337829102e7	0.
-0.000019605807171937795	1.9252435625631e-11	-48678.41686087484	1.1730696552022956e7	0.
-0.000014438385126620856	1.9252435625631e-11	-63827.53065250071	1.740850336412408e7	0.
-0.000019453824170604944	1.9252435625631e-11	-49025.18703434422	1.1853480510013234e7	0.
-0.000014286402125288006	1.9252435625631e-11	-64406.496489925135	1.7637056090465527e7	0.
-0.000019301841169272092	1.9252435625631e-11	-49376.71012865776	1.1978322663648294e7	0.
-0.000014134419123955154	1.9252435625631e-11	-64995.26459754185	1.787026528069583e7	0.
-0.00001914985816793924	1.9252435625631e-11	-49733.0798589271	1.2105270454993682e7	0.
-0.000013982436122622304	1.9252435625631e-11	-65594.06532679968	1.8108246958016038e7	0.
-0.00001899787516660639	1.9252435625631e-11	-50094.39228892258	1.2234368621873746e7	0.
-0.000013830453121289452	1.9252435625631e-11	-66203.13558256812	1.835113088589933e7	0.
-0.00001884589216527354	1.9252435625631e-11	-50460.7459004643	1.2365672049129775e7	0.
-0.0000136784701199566	1.9252435625631e-11	-66822.71902608828	1.8599044446915574e7	0.
-0.000018693909163940688	1.9252435625631e-11	-50832.24166508606	1.2499219254641762e7	0.
-0.00001352648711862375	1.9252435625631e-11	-67453.06628378073	1.8852122334148843e7	0.
-0.000018541926162607836	1.9252435625631e-11	-51208.9831180533	1.2635074101213591e7	0.
-0.000013374504117290898	1.9252435625631e-11	-68094.43516198738	1.911050048259132e7	0.
-0.000018389943161274984	1.9252435625631e-11	-51591.076434810115	1.2773281760906907e7	0.
-0.000013222521115958048	1.9252435625631e-11	-68747.09086771663	1.937432025292564e7	0.
-0.000018237960159942136	1.9252435625631e-11	-51978.630509941584	1.2913900015148612e7	0.
-0.000013070538114625196	1.9252435625631e-11	-69411.306235448	1.9643729472607814e7	0.
-0.000018085977158609284	1.9252435625631e-11	-52371.75703873263	1.3056984712672211e7	0.
-0.000012918555113292345	1.9252435625631e-11	-70087.36196003766	1.9918873829473693e7	0.
-0.000017933994157276432	1.9252435625631e-11	-52770.57060141167	1.3202592429421933e7	0.
-0.000012766572111959494	1.9252435625631e-11	-70775.54683575433	2.0199912210500903e7	0.
-0.00001778201115594358	1.9252435625631e-11	-53175.18875016868	1.3350783519600844e7	0.
-0.000012614589110626643	1.9252435625631e-11	-71476.1580014513	2.048700062509422e7	0.
-0.00001763002815461073	1.9252435625631e-11	-53585.73209903816	1.3501616881335432e7	0.
-0.000012462606109293792	1.9252435625631e-11	-72189.50119186683	2.0780305687491696e7	0.
-0.00001747804515327788	1.9252435625631e-11	-54002.32441674329	1.3655158200068695e7	0.
-0.00001231062310796094	1.9252435625631e-11	-72915.8909950166	2.1079993540051304e7	0.
-0.00001732606215194503	1.9252435625631e-11	-54425.092722595524	1.3811467830721525e7	0.
-0.00001215864010662809	1.9252435625631e-11	-73655.65111562134	2.138623884904711e7	0.
-0.000017174079150612177	1.9252435625631e-11	-54854.16738555195	1.397061514750038e7	0.
-0.000012006657105295239	1.9252435625631e-11	-74409.11464448106	2.1699222070718613e7	0.
-0.000017022096149279325	1.9252435625631e-11	-55289.68222652916	1.4132666146199603e7	0.
-0.000011854674103962387	1.9252435625631e-11	-75176.62433367698	2.2019126147467177e7	0.
-0.000016870113147946473	1.9252435625631e-11	-55731.77462408027	1.4297692998052584e7	0.
-0.000011702691102629537	1.9252435625631e-11	-75958.53287744812	2.2346141990181025e7	0.
-0.000016718130146613624	1.9252435625631e-11	-56180.585623539475	1.4465765843972147e7	0.
-0.000011550708101296685	1.9252435625631e-11	-76755.20319854829	2.2680464868318945e7	0.
-0.000016566147145280773	1.9252435625631e-11	-56636.26004974484	1.4636959427081948e7	0.
-0.000011398725099963835	1.9252435625631e-11	-77567.00873984862	2.3022295415369384e7	0.
-0.00001641416414394792	1.9252435625631e-11	-57098.94662344885	1.4811351676778164e7	0.
-0.000011246742098630983	1.9252435625631e-11	-78394.33376090186	2.3371841522949524e7	0.
-0.00001626218114261507	1.9252435625631e-11	-57568.79808152995	1.498901844086979e7	0.
-0.000011094759097298131	1.9252435625631e-11	-79237.57363913287	2.372931554498083e7	0.
-0.000016110198141282217	1.9252435625631e-11	-58045.97130112136	1.5170043080490645e7	0.
-0.000010942776095965281	1.9252435625631e-11	-80097.1351752631	2.4094936083219714e7	0.
-0.00001595821513994937	1.9252435625631e-11	-58530.62742777161	1.5354506178162195e7	0.
-0.00001079079309463243	1.9252435625631e-11	-80973.43690251377	2.4468931300828803e7	0.
-0.000015806232138616517	1.9252435625631e-11	-59022.93200775771	1.5542495811332043e7	0.
-0.00001063881009329958	1.9252435625631e-11	-81866.90939906337	2.4851531088306084e7	0.
-0.000010486827091966727	1.9252435625631e-11	-82777.99560316296	2.5242974945574198e7	0.
-0.000015654249137283665	1.9252435625631e-11	-59523.0551246682	1.5734098885901399e7	0.
-0.000010334844090633876	1.9252435625631e-11	-83707.15113022852	2.5643508494605884e7	0.
-0.000015502266135950813	1.9252435625631e-11	-60031.17154037899	1.5929406292036371e7	0.
-0.000010182861089301025	1.9252435625631e-11	-84654.8445911446	2.6053383108785626e7	0.
-0.00001535028313461796	1.9252435625631e-11	-60547.46084054232	1.6128512928178065e7	0.
-0.000010030878087968174	1.9252435625631e-11	-85621.55791091696	2.6472858672803294e7	0.
-0.000015198300133285111	1.9252435625631e-11	-61072.107584711106	1.6331512786105858e7	0.
-9.878895086635324e-6	1.9252435625631e-11	-86607.78664670943	2.6902201637527097e7	0.
-0.000015046317131952261	1.9252435625631e-11	-61605.30146122198	1.6538506066034418e7	0.
-4.559490039985534e-6	1.9252435625631e-11	-138419.68310722295	5.07312501891985e7	0.
-9.726912085302472e-6	1.9252435625631e-11	-87614.04030419048	2.734168368270709e7	0.
-4.407507038652682e-6	1.9252435625631e-11	-140571.0237588412	5.1748793219651364e7	0.
-9.57492908396962e-6	1.9252435625631e-11	-88640.84265099619	2.779158826676963e7	0.
-4.255524037319831e-6	1.9252435625631e-11	-142771.14672152017	5.278993020515552e7	0.
-9.42294608263677e-6	1.9252435625631e-11	-89688.7320259882	2.8252199792535126e7	0.
-4.10354103598698e-6	1.9252435625631e-11	-145021.0681872568	5.385500224877399e7	0.
-9.270963081303918e-6	1.9252435625631e-11	-90758.26164285242	2.872381534165364e7	0.
-3.951558034654129e-6	1.9252435625631e-11	-147321.80258441606	5.494432891125739e7	0.
-9.118980079971068e-6	1.9252435625631e-11	-91849.9998864367	2.920673801479348e7	0.
-3.799575033321278e-6	1.9252435625631e-11	-149674.36046269958	5.6058215422590844e7	0.
-8.966997078638216e-6	1.9252435625631e-11	-92964.53060007536	2.970127758689983e7	0.
-3.647592031988427e-6	1.9252435625631e-11	-152079.74626266808	5.719694648130118e7	0.
-8.815014077305364e-6	1.9252435625631e-11	-94102.45336198545	3.0207751601479106e7	0.
-3.495609030655576e-6	1.9252435625631e-11	-154538.95597491768	5.8360777697617725e7	0.
-8.663031075972514e-6	1.9252435625631e-11	-95264.3837486496	3.0726486510134634e7	0.
-3.3436260293227246e-6	1.9252435625631e-11	-157052.97469546186	5.9549948011203125e7	0.
-8.511048074639662e-6	1.9252435625631e-11	-96450.9535829215	3.1257813068182062e7	0.
-3.1916430279898736e-6	1.9252435625631e-11	-159622.77408537953	6.0764665255781576e7	0.
-8.359065073306812e-6	1.9252435625631e-11	-97662.81116440406	3.1802072080017105e7	0.
-3.0396600266570226e-6	1.9252435625631e-11	-162249.3097443522	6.2005111265381195e7	0.
-8.20708207197396e-6	1.9252435625631e-11	-98900.62147945607	3.235961183540414e7	0.
-2.8876770253241713e-6	1.9252435625631e-11	-164933.51850929082	6.3271435202947296e7	0.
-8.055099070641109e-6	1.9252435625631e-11	-100165.06638798262	3.2930786236900948e7	0.
-2.7356940239913203e-6	1.9252435625631e-11	-167676.3156908341	6.456375513838479e7	0.
-7.903116069308259e-6	1.9252435625631e-11	-101456.84478396042	3.3515957955644436e7	0.
-2.583711022658469e-6	1.9252435625631e-11	-170478.59226205217	6.588215842628915e7	0.
-7.751133067975407e-6	1.9252435625631e-11	-102776.67272643729	3.4115496419476226e7	0.
-2.431728021325618e-6	1.9252435625631e-11	-173341.21201518035	6.722669255947737e7	0.
-7.599150066642556e-6	1.9252435625631e-11	-104125.28353753411	3.472977329911476e7	0.
-2.279745019992767e-6	1.9252435625631e-11	-176265.00870361357	6.859736887509061e7	0.
-7.447167065309705e-6	1.9252435625631e-11	-105503.42786376546	3.535917471224782e7	0.
-2.1277620186599156e-6	1.9252435625631e-11	-179250.78318766924	6.999416122886227e7	0.
-7.295184063976854e-6	1.9252435625631e-11	-106911.87369678052	3.600408862860346e7	0.
-1.9757790173270646e-6	1.9252435625631e-11	-182299.30060375025	7.141700667862871e7	0.
-7.143201062644003e-6	1.9252435625631e-11	-108351.40634942293	3.6664907400340915e7	0.
-1.8237960159942135e-6	1.9252435625631e-11	-185411.2875774727	7.286579651550296e7	0.
-6.991218061311152e-6	1.9252435625631e-11	-109822.8283828058	3.734203074041844e7	0.
-1.6718130146613623e-6	1.9252435625631e-11	-188587.42950203412	7.434038237521233e7	0.
-6.8392350599783e-6	1.9252435625631e-11	-111326.95947990955	3.803586453699955e7	0.
-1.5198300133285113e-6	1.9252435625631e-11	-191828.36790355796	7.58405736905674e7	0.
-6.687252058645449e-6	1.9252435625631e-11	-112864.63626103578	3.874681678984081e7	0.
-1.3678470119956601e-6	1.9252435625631e-11	-195134.6979153331	7.736613810878503e7	0.
-6.535269057312598e-6	1.9252435625631e-11	-114436.71203629592	3.947530074862614e7	0.
-1.215864010662809e-6	1.9252435625631e-11	-198506.9658827521	7.891679851694785e7	0.
-6.383286055979747e-6	1.9252435625631e-11	-116044.05649018026	4.02217320927821e7	0.
-1.0638810093299578e-6	1.9252435625631e-11	-201945.66712032296	8.049223368663655e7	0.
-6.231303054646896e-6	1.9252435625631e-11	-117687.55529315134	4.098653175891114e7	0.
-9.118980079971067e-7	1.9252435625631e-11	-205451.2438413763	8.20920811834216e7	0.
-6.079320053314045e-6	1.9252435625631e-11	-119368.10963513813	4.17701174441931e7	0.
-7.599150066642557e-7	1.9252435625631e-11	-209024.0832800115	8.371593479299927e7	0.
-5.9273370519811935e-6	1.9252435625631e-11	-121086.63567578122	4.257291294281135e7	0.
-6.079320053314045e-7	1.9252435625631e-11	-212664.5160234271	8.536334947986767e7	0.
-5.7753540506483425e-6	1.9252435625631e-11	-122844.06390629888	4.3395340508592896e7	0.
-4.5594900399855336e-7	1.9252435625631e-11	-216372.81457107508	8.703383157702589e7	0.
-5.6233710493154915e-6	1.9252435625631e-11	-124641.33841792184	4.4237818221252024e7	0.
-3.0396600266570224e-7	1.9252435625631e-11	-220149.19213508785	8.872685673419943e7	0.
-5.4713880479826406e-6	1.9252435625631e-11	-126479.41607198004	4.5100767961778484e7	0.
-1.5198300133285112e-7	1.9252435625631e-11	-223993.80169417764	9.04418565288096e7	0.
-5.31940504664979e-6	1.9252435625631e-11	-128359.26556693066	4.59846039312612e7	0.
0.	1.9252435625631e-11	-227906.73531074065	9.2178229781082e7	0.
-5.167422045316938e-6	1.9252435625631e-11	-130281.86639790033	4.688973868801541e7	0.
1.5198300133285112e-7	1.9252435625631e-11	-231888.02371824795	9.393533563156725e7	0.
-5.015439043984087e-6	1.9252435625631e-11	-132248.20770467696	4.781657531104554e7	0.
3.0396600266570224e-7	1.9252435625631e-11	-235937.63618322834	9.571250328496341e7	0.
-4.863456042651236e-6	1.9252435625631e-11	-134259.28700454353	4.87655151970943e7	0.
-4.711473041318385e-6	1.9252435625631e-11	-136316.10880689375	4.973694681676408e7	0.
4.5594900399855336e-7	1.9252435625631e-11	-240055.48064328587	9.750903528364615e7	0.
5.4713880479826406e-6	1.9252435625631e-11	-410671.40893850935	1.624493390182801e8	0.
6.079320053314045e-7	1.9252435625631e-11	-244241.40411970808	9.932419742491534e7	0.
5.6233710493154915e-6	1.9252435625631e-11	-416727.55330852146	1.6444302268801287e8	0.
7.599150066642557e-7	1.9252435625631e-11	-248495.1934003628	1.0115724196635881e8	0.
5.7753540506483425e-6	1.9252435625631e-11	-422824.5008209687	1.6643160463766888e8	0.
9.118980079971067e-7	1.9252435625631e-11	-252816.57598579788	1.0300738706296997e8	0.
5.9273370519811935e-6	1.9252435625631e-11	-428961.2946145213	1.6841472326610565e8	0.
1.0638810093299578e-6	1.9252435625631e-11	-257205.22128881476	1.0487383734226836e8	0.
6.079320053314045e-6	1.9252435625631e-11	-435136.9905979485	1.7039204377731466e8	0.
1.215864010662809e-6	1.9252435625631e-11	-261660.7420753142	1.0675578105803256e8	0.
6.231303054646896e-6	1.9252435625631e-11	-441350.65828003193	1.7236325665692782e8	0.
1.3678470119956601e-6	1.9252435625631e-11	-266182.69613196544	1.0865238989525881e8	0.
6.383286055979747e-6	1.9252435625631e-11	-447601.3815011311	1.7432806857105255e8	0.
1.5198300133285113e-6	1.9252435625631e-11	-270770.5881442606	1.1056282723661481e8	0.
6.535269057312598e-6	1.9252435625631e-11	-453888.25907131704	1.7628620864491308e8	0.
1.6718130146613623e-6	1.9252435625631e-11	-275423.87176680693	1.1248624721214874e8	0.
6.687252058645449e-6	1.9252435625631e-11	-460210.40532012715	1.7823742535900626e8	0.
1.8237960159942135e-6	1.9252435625631e-11	-280141.9518663158	1.1442179777386908e8	0.
6.8392350599783e-6	1.9252435625631e-11	-466566.9505630712	1.8018148504219455e8	0.
1.9757790173270646e-6	1.9252435625631e-11	-284924.1869166636	1.1636862520651354e8	0.
6.991218061311152e-6	1.9252435625631e-11	-472957.04149003775	1.8211817811007068e8	0.
2.1277620186599156e-6	1.9252435625631e-11	-289769.89152465283	1.1832587967487836e8	0.
7.143201062644003e-6	1.9252435625631e-11	-479379.8414807251	1.8404730367845124e8	0.
2.279745019992767e-6	1.9252435625631e-11	-294678.33906466747	1.202927121601061e8	0.
7.295184063976854e-6	1.9252435625631e-11	-485834.53085215297	1.859686853976637e8	0.
2.431728021325618e-6	1.9252435625631e-11	-299648.76440030447	1.2226827684492008e8	0.
7.447167065309705e-6	1.9252435625631e-11	-492320.3070432081	1.878821527536982e8	0.
2.583711022658469e-6	1.9252435625631e-11	-304680.36667124653	1.2425173947476883e8	0.
7.599150066642556e-6	1.9252435625631e-11	-498836.38474104705	1.89787565996535e8	0.
2.7356940239913203e-6	1.9252435625631e-11	-309772.31212409877	1.2624227655234547e8	0.
7.751133067975407e-6	1.9252435625631e-11	-505381.9959540205	1.9168479152606955e8	0.
2.8876770253241713e-6	1.9252435625631e-11	-314923.73696662573	1.2823907786713132e8	0.
7.903116069308259e-6	1.9252435625631e-11	-511956.3900356139	1.9357369926863185e8	0.
3.0396600266570226e-6	1.9252435625631e-11	-320133.75022575737	1.3024134472368832e8	0.
8.055099070641109e-6	1.9252435625631e-11	-518558.8336637063	1.954541929559219e8	0.
3.1916430279898736e-6	1.9252435625631e-11	-325401.43659085495	1.322482975620991e8	0.
8.20708207197396e-6	1.9252435625631e-11	-525188.61077925	1.9732617505405393e8	0.
3.3436260293227246e-6	1.9252435625631e-11	-330725.85922500753	1.3425917370047256e8	0.
8.359065073306812e-6	1.9252435625631e-11	-531845.0224882683	1.9918956334871405e8	0.
3.495609030655576e-6	1.9252435625631e-11	-336106.0625285336	1.362732328181033e8	0.
8.511048074639662e-6	1.9252435625631e-11	-538527.3869308559	2.010442866387944e8	0.
3.647592031988427e-6	1.9252435625631e-11	-341541.07484035427	1.3828975070469627e8	0.
8.663031075972514e-6	1.9252435625631e-11	-545235.0391206543	2.028902845592597e8	0.
3.799575033321278e-6	1.9252435625631e-11	-347029.91106445604	1.4030802926974112e8	0.
8.815014077305364e-6	1.9252435625631e-11	-551967.3307580604	2.0472750824633363e8	0.
3.951558034654129e-6	1.9252435625631e-11	-352571.5752102428	1.4232739418244362e8	0.
8.966997078638216e-6	1.9252435625631e-11	-558723.6300202205	2.0655590978344822e8	0.
4.10354103598698e-6	1.9252435625631e-11	-358165.0628371538	1.4434718905860502e8	0.
9.118980079971068e-6	1.9252435625631e-11	-565503.3213306522	2.08375465227202e8	0.
4.255524037319831e-6	1.9252435625631e-11	-363809.3633954874	1.463667869939964e8	0.
9.270963081303918e-6	1.9252435625631e-11	-572305.8051111383	2.1018614855100268e8	0.
4.407507038652682e-6	1.9252435625631e-11	-369503.4624568787	1.4838558281879503e8	0.
9.42294608263677e-6	1.9252435625631e-11	-579130.4975183442	2.11987938851673e8	0.
4.559490039985534e-6	1.9252435625631e-11	-375246.3438293307	1.50403000318092e8	0.
9.57492908396962e-6	1.9252435625631e-11	-585976.8301674224	2.1378083195631474e8	0.
4.711473041318385e-6	1.9252435625631e-11	-381036.9915530718	1.5241848759108728e8	0.
9.726912085302472e-6	1.9252435625631e-11	-592844.2498446871	2.1556482545719564e8	0.
4.863456042651236e-6	1.9252435625631e-11	-386874.3917747918	1.54431513268936e8	0.
9.878895086635324e-6	1.9252435625631e-11	-599732.2182112763	2.17339922238508e8	0.
5.015439043984087e-6	1.9252435625631e-11	-392757.5344989955	1.5644157627447036e8	0.
0.000010030878087968174	1.9252435625631e-11	-606640.211499554	2.191061252621969e8	0.
5.167422045316938e-6	1.9252435625631e-11	-398685.41521628905	1.5844819912658364e8	0.
0.000010182861089301025	1.9252435625631e-11	-613567.7202038519	2.2086346169066623e8	0.
5.31940504664979e-6	1.9252435625631e-11	-404657.03640938975	1.6045092940536225e8	0.
0.000010334844090633876	1.9252435625631e-11	-620514.248767006	2.2261194744801894e8	0.
0.000010486827091966727	1.9252435625631e-11	-627479.3152640108	2.2435160931646875e8	0.
0.000015502266135950813	1.9252435625631e-11	-865241.8179955452	2.771396444473311e8	0.
0.00001063881009329958	1.9252435625631e-11	-634462.4510839814	2.260824727413473e8	0.
0.000015654249137283665	1.9252435625631e-11	-872627.9236039048	2.7861177548485816e8	0.
0.00001079079309463243	1.9252435625631e-11	-641463.2006115022	2.2780457922434825e8	0.
0.000015806232138616517	1.9252435625631e-11	-880022.0225110647	2.800771957095988e8	0.
0.000010942776095965281	1.9252435625631e-11	-648481.1209083217	2.2951795687686938e8	0.
0.00001595821513994937	1.9252435625631e-11	-887423.939955149	2.8153596951952827e8	0.
0.000011094759097298131	1.9252435625631e-11	-655515.7813962618	2.3122265341071257e8	0.
0.000016110198141282217	1.9252435625631e-11	-894833.5058525687	2.8298815534220004e8	0.
0.000011246742098630983	1.9252435625631e-11	-662566.763542101	2.3291871131358227e8	0.
0.00001626218114261507	1.9252435625631e-11	-902250.5546570477	2.844338327157415e8	0.
0.000011398725099963835	1.9252435625631e-11	-669633.660545118	2.3460617507054085e8	0.
0.00001641416414394792	1.9252435625631e-11	-909674.9252230368	2.8587305243540484e8	0.
0.000011550708101296685	1.9252435625631e-11	-676716.0770278879	2.3628510170475218e8	0.
0.000016566147145280773	1.9252435625631e-11	-917106.4606734031	2.873058868461802e8	0.
0.000011702691102629537	1.9252435625631e-11	-683813.6287308581	2.3795553796884903e8	0.
0.000016718130146613624	1.9252435625631e-11	-924545.008271268	2.8873240512977743e8	0.
0.000011854674103962387	1.9252435625631e-11	-690925.9422111572	2.396175397203058e8	0.
0.000016870113147946473	1.9252435625631e-11	-931990.419295879	2.901526590523902e8	0.
0.000012006657105295239	1.9252435625631e-11	-698052.6545460315	2.4127116352673072e8	0.
0.000017022096149279325	1.9252435625631e-11	-939442.5489223981	2.915667200586092e8	0.
0.00001215864010662809	1.9252435625631e-11	-705193.413041242	2.4291646636342308e8	0.
0.000017174079150612177	1.9252435625631e-11	-946901.2561054912	2.9297465075539076e8	0.
0.00001231062310796094	1.9252435625631e-11	-712347.8749447075	2.4455351255289802e8	0.
0.00001732606215194503	1.9252435625631e-11	-954366.403466605	2.943765036798439e8	0.
0.000012462606109293792	1.9252435625631e-11	-719515.707165628	2.461823592353835e8	0.
0.00001747804515327788	1.9252435625631e-11	-961837.8571848231	2.9577234897354364e8	0.
0.000012614589110626643	1.9252435625631e-11	-726696.5859992828	2.4780307062700382e8	0.
0.00001763002815461073	1.9252435625631e-11	-969315.4868911881	2.9716224131889296e8	0.
0.000012766572111959494	1.9252435625631e-11	-733890.1968576561	2.4941571231509808e8	0.
0.00001778201115594358	1.9252435625631e-11	-976799.1655663889	2.985462485369776e8	0.
0.000012918555113292345	1.9252435625631e-11	-741096.2340060095	2.5102033997527108e8	0.
0.000017933994157276432	1.9252435625631e-11	-984288.7694417022	2.9992441935606384e8	0.
0.000013070538114625196	1.9252435625631e-11	-748314.4003054902	2.5261703540200397e8	0.
0.000018085977158609284	1.9252435625631e-11	-991784.1779030935	3.012968227878013e8	0.
0.000013222521115958048	1.9252435625631e-11	-755544.4069618292	2.542058527448008e8	0.
0.000018237960159942136	1.9252435625631e-11	-999285.2733983728	3.026635090142866e8	0.
0.000013374504117290898	1.9252435625631e-11	-762785.9732801701	2.557868659075914e8	0.
0.000018389943161274984	1.9252435625631e-11	-1.0067919413473115e6	3.04024537909779e8	0.
0.00001352648711862375	1.9252435625631e-11	-770038.8264260337	2.5736013845209318e8	0.
0.000018541926162607836	1.9252435625631e-11	-1.0143040700546248e6	3.0537996607147294e8	0.
0.0000136784701199566	1.9252435625631e-11	-777302.7011924116	2.5892573996828133e8	0.
0.000018693909163940688	1.9252435625631e-11	-1.0218215506257279e6	3.067298495434882e8	0.
0.000013830453121289452	1.9252435625631e-11	-784577.3397729616	2.6048373610813174e8	0.
0.00001884589216527354	1.9252435625631e-11	-1.0293442768851764e6	3.0807424391519773e8	0.
0.000013982436122622304	1.9252435625631e-11	-791862.4915412634	2.620342011291569e8	0.
0.00001899787516660639	1.9252435625631e-11	-1.036872145297705e6	3.094132008972446e8	0.
0.000014134419123955154	1.9252435625631e-11	-799157.9128360758	2.6357720259705025e8	0.
0.00001914985816793924	1.9252435625631e-11	-1.0444050548917796e6	3.1074678038610125e8	0.
0.000014286402125288006	1.9252435625631e-11	-806463.3667525295	2.6511280991435915e8	0.
0.000019301841169272092	1.9252435625631e-11	-1.0519429071855806e6	3.120750329098233e8	0.
0.000014438385126620856	1.9252435625631e-11	-813778.6229391752	2.6664108402850598e8	0.
0.000019453824170604944	1.9252435625631e-11	-1.0594856061153372e6	3.133980089875448e8	0.
0.000014590368127953708	1.9252435625631e-11	-821103.4574008014	2.6816210650387746e8	0.
0.000019605807171937795	1.9252435625631e-11	-1.0670330579659382e6	3.147157679047639e8	0.
0.00001474235112928656	1.9252435625631e-11	-828437.6523069226	2.696759308733983e8	0.
0.000019757790173270647	1.9252435625631e-11	-1.0745851713037402e6	3.1602835428118116e8	0.
0.00001489433413061941	1.9252435625631e-11	-835780.9958058425	2.711826407909068e8	0.
0.000019909773174603496	1.9252435625631e-11	-1.0821418569115056e6	3.1733582414346385e8	0.
0.000015046317131952261	1.9252435625631e-11	-843133.2818441777	2.7268230506791717e8	0.
0.000020061756175936347	1.9252435625631e-11	-1.089703027725395e6	3.1863821914373344e8	0.
0.000015198300133285111	1.9252435625631e-11	-850494.3099917369	2.741749737815879e8	0.
0.0000202137391772692	1.9252435625631e-11	-1.0972685987739519e6	3.199356005787899e8	0.
0.00001535028313461796	1.9252435625631e-11	-857863.8852716384	2.7566073576589835e8	0.
0.00002036572217860205	1.9252435625631e-11	-1.1048384871190053e6	3.2122800608368206e8	0.
0.000020517705179934903	1.9252435625631e-11	-1.112412611798437e6	3.225154991249821e8	0.
0.00002553314422391899	1.9252435625631e-11	-1.3643011580735536e6	3.6252525286084086e8	0.
0.00002066968818126775	1.9252435625631e-11	-1.1199908937707413e6	3.237981028536564e8	0.
0.00002568512722525184	1.9252435625631e-11	-1.3719822338772905e6	3.6367027135391504e8	0.
0.000020821671182600603	1.9252435625631e-11	-1.1275732558613275e6	3.2507589155215585e8	0.
0.00002583711022658469	1.9252435625631e-11	-1.3796656199602266e6	3.648117216129987e8	0.
0.000020973654183933455	1.9252435625631e-11	-1.1351596227104953e6	3.2634889522573113e8	0.
0.00002598909322791754	1.9252435625631e-11	-1.3873512799724385e6	3.659496460984382e8	0.
0.000021125637185266307	1.9252435625631e-11	-1.1427499207230404e6	3.276171675034033e8	0.
0.000026141076229250393	1.9252435625631e-11	-1.3950391783011586e6	3.670840600594495e8	0.
0.00002127762018659916	1.9252435625631e-11	-1.1503440780194271e6	3.288807492287885e8	0.
0.000026293059230583244	1.9252435625631e-11	-1.4027292800527527e6	3.6821500358492607e8	0.
0.000021429603187932007	1.9252435625631e-11	-1.1579420243884786e6	3.301396920904389e8	0.
0.000026445042231916096	1.9252435625631e-11	-1.4104215510352014e6	3.6934250343101346e8	0.
0.00002158158618926486	1.9252435625631e-11	-1.1655436912415328e6	3.3139403353099674e8	0.
0.000026597025233248945	1.9252435625631e-11	-1.418115957741077e6	3.7046658845398855e8	0.
0.00002173356919059771	1.9252435625631e-11	-1.1731490115680199e6	3.3264381982426655e8	0.
0.000026749008234581796	1.9252435625631e-11	-1.4258124673309952e6	3.715872874343566e8	0.
0.000021885552191930562	1.9252435625631e-11	-1.1807579198924068e6	3.338890916572173e8	0.
0.000026900991235914648	1.9252435625631e-11	-1.4335110476175305e6	3.7270462632273453e8	0.
0.000022037535193263414	1.9252435625631e-11	-1.1883703522324709e6	3.351298987088544e8	0.
0.0000270529742372475	1.9252435625631e-11	-1.4412116670495775e6	3.7381864020123965e8	0.
0.000022189518194596263	1.9252435625631e-11	-1.195986246058851e6	3.363662789513027e8	0.
0.000027204957238580352	1.9252435625631e-11	-1.448914294697147e6	3.749293470630635e8	0.
0.000022341501195929114	1.9252435625631e-11	-1.2036055402558404e6	3.3759826575842685e8	0.
0.0000273569402399132	1.9252435625631e-11	-1.4566189002365838e6	3.760367814686843e8	0.
0.000022493484197261966	1.9252435625631e-11	-1.2112281750833774e6	3.3882591812599856e8	0.
0.000027508923241246052	1.9252435625631e-11	-1.4643254539361873e6	3.7714097033123046e8	0.
0.000022645467198594818	1.9252435625631e-11	-1.2188540921401894e6	3.4004925856395096e8	0.
0.000027660906242578904	1.9252435625631e-11	-1.4720339266422314e6	3.782419353225531e8	0.
0.00002279745019992767	1.9252435625631e-11	-1.2264832343280644e6	3.412683403804308e8	0.
0.000027812889243911756	1.9252435625631e-11	-1.479744289765365e6	3.793397026935011e8	0.
0.000022949433201260518	1.9252435625631e-11	-1.234115545817197e6	3.424831921805645e8	0.
0.000027964872245244608	1.9252435625631e-11	-1.4874565152673826e6	3.80434303436855e8	0.
0.00002310141620259337	1.9252435625631e-11	-1.241750972012589e6	3.436938638264236e8	0.
0.000028116855246577456	1.9252435625631e-11	-1.4951705756483555e6	3.815257563637416e8	0.
0.000023253399203926222	1.9252435625631e-11	-1.2493894595214543e6	3.449003828248542e8	0.
0.000028268838247910308	1.9252435625631e-11	-1.5028864439341126e6	3.8261409949597776e8	0.
0.000023405382205259074	1.9252435625631e-11	-1.2570309561216105e6	3.4610279541101545e8	0.
0.00002842082124924316	1.9252435625631e-11	-1.510604093664054e6	3.836993429602423e8	0.
0.000023557365206591925	1.9252435625631e-11	-1.2646754107308118e6	3.47301133906358e8	0.
0.00002857280425057601	1.9252435625631e-11	-1.5183234988793004e6	3.847815223826755e8	0.
0.000023709348207924774	1.9252435625631e-11	-1.2723227733770015e6	3.484954425936042e8	0.
0.000028724787251908863	1.9252435625631e-11	-1.526044634111152e6	3.858606554523139e8	0.
0.000023861331209257626	1.9252435625631e-11	-1.2799729951694477e6	3.4968575080909896e8	0.
0.00002887677025324171	1.9252435625631e-11	-1.5337674743698614e6	3.8693677106002796e8	0.
0.000024013314210590477	1.9252435625631e-11	-1.2876260282707368e6	3.5087209703769195e8	0.
0.000029028753254574563	1.9252435625631e-11	-1.5414919951337029e6	3.8800988543896395e8	0.
0.00002416529721192333	1.9252435625631e-11	-1.2952818258695963e6	3.52054519514379e8	0.
0.000029180736255907415	1.9252435625631e-11	-1.549218172338332e6	3.8908002972853404e8	0.
0.00002431728021325618	1.9252435625631e-11	-1.302940342154519e6	3.532330450731029e8	0.
0.000029332719257240267	1.9252435625631e-11	-1.5569459823664264e6	3.901472246229956e8	0.
0.00002446926321458903	1.9252435625631e-11	-1.3106015322881627e6	3.5440771431534404e8	0.
0.00002948470225857312	1.9252435625631e-11	-1.5646754020375994e6	3.9121148882945955e8	0.
0.00002462124621592188	1.9252435625631e-11	-1.318265352382503e6	3.555785663815052e8	0.
0.000029636685259905967	1.9252435625631e-11	-1.5724064085985802e6	3.922728558055845e8	0.
0.000024773229217254733	1.9252435625631e-11	-1.325931759474707e6	3.5674562483071285e8	0.
0.00002978866826123882	1.9252435625631e-11	-1.5801389797136476e6	3.9333134170884895e8	0.
0.000024925212218587585	1.9252435625631e-11	-1.3336007115037164e6	3.5790893063331e8	0.
0.00002994065126257167	1.9252435625631e-11	-1.5878730934553163e6	3.943869662812069e8	0.
0.000025077195219920433	1.9252435625631e-11	-1.3412721672875062e6	3.5906851416210955e8	0.
0.000030092634263904523	1.9252435625631e-11	-1.5956087282952631e6	3.954397593041655e8	0.
0.000025229178221253285	1.9252435625631e-11	-1.3489460865010046e6	3.602244080849928e8	0.
0.000030244617265237375	1.9252435625631e-11	-1.6033458630954893e6	3.9648972547243184e8	0.
0.000025381161222586137	1.9252435625631e-11	-1.356622429654648e6	3.613766445784823e8	0.
0.000030396600266570223	1.9252435625631e-11	-1.611084477099712e6	3.975369033168096e8	0.
