# Filename	C:\Users\edmag\Documents\Work\2D-Comp-Model\computation\Turning Timeresults\2018-02-05T05-31-49.txt
# Source	C:\Users\edmag\Documents\Work\2D-Comp-Model\computation\Turning Time\turning.nb
# Note	1D calculation of turning time vs. field and orbit energy.
# Date	2018-02-05T05:31:49
# Dir	-1
# field	2.1780533233037092e-11
# zi	-6.
W	field	zt	t	argt
-0.000030396600266570223	2.1780533233037092e-11	-32157.436247293295	6.351758219666392e6	-1.7947894935391013e-7
-0.000030244617265237375	2.1780533233037092e-11	-32311.86184207085	6.397056423133375e6	-1.4672734521243504e-7
-0.000025229178221253285	2.1780533233037092e-11	-38365.90682046009	8.24846797504815e6	0.
-0.000030092634263904523	2.1780533233037092e-11	-32467.744300954975	6.442883310076641e6	-7.660742951902627e-7
-0.000025077195219920433	2.1780533233037092e-11	-38583.86075457417	8.3177477984474255e6	0.
-0.00002994065126257167	2.1780533233037092e-11	-32625.1038580182	6.489247412120374e6	-2.992924004732801e-7
-0.000024925212218587585	2.1780533233037092e-11	-38804.22611184611	8.387971784293686e6	0.
-0.00002978866826123882	2.1780533233037092e-11	-32783.96111455844	6.536159367475765e6	0.
-0.000024773229217254733	2.1780533233037092e-11	-39027.04180099421	8.459156881566687e6	0.
-0.000029636685259905967	2.1780533233037092e-11	-32944.337047245936	6.583622954173834e6	0.
-0.00002462124621592188	2.1780533233037092e-11	-39252.34754220432	8.53132077330472e6	0.
-0.00002948470225857312	2.1780533233037092e-11	-33106.25301648081	6.6316509710796345e6	0.
-0.00002446926321458903	2.1780533233037092e-11	-39480.18388753998	8.604482583643196e6	0.
-0.000029332719257240267	2.1780533233037092e-11	-33269.730774968535	6.680252471147423e6	0.
-0.00002431728021325618	2.1780533233037092e-11	-39710.592241941915	8.678660925886577e6	0.
-0.000029180736255907415	2.1780533233037092e-11	-33434.79247651888	6.729435443060286e6	0.
-0.00002416529721192333	2.1780533233037092e-11	-39943.61488483631	8.753874622918162e6	0.
-0.000029028753254574563	2.1780533233037092e-11	-33601.46068507635	6.779210688351511e6	0.
-0.000024013314210590477	2.1780533233037092e-11	-40179.29499237095	8.830142940519962e6	0.
-0.00002887677025324171	2.1780533233037092e-11	-33769.758383986955	6.829588561821095e6	0.
-0.000023861331209257626	2.1780533233037092e-11	-40417.67666029957	8.907488208101781e6	0.
-0.000028724787251908863	2.1780533233037092e-11	-33939.70898550997	6.880575312521525e6	0.
-0.000023709348207924774	2.1780533233037092e-11	-40658.80492753407	8.985925727130579e6	0.
-0.00002857280425057601	2.1780533233037092e-11	-34111.33634058165	6.9321848214672785e6	0.
-0.000023557365206591925	2.1780533233037092e-11	-40902.725800388565	9.065482209845455e6	0.
-0.00002842082124924316	2.1780533233037092e-11	-34284.664748837626	6.984427602218053e6	0.
-0.000023405382205259074	2.1780533233037092e-11	-41149.486277533564	9.146176902969144e6	0.
-0.000028268838247910308	2.1780533233037092e-11	-34459.71896890215	7.037311607741797e6	0.
-0.000023253399203926222	2.1780533233037092e-11	-41399.13437568712	9.228030524888283e6	0.
-0.000028116855246577456	2.1780533233037092e-11	-34636.52422895338	7.090849825371647e6	0.
-0.00002310141620259337	2.1780533233037092e-11	-41651.71915606417	9.311068163650693e6	0.
-0.000027964872245244608	2.1780533233037092e-11	-34815.10623757064	7.145051669487115e6	0.
-0.000022949433201260518	2.1780533233037092e-11	-41907.2907516087	9.39531115273615e6	0.
-0.000027812889243911756	2.1780533233037092e-11	-34995.49119487465	7.199930820141731e6	0.
-0.00002279745019992767	2.1780533233037092e-11	-42165.90039503516	9.480783479198048e6	0.
-0.000027660906242578904	2.1780533233037092e-11	-35177.70580396704	7.255495824778764e6	0.
-0.000022645467198594818	2.1780533233037092e-11	-42427.60044770417	9.567510171350492e6	0.
-0.000027508923241246052	2.1780533233037092e-11	-35361.777282681294	7.311761544170279e6	0.
-0.000022493484197261966	2.1780533233037092e-11	-42692.44442935952	9.655515941311743e6	0.
-0.0000273569402399132	2.1780533233037092e-11	-35547.733375651136	7.368736375378658e6	0.
-0.000022341501195929114	2.1780533233037092e-11	-42960.48704875483	9.744824592454765e6	0.
-0.000027204957238580352	2.1780533233037092e-11	-35735.60236670963	7.426437934089789e6	0.
-0.000022189518194596263	2.1780533233037092e-11	-43231.78423519858	9.835465131477682e6	0.
-0.0000270529742372475	2.1780533233037092e-11	-35925.41309162508	7.484871866588031e6	0.
-0.000022037535193263414	2.1780533233037092e-11	-43506.39317104602	9.927460576689584e6	0.
-0.000026900991235914648	2.1780533233037092e-11	-36117.19495118858	7.544056767811784e6	0.
-0.000021885552191930562	2.1780533233037092e-11	-43784.37232517091	1.0020841949149275e7	0.
-0.000026749008234581796	2.1780533233037092e-11	-36310.97792465981	7.604002246225725e6	0.
-0.00002173356919059771	2.1780533233037092e-11	-44065.78148744587	1.0115634101696834e7	0.
-0.000026597025233248945	2.1780533233037092e-11	-36506.79258358507	7.664724399693292e6	0.
-0.00002158158618926486	2.1780533233037092e-11	-44350.68180426709	1.0211868976452623e7	0.
-0.000026445042231916096	2.1780533233037092e-11	-36704.670105997226	7.726233594991378e6	0.
-0.000021429603187932007	2.1780533233037092e-11	-44639.13581515398	1.0309574808002574e7	0.
-0.000026293059230583244	2.1780533233037092e-11	-36904.64229101101	7.788547337640257e6	0.
-0.00002127762018659916	2.1780533233037092e-11	-44931.20749046142	1.0408778583606815e7	0.
-0.000026141076229250393	2.1780533233037092e-11	-37106.74157382374	7.851678472596875e6	0.
-0.000021125637185266307	2.1780533233037092e-11	-45226.9622702389	1.0509516023766734e7	0.
-0.00002598909322791754	2.1780533233037092e-11	-37311.00104113649	7.915640529638933e6	0.
-0.000020973654183933455	2.1780533233037092e-11	-45526.46710427341	1.0611816330513243e7	0.
-0.00002583711022658469	2.1780533233037092e-11	-37517.454447007374	7.980449996708465e6	0.
-0.000020821671182600603	2.1780533233037092e-11	-45829.79049335567	1.0715712863470789e7	0.
-0.00002568512722525184	2.1780533233037092e-11	-37726.136229150245	8.046121668713531e6	0.
-0.00002066968818126775	2.1780533233037092e-11	-46137.00253180775	1.08212386650757e7	0.
-0.00002553314422391899	2.1780533233037092e-11	-37937.08152569381	8.112671153030852e6	0.
-0.000020517705179934903	2.1780533233037092e-11	-46448.174951313544	1.092842912883469e7	0.
-0.000025381161222586137	2.1780533233037092e-11	-38150.326192414715	8.180114225851408e6	0.
-0.00002036572217860205	2.1780533233037092e-11	-46763.381166093306	1.103731671022901e7	0.
-0.0000202137391772692	2.1780533233037092e-11	-47082.69631946635	1.1147940706189342e7	0.
-0.000020061756175936347	2.1780533233037092e-11	-47406.19733184491	1.126033413726942e7	0.
-0.00001489433413061941	2.1780533233037092e-11	-61592.11933208042	1.6477791169137796e7	0.
-0.000019909773174603496	2.1780533233037092e-11	-47733.962950206864	1.1374539609492479e7	0.
-0.00001474235112928656	2.1780533233037092e-11	-62128.961778438716	1.6685252130842565e7	0.
-0.000019757790173270647	2.1780533233037092e-11	-48066.073799091864	1.149059184343073e7	0.
-0.000014590368127953708	2.1780533233037092e-11	-62674.50079207627	1.689674580539729e7	0.
-0.000019605807171937795	2.1780533233037092e-11	-48402.61243317233	1.160853307694254e7	0.
-0.000014438385126620856	2.1780533233037092e-11	-63228.93094328118	1.7112372563968994e7	0.
-0.000019453824170604944	2.1780533233037092e-11	-48743.66339144638	1.1728404159254678e7	0.
-0.000014286402125288006	2.1780533233037092e-11	-63792.452035605056	1.7332235373696808e7	0.
-0.000019301841169272092	2.1780533233037092e-11	-49089.313253105596	1.1850245998292439e7	0.
-0.000014134419123955154	2.1780533233037092e-11	-64365.26925712447	1.755644101487156e7	0.
-0.00001914985816793924	2.1780533233037092e-11	-49439.65069513003	1.1974102990651062e7	0.
-0.000013982436122622304	2.1780533233037092e-11	-64947.59333562606	1.7785094803613685e7	0.
-0.00001899787516660639	2.1780533233037092e-11	-49794.766551663735	1.2100018780783936e7	0.
-0.000013830453121289452	2.1780533233037092e-11	-65539.64069774558	1.801831328943997e7	0.
-0.00001884589216527354	2.1780533233037092e-11	-50154.75387522732	1.2228038359258762e7	0.
-0.0000136784701199566	2.1780533233037092e-11	-66141.63363207917	1.8256210186670654e7	0.
-0.000018693909163940688	2.1780533233037092e-11	-50519.7079998239	1.2358209348398281e7	0.
-0.00001352648711862375	2.1780533233037092e-11	-66753.80045628021	1.849890373052998e7	0.
-0.000018541926162607836	2.1780533233037092e-11	-50889.726605996686	1.249057954791172e7	0.
-0.000013374504117290898	2.1780533233037092e-11	-67376.37568813997	1.8746514569566127e7	0.
-0.000018389943161274984	2.1780533233037092e-11	-51264.9097878984	1.2625198164003288e7	0.
-0.000013222521115958048	2.1780533233037092e-11	-68009.60022064086	1.899916999468648e7	0.
-0.000018237960159942136	2.1780533233037092e-11	-51645.360122433456	1.2762114134647438e7	0.
-0.000013070538114625196	2.1780533233037092e-11	-68653.7215009556	1.9256998419070948e7	0.
-0.000018085977158609284	2.1780533233037092e-11	-52031.182740535856	1.2901382990378331e7	0.
-0.000012918555113292345	2.1780533233037092e-11	-69308.99371335238	1.952013151831631e7	0.
-0.000017933994157276432	2.1780533233037092e-11	-52422.4854006456	1.3043053537681673e7	0.
-0.000012766572111959494	2.1780533233037092e-11	-69975.67796594813	1.978870636829857e7	0.
-0.00001778201115594358	2.1780533233037092e-11	-52819.378564450955	1.318718226641824e7	0.
-0.000012614589110626643	2.1780533233037092e-11	-70654.04248123323	2.0062861493090384e7	0.
-0.00001763002815461073	2.1780533233037092e-11	-53221.97547496126	1.3333826799284566e7	0.
-0.000012462606109293792	2.1780533233037092e-11	-71344.36279027213	2.034274140322747e7	0.
-0.00001747804515327788	2.1780533233037092e-11	-53630.39223697894	1.348304400308078e7	0.
-0.00001231062310796094	2.1780533233037092e-11	-72046.92193045982	2.062849555376824e7	0.
-0.00001732606215194503	2.1780533233037092e-11	-54044.74790003996	1.3634893046219733e7	0.
-0.00001215864010662809	2.1780533233037092e-11	-72762.01064669059	2.09202719509638e7	0.
-0.000017174079150612177	2.1780533233037092e-11	-54465.164543892584	1.3789436017006848e7	0.
-0.000012006657105295239	2.1780533233037092e-11	-73489.9275957692	2.1218230049714252e7	0.
-0.000017022096149279325	2.1780533233037092e-11	-54891.767366585205	1.3946733069893787e7	0.
-0.000011854674103962387	2.1780533233037092e-11	-74230.97955386197	2.1522529834038075e7	0.
-0.000016870113147946473	2.1780533233037092e-11	-55324.684775236856	1.4106850799944216e7	0.
-0.000011702691102629537	2.1780533233037092e-11	-74985.48162675653	2.183333498278004e7	0.
-0.000016718130146613624	2.1780533233037092e-11	-55764.04847956105	1.4269854921044426e7	0.
-0.000011550708101296685	2.1780533233037092e-11	-75753.7574626617	2.2150816217487685e7	0.
-0.000016566147145280773	2.1780533233037092e-11	-56209.9935882186	1.4435813602056425e7	0.
-0.000011398725099963835	2.1780533233037092e-11	-76536.13946724012	2.247514444386205e7	0.
-0.00001641416414394792	2.1780533233037092e-11	-56662.65870807236	1.4604795199228078e7	0.
-0.000011246742098630983	2.1780533233037092e-11	-77332.96902052745	2.2806501258963656e7	0.
-0.00001626218114261507	2.1780533233037092e-11	-57122.18604641921	1.4776874181219378e7	0.
-0.000011094759097298131	2.1780533233037092e-11	-78144.59669534284	2.3145067008531522e7	0.
-0.000016110198141282217	2.1780533233037092e-11	-57588.72151627243	1.495212259428868e7	0.
-0.000010942776095965281	2.1780533233037092e-11	-78971.38247675136	2.34910312735351e7	0.
-0.00001595821513994937	2.1780533233037092e-11	-58062.4148447712	1.5130616311214551e7	0.
-0.00001079079309463243	2.1780533233037092e-11	-79813.69598208276	2.384458697960749e7	0.
-0.000015806232138616517	2.1780533233037092e-11	-58543.419684789435	1.5312432997376153e7	0.
-0.00001063881009329958	2.1780533233037092e-11	-80671.9166809569	2.420593135246082e7	0.
-0.000015654249137283665	2.1780533233037092e-11	-59031.89372981882	1.549765523217022e7	0.
-0.000010486827091966727	2.1780533233037092e-11	-81546.4341147052	2.4575266954791628e7	0.
-0.000015502266135950813	2.1780533233037092e-11	-59527.99883219787	1.5686362077517321e7	0.
-0.000010334844090633876	2.1780533233037092e-11	-82437.648114512	2.495280275388552e7	0.
-0.00001535028313461796	2.1780533233037092e-11	-60031.90112475985	1.5878641386304813e7	0.
-0.000010182861089301025	2.1780533233037092e-11	-83345.96901753121	2.533875061113807e7	0.
-0.000015198300133285111	2.1780533233037092e-11	-60543.77114596729	1.6074579013392266e7	0.
-0.000010030878087968174	2.1780533233037092e-11	-84271.81788016	2.5733330187091824e7	0.
-0.000015046317131952261	2.1780533233037092e-11	-61063.78396860292	1.6274266215062533e7	0.
-9.878895086635324e-6	2.1780533233037092e-11	-85215.62668757164	2.6136763805543825e7	0.
-9.726912085302472e-6	2.1780533233037092e-11	-86177.83855852866	2.654928159589638e7	0.
-4.559490039985534e-6	2.1780533233037092e-11	-133801.49627334173	4.7927679652125634e7	0.
-9.57492908396962e-6	2.1780533233037092e-11	-87158.90794440682	2.6971115751943342e7	0.
-4.407507038652682e-6	2.1780533233037092e-11	-135779.82993437274	4.883568014061487e7	0.
-9.42294608263677e-6	2.1780533233037092e-11	-88159.30082127091	2.740250798476925e7	0.
-4.255524037319831e-6	2.1780533233037092e-11	-137800.16835052162	4.9763159941007785e7	0.
-9.270963081303918e-6	2.1780533233037092e-11	-89179.49487374318	2.7843702237440523e7	0.
-4.10354103598698e-6	2.1780533233037092e-11	-139863.30219039007	5.071035169477892e7	0.
-9.118980079971068e-6	2.1780533233037092e-11	-90219.97966930598	2.8294949243582457e7	0.
-3.951558034654129e-6	2.1780533233037092e-11	-141970.01817790623	5.1677475668304175e7	0.
-8.966997078638216e-6	2.1780533233037092e-11	-91281.25682157242	2.8756503589205403e7	0.
-3.799575033321278e-6	2.1780533233037092e-11	-144121.09750213317	5.266473854179391e7	0.
-8.815014077305364e-6	2.1780533233037092e-11	-92363.84014095001	2.922862761214254e7	0.
-3.647592031988427e-6	2.1780533233037092e-11	-146317.31415790177	5.367232526816065e7	0.
-8.663031075972514e-6	2.1780533233037092e-11	-93468.25577100713	2.9711585902159125e7	0.
-3.495609030655576e-6	2.1780533233037092e-11	-148559.43322180302	5.470040526743412e7	0.
-8.511048074639662e-6	2.1780533233037092e-11	-94595.04230873738	3.0205649645802353e7	0.
-3.3436260293227246e-6	2.1780533233037092e-11	-150848.2090689576	5.574913058961409e7	0.
-8.359065073306812e-6	2.1780533233037092e-11	-95744.75090679516	3.0711096675010126e7	0.
-3.1916430279898736e-6	2.1780533233037092e-11	-153184.38353688415	5.6818627032774344e7	0.
-8.20708207197396e-6	2.1780533233037092e-11	-96917.94535565605	3.122820595026704e7	0.
-3.0396600266570226e-6	2.1780533233037092e-11	-155568.6840436988	5.790900491360728e7	0.
-8.055099070641109e-6	2.1780533233037092e-11	-98115.20214353342	3.1757264172929447e7	0.
-2.8876770253241713e-6	2.1780533233037092e-11	-158001.82166877814	5.902034760286611e7	0.
-7.903116069308259e-6	2.1780533233037092e-11	-99337.11049175946	3.2298562422473222e7	0.
-2.7356940239913203e-6	2.1780533233037092e-11	-160484.4892049043	6.0152713088348456e7	0.
-2.583711022658469e-6	2.1780533233037092e-11	-163017.3591917544	6.130613812199268e7	0.
-7.751133067975407e-6	2.1780533233037092e-11	-100584.27236321931	3.285239523467335e7	0.
-2.431728021325618e-6	2.1780533233037092e-11	-165601.08194139012	6.248063039671675e7	0.
-7.599150066642556e-6	2.1780533233037092e-11	-101857.30244130772	3.341906028545806e7	0.
-2.279745019992767e-6	2.1780533233037092e-11	-168236.28356712926	6.36761678724503e7	0.
-7.447167065309705e-6	2.1780533233037092e-11	-103156.8280767652	3.399886115294087e7	0.
-2.1277620186599156e-6	2.1780533233037092e-11	-170923.5640278167	6.4892705881826855e7	0.
-7.295184063976854e-6	2.1780533233037092e-11	-104483.48919964103	3.4592104935744114e7	0.
-1.9757790173270646e-6	2.1780533233037092e-11	-173663.4952000464	6.613016665530385e7	0.
-7.143201062644003e-6	2.1780533233037092e-11	-105837.93819353229	3.519909973909784e7	0.
-1.8237960159942135e-6	2.1780533233037092e-11	-176456.61899130253	6.738844475773457e7	0.
-6.991218061311152e-6	2.1780533233037092e-11	-107220.83972915824	3.582015977441091e7	0.
-1.6718130146613623e-6	2.1780533233037092e-11	-179303.44550726548	6.866740280080922e7	0.
-6.8392350599783e-6	2.1780533233037092e-11	-108632.87055425177	3.645559783354245e7	0.
-1.5198300133285113e-6	2.1780533233037092e-11	-182204.45128666324	6.996687415312476e7	0.
-6.687252058645449e-6	2.1780533233037092e-11	-110074.71923669033	3.710573303206143e7	0.
-1.3678470119956601e-6	2.1780533233037092e-11	-185160.07761701985	7.128666252778228e7	0.
-6.535269057312598e-6	2.1780533233037092e-11	-111547.08585774324	3.777088148449165e7	0.
-1.215864010662809e-6	2.1780533233037092e-11	-188170.7289444592	7.262653726688138e7	0.
-6.383286055979747e-6	2.1780533233037092e-11	-113050.68165229345	3.845136450763366e7	0.
-1.0638810093299578e-6	2.1780533233037092e-11	-191236.771390355	7.398624304006796e7	0.
-6.231303054646896e-6	2.1780533233037092e-11	-114586.22859289257	3.914749966052954e7	0.
-9.118980079971067e-7	2.1780533233037092e-11	-194358.53138707127	7.536548600937232e7	0.
-6.079320053314045e-6	2.1780533233037092e-11	-116154.45891454122	3.9859608197435044e7	0.
-7.599150066642557e-7	2.1780533233037092e-11	-197536.29444432337	7.676395039551578e7	0.
-5.9273370519811935e-6	2.1780533233037092e-11	-117756.11457714814	4.0588007750931405e7	0.
-6.079320053314045e-7	2.1780533233037092e-11	-200770.30405679496	7.818128389689375e7	0.
-5.7753540506483425e-6	2.1780533233037092e-11	-119391.9466627211	4.133301473072308e7	0.
-4.5594900399855336e-7	2.1780533233037092e-11	-204060.76076260305	7.961710777745332e7	0.
-5.6233710493154915e-6	2.1780533233037092e-11	-121062.7147044791	4.2094942710452884e7	0.
-3.0396600266570224e-7	2.1780533233037092e-11	-207407.8213609994	8.107101664562093e7	0.
-5.4713880479826406e-6	2.1780533233037092e-11	-122769.1859452558	4.287410391328446e7	0.
-1.5198300133285112e-7	2.1780533233037092e-11	-210811.5982963676	8.254257607497884e7	0.
-5.31940504664979e-6	2.1780533233037092e-11	-124512.13452278933	4.36708023588287e7	0.
0.	2.1780533233037092e-11	-214272.15921413052	8.403132930650581e7	0.
-5.167422045316938e-6	2.1780533233037092e-11	-126292.34057977075	4.448534188736787e7	0.
1.5198300133285112e-7	2.1780533233037092e-11	-217789.52669264402	8.553678983064565e7	0.
-5.015439043984087e-6	2.1780533233037092e-11	-128110.58929684835	4.531801525879551e7	0.
3.0396600266570224e-7	2.1780533233037092e-11	-221363.67815355214	8.705845003188428e7	0.
-4.863456042651236e-6	2.1780533233037092e-11	-129967.66984717117	4.616911114753386e7	0.
-4.711473041318385e-6	2.1780533233037092e-11	-131864.37427149087	4.703890933007143e7	0.
4.5594900399855336e-7	2.1780533233037092e-11	-224994.54595143223	8.859578122376847e7	0.
6.079320053314045e-7	2.1780533233037092e-11	-228682.0176419005	9.014823374092068e7	0.
5.4713880479826406e-6	2.1780533233037092e-11	-373974.6082112058	1.4416327021452844e8	0.
7.599150066642557e-7	2.1780533233037092e-11	-232425.93642570532	9.17152415144931e7	0.
5.6233710493154915e-6	2.1780533233037092e-11	-379246.06536670553	1.4588041315966812e8	0.
9.118980079971067e-7	2.1780533233037092e-11	-236226.10176472962	9.329621849862084e7	0.
5.7753540506483425e-6	2.1780533233037092e-11	-384553.2257212239	1.4759414779985487e8	0.
1.0638810093299578e-6	2.1780533233037092e-11	-240082.2701642897	9.48905680305997e7	0.
5.9273370519811935e-6	2.1780533233037092e-11	-389895.3220319273	1.4930415944152424e8	0.
1.215864010662809e-6	2.1780533233037092e-11	-243994.15611467036	9.64976772116427e7	0.
6.079320053314045e-6	2.1780533233037092e-11	-395271.59476559685	1.510101588986485e8	0.
1.3678470119956601e-6	2.1780533233037092e-11	-247961.43318350732	9.81169234026347e7	0.
6.231303054646896e-6	2.1780533233037092e-11	-400681.2928402246	1.527118679493449e8	0.
1.5198300133285113e-6	2.1780533233037092e-11	-251983.73524942715	9.974767822574998e7	0.
6.383286055979747e-6	2.1780533233037092e-11	-406123.67429590184	1.5440902736297974e8	0.
1.6718130146613623e-6	2.1780533233037092e-11	-256060.6578663058	1.0138930314388786e8	0.
6.535269057312598e-6	2.1780533233037092e-11	-411598.00689762796	1.5610138775561574e8	0.
1.8237960159942135e-6	2.1780533233037092e-11	-260191.75974661918	1.0304115266616814e8	0.
6.687252058645449e-6	2.1780533233037092e-11	-417103.5686728515	1.5778872413767827e8	0.
1.9757790173270646e-6	2.1780533233037092e-11	-264376.5643516395	1.0470258490882465e8	0.
6.8392350599783e-6	2.1780533233037092e-11	-422639.64838668925	1.5947081893190247e8	0.
2.1277620186599156e-6	2.1780533233037092e-11	-268614.5615756861	1.0637295131658413e8	0.
6.991218061311152e-6	2.1780533233037092e-11	-428205.5459578721	1.611474746128998e8	0.
2.279745019992767e-6	2.1780533233037092e-11	-272905.2095112751	1.0805160950321509e8	0.
7.143201062644003e-6	2.1780533233037092e-11	-433800.5728185226	1.6281850345863214e8	0.
2.431728021325618e-6	2.1780533233037092e-11	-277247.9362818124	1.0973791556577243e8	0.
7.295184063976854e-6	2.1780533233037092e-11	-439424.0522209077	1.644837326003e8	0.
2.583711022658469e-6	2.1780533233037092e-11	-281642.141928453	1.1143122563396573e8	0.
7.447167065309705e-6	2.1780533233037092e-11	-445075.3194943082	1.661430020584195e8	0.
2.7356940239913203e-6	2.1780533233037092e-11	-286087.20033787936	1.1313091485819997e8	0.
7.599150066642556e-6	2.1780533233037092e-11	-450753.72225512716	1.6779616434277198e8	0.
2.8876770253241713e-6	2.1780533233037092e-11	-290582.4611980295	1.148363541573521e8	0.
7.751133067975407e-6	2.1780533233037092e-11	-456458.62057331513	1.6944308256470856e8	0.
3.0396600266570226e-6	2.1780533233037092e-11	-295127.2519692266	1.1654692876768145e8	0.
7.903116069308259e-6	2.1780533233037092e-11	-462189.3870981317	1.7108363498073712e8	0.
3.1916430279898736e-6	2.1780533233037092e-11	-299720.87985868833	1.1826203363227959e8	0.
8.055099070641109e-6	2.1780533233037092e-11	-467945.407146182	1.7271770847714645e8	0.
3.3436260293227246e-6	2.1780533233037092e-11	-304362.63378703815	1.1998107528075147e8	0.
8.20708207197396e-6	2.1780533233037092e-11	-473726.07875458105	1.7434519777973434e8	0.
3.495609030655576e-6	2.1780533233037092e-11	-309051.78633616	1.2170346948743995e8	0.
8.359065073306812e-6	2.1780533233037092e-11	-479530.81270199665	1.7596601279811174e8	0.
3.647592031988427e-6	2.1780533233037092e-11	-313787.5956685351	1.234286515191771e8	0.
8.511048074639662e-6	2.1780533233037092e-11	-485359.03250021517	1.7758006440203774e8	0.
3.799575033321278e-6	2.1780533233037092e-11	-318569.3074090429	1.251560663826412e8	0.
8.663031075972514e-6	2.1780533233037092e-11	-491210.1743587613	1.7918728678128177e8	0.
3.951558034654129e-6	2.1780533233037092e-11	-323396.15648109233	1.2688517626691864e8	0.
8.815014077305364e-6	2.1780533233037092e-11	-497083.68712498056	1.8078760753340793e8	0.
4.10354103598698e-6	2.1780533233037092e-11	-328267.3688898526	1.2861546078795455e8	0.
8.966997078638216e-6	2.1780533233037092e-11	-502979.0322018794	1.8238097448875335e8	0.
4.255524037319831e-6	2.1780533233037092e-11	-333182.1634462605	1.3034641405600038e8	0.
9.118980079971068e-6	2.1780533233037092e-11	-508895.6834458893	1.8396733119115627e8	0.
4.407507038652682e-6	2.1780533233037092e-11	-338139.753426388	1.3207754751673242e8	0.
9.270963081303918e-6	2.1780533233037092e-11	-514833.1270466029	1.855466417728406e8	0.
4.559490039985534e-6	2.1780533233037092e-11	-343139.3481616334	1.3380839174766648e8	0.
9.42294608263677e-6	2.1780533233037092e-11	-520790.861390407	1.8711886805074653e8	0.
4.711473041318385e-6	2.1780533233037092e-11	-348180.154556059	1.3553849461148015e8	0.
9.57492908396962e-6	2.1780533233037092e-11	-526768.3969098193	1.8868398233963865e8	0.
4.863456042651236e-6	2.1780533233037092e-11	-353261.37852801563	1.3726741860828698e8	0.
9.726912085302472e-6	2.1780533233037092e-11	-532765.2559202176	1.9024196076568824e8	0.
5.015439043984087e-6	2.1780533233037092e-11	-358382.2263739692	1.3899474812729073e8	0.
9.878895086635324e-6	2.1780533233037092e-11	-538780.972445537	1.9179278321655962e8	0.
5.167422045316938e-6	2.1780533233037092e-11	-363541.90605316794	1.407200843588013e8	0.
0.000010030878087968174	2.1780533233037092e-11	-544815.0920344017	1.9333644390926227e8	0.
5.31940504664979e-6	2.1780533233037092e-11	-368739.62839246297	1.4244304507469887e8	0.
0.000010182861089301025	2.1780533233037092e-11	-550867.1715680494	1.9487293065365803e8	0.
0.000010334844090633876	2.1780533233037092e-11	-556936.7790613065	1.9640224775176123e8	0.
0.000010486827091966727	2.1780533233037092e-11	-563023.493457776	1.9792439208533242e8	0.
0.00001063881009329958	2.1780533233037092e-11	-569126.9044203042	1.994393742048157e8	0.
0.000015502266135950813	2.1780533233037092e-11	-771276.6952523895	2.4432001825111517e8	0.
0.00001079079309463243	2.1780533233037092e-11	-575246.6121177063	2.0094720500814348e8	0.
0.000015654249137283665	2.1780533233037092e-11	-777758.5185462869	2.4561830237423825e8	0.
0.000010942776095965281	2.1780533233037092e-11	-581382.2270086514	2.0244789943866402e8	0.
0.000015806232138616517	2.1780533233037092e-11	-784247.9728975339	2.469108399727352e8	0.
0.000011094759097298131	2.1780533233037092e-11	-587533.3696235191	2.0394147667853257e8	0.
0.00001595821513994937	2.1780533233037092e-11	-790744.896453792	2.4819768296177942e8	0.
0.000011246742098630983	2.1780533233037092e-11	-593699.6703449802	2.054279583165817e8	0.
0.000016110198141282217	2.1780533233037092e-11	-797249.1315215697	2.4947888577342346e8	0.
0.000011398725099963835	2.1780533233037092e-11	-599880.7691879694	2.0690736927315235e8	0.
0.00001626218114261507	2.1780533233037092e-11	-803760.5244479928	2.507544948016462e8	0.
0.000011550708101296685	2.1780533233037092e-11	-606076.3155796672	2.083797299300737e8	0.
0.00001641416414394792	2.1780533233037092e-11	-810278.9255059223	2.5202456153077373e8	0.
0.000011702691102629537	2.1780533233037092e-11	-612285.9681400385	2.0984507941413873e8	0.
0.000016566147145280773	2.1780533233037092e-11	-816804.1887823452	2.532891446306117e8	0.
0.000011854674103962387	2.1780533233037092e-11	-618509.3944634203	2.1130344338252112e8	0.
0.000016718130146613624	2.1780533233037092e-11	-823336.1720699639	2.5454828468851405e8	0.
0.000012006657105295239	2.1780533233037092e-11	-624746.270901604	2.1275486011184514e8	0.
0.000016870113147946473	2.1780533233037092e-11	-829874.7367619158	2.5580203775534663e8	0.
0.00001215864010662809	2.1780533233037092e-11	-630996.2823488017	2.141993646717663e8	0.
0.000017022096149279325	2.1780533233037092e-11	-836419.7477495407	2.570504560194219e8	0.
0.00001231062310796094	2.1780533233037092e-11	-637259.1220288473	2.1563699678190953e8	0.
0.000017174079150612177	2.1780533233037092e-11	-842971.0733231246	2.582935892144624e8	0.
0.000012462606109293792	2.1780533233037092e-11	-643534.491284936	2.1706779105604154e8	0.
0.00001732606215194503	2.1780533233037092e-11	-849528.5850755483	2.5953148036513108e8	0.
0.000012614589110626643	2.1780533233037092e-11	-649822.0993721735	2.1849179820023903e8	0.
0.00001747804515327788	2.1780533233037092e-11	-856092.1578087638	2.6076418536665773e8	0.
0.000012766572111959494	2.1780533233037092e-11	-656121.6632531649	2.1990905198790014e8	0.
0.00001763002815461073	2.1780533233037092e-11	-862661.6694430223	2.6199175071496755e8	0.
0.000012918555113292345	2.1780533233037092e-11	-662432.9073968454	2.2131960073575443e8	0.
0.00001778201115594358	2.1780533233037092e-11	-869237.0009287886	2.6321422715635896e8	0.
0.000013070538114625196	2.1780533233037092e-11	-668755.563580725	2.2272348982531527e8	0.
0.000017933994157276432	2.1780533233037092e-11	-875818.0361612596	2.6443165820825747e8	0.
0.000013222521115958048	2.1780533233037092e-11	-675089.3706966868	2.2412076790774703e8	0.
0.000018085977158609284	2.1780533233037092e-11	-882404.6618974262	2.6564409369220275e8	0.
0.000013374504117290898	2.1780533233037092e-11	-681434.0745604621	2.2551147775294596e8	0.
0.000018237960159942136	2.1780533233037092e-11	-888996.7676756001	2.6685157846124163e8	0.
0.00001352648711862375	2.1780533233037092e-11	-687789.4277248789	2.2689567345958722e8	0.
0.000018389943161274984	2.1780533233037092e-11	-895594.2457373415	2.6805416650687206e8	0.
0.0000136784701199566	2.1780533233037092e-11	-694155.1892969541	2.2827339562451643e8	0.
0.000018541926162607836	2.1780533233037092e-11	-902196.9909517161	2.6925189471898955e8	0.
0.000013830453121289452	2.1780533233037092e-11	-700531.124758897	2.296447023022266e8	0.
0.000018693909163940688	2.1780533233037092e-11	-908804.9007418198	2.704448160218845e8	0.
0.000013982436122622304	2.1780533233037092e-11	-706917.0057930539	2.3100963664872757e8	0.
0.00001884589216527354	2.1780533233037092e-11	-915417.8750134996	2.7163297361214733e8	0.
0.000014134419123955154	2.1780533233037092e-11	-713312.6101108288	2.3236826012320977e8	0.
0.00001899787516660639	2.1780533233037092e-11	-922035.8160862124	2.72816412486793e8	0.
0.000014286402125288006	2.1780533233037092e-11	-719717.7212855857	2.33720608593757e8	0.
0.00001914985816793924	2.1780533233037092e-11	-928658.628625955	2.739951752697398e8	0.
0.000014438385126620856	2.1780533233037092e-11	-726132.1285895382	2.3506674423141855e8	0.
0.000019301841169272092	2.1780533233037092e-11	-935286.219580207	2.751693121837174e8	0.
0.000014590368127953708	2.1780533233037092e-11	-732555.6268346097	2.3640671588774288e8	0.
0.000019453824170604944	2.1780533233037092e-11	-941918.4981148241	2.7633885870766526e8	0.
0.00001474235112928656	2.1780533233037092e-11	-738988.0162172485	2.3774057561571896e8	0.
0.000019605807171937795	2.1780533233037092e-11	-948555.3755528266	2.775038663998547e8	0.
0.00001489433413061941	2.1780533233037092e-11	-745429.1021671667	2.3906837540652195e8	0.
0.000019757790173270647	2.1780533233037092e-11	-955196.7653150224	2.786643696094331e8	0.
0.000015046317131952261	2.1780533233037092e-11	-751878.6951999654	2.403901650941111e8	0.
0.000019909773174603496	2.1780533233037092e-11	-961842.5828624138	2.7982041925948274e8	0.
0.000015198300133285111	2.1780533233037092e-11	-758336.6107736062	2.4170600426237297e8	0.
0.000020061756175936347	2.1780533233037092e-11	-968492.7456403283	2.8097204854714656e8	0.
0.00001535028313461796	2.1780533233037092e-11	-764802.669148675	2.4301593539919314e8	0.
0.0000202137391772692	2.1780533233037092e-11	-975147.1730242262	2.821193075520962e8	0.
0.00002036572217860205	2.1780533233037092e-11	-981805.7862671294	2.832622284427936e8	0.
0.000020517705179934903	2.1780533233037092e-11	-988468.5084486261	2.8440086059591085e8	0.
0.00002066968818126775	2.1780533233037092e-11	-995135.2644253966	2.855352375213976e8	0.
0.00002553314422391899	2.1780533233037092e-11	-1.210229052100127e6	3.198066228925553e8	0.
0.000020821671182600603	2.1780533233037092e-11	-1.001805980783221e6	2.8666540091273e8	0.
0.00002568512722525184	2.1780533233037092e-11	-1.21699603519986e6	3.208203229576204e8	0.
0.000020973654183933455	2.1780533233037092e-11	-1.0084805857904151e6	2.8779138771786547e8	0.
0.00002583711022658469	2.1780533233037092e-11	-1.2237652818139934e6	3.218308807925027e8	0.
0.000021125637185266307	2.1780533233037092e-11	-1.0151590093526569e6	2.889132391363954e8	0.
0.00002598909322791754	2.1780533233037092e-11	-1.230536756804399e6	3.22838329835206e8	0.
0.00002127762018659916	2.1780533233037092e-11	-1.0218411829691561e6	2.9003099937364745e8	0.
0.000026141076229250393	2.1780533233037092e-11	-1.2373104257333626e6	3.23842690664487e8	0.
0.000021429603187932007	2.1780533233037092e-11	-1.0285270396901247e6	2.911446915836712e8	0.
0.000026293059230583244	2.1780533233037092e-11	-1.2440862548468264e6	3.2484399287868416e8	0.
0.00002158158618926486	2.1780533233037092e-11	-1.0352165140755144e6	2.9225436778042036e8	0.
0.000026445042231916096	2.1780533233037092e-11	-1.250864211058089e6	3.258422577609735e8	0.
0.00002173356919059771	2.1780533233037092e-11	-1.0419095421549695e6	2.933600566813437e8	0.
0.000026597025233248945	2.1780533233037092e-11	-1.257644261931953e6	3.268375102789156e8	0.
0.000021885552191930562	2.1780533233037092e-11	-1.048606061388971e6	2.944617993204367e8	0.
0.000026749008234581796	2.1780533233037092e-11	-1.2644263756693043e6	3.278297816841594e8	0.
0.000022037535193263414	2.1780533233037092e-11	-1.0553060106311224e6	2.9555962246070325e8	0.
0.000026900991235914648	2.1780533233037092e-11	-1.2712105210921094e6	3.2881908790695155e8	0.
0.000022189518194596263	2.1780533233037092e-11	-1.0620093300915512e6	2.9665357299575186e8	0.
0.0000270529742372475	2.1780533233037092e-11	-1.2779966676288224e6	3.298054617315375e8	0.
0.000022341501195929114	2.1780533233037092e-11	-1.068715961301384e6	2.9774368385966504e8	0.
0.000027204957238580352	2.1780533233037092e-11	-1.2847847853001833e6	3.30788920666437e8	0.
0.000022493484197261966	2.1780533233037092e-11	-1.0754258470782652e6	2.9882998796857977e8	0.
0.0000273569402399132	2.1780533233037092e-11	-1.291574844705401e6	3.3176948816015196e8	0.
0.000022645467198594818	2.1780533233037092e-11	-1.0821389314928863e6	2.999125172532303e8	0.
0.000027508923241246052	2.1780533233037092e-11	-1.2983668170087077e6	3.3274719429013586e8	0.
0.00002279745019992767	2.1780533233037092e-11	-1.0888551598364934e6	3.0099130327388376e8	0.
0.000027660906242578904	2.1780533233037092e-11	-1.3051606739262699e6	3.337220513569989e8	0.
0.000022949433201260518	2.1780533233037092e-11	-1.0955744785893434e6	3.020663910440563e8	0.
0.000027812889243911756	2.1780533233037092e-11	-1.311956387713454e6	3.3469409254271376e8	0.
0.00002310141620259337	2.1780533233037092e-11	-1.102296835390075e6	3.0313780263817054e8	0.
0.000027964872245244608	2.1780533233037092e-11	-1.3187539311524262e6	3.356633344880538e8	0.
0.000023253399203926222	2.1780533233037092e-11	-1.1090221790059747e6	3.042055795540306e8	0.
0.000028116855246577456	2.1780533233037092e-11	-1.3255532775400854e6	3.366298068542706e8	0.
0.000023405382205259074	2.1780533233037092e-11	-1.1157504593040973e6	3.0526974535846597e8	0.
0.000028268838247910308	2.1780533233037092e-11	-1.3323544006763103e6	3.3759351852275616e8	0.
0.000023557365206591925	2.1780533233037092e-11	-1.122481627223229e6	3.063303433781398e8	0.
0.00002842082124924316	2.1780533233037092e-11	-1.3391572748525224e6	3.385545062983525e8	0.
0.000023709348207924774	2.1780533233037092e-11	-1.1292156347466507e6	3.073873870606985e8	0.
0.00002857280425057601	2.1780533233037092e-11	-1.345961874840543e6	3.3951277836224455e8	0.
0.000023861331209257626	2.1780533233037092e-11	-1.1359524348756927e6	3.084409272364174e8	0.
0.000028724787251908863	2.1780533233037092e-11	-1.3527681758817476e6	3.404683637644076e8	0.
0.000024013314210590477	2.1780533233037092e-11	-1.1426919816040406e6	3.0949098465202475e8	0.
0.00002887677025324171	2.1780533233037092e-11	-1.3595761536765008e6	3.414212814234329e8	0.
0.00002416529721192333	2.1780533233037092e-11	-1.1494342298927822e6	3.105375894835861e8	0.
0.000029028753254574563	2.1780533233037092e-11	-1.3663857843738666e6	3.423715521165427e8	0.
0.00002431728021325618	2.1780533233037092e-11	-1.1561791356461642e6	3.1158077771246356e8	0.
0.000029180736255907415	2.1780533233037092e-11	-1.3731970445615854e6	3.4331919449345267e8	0.
0.00002446926321458903	2.1780533233037092e-11	-1.1629266556880386e6	3.1262057146401453e8	0.
0.000029332719257240267	2.1780533233037092e-11	-1.3800099112563117e6	3.442642343301947e8	0.
0.00002462124621592188	2.1780533233037092e-11	-1.1696767477389795e6	3.136570099977758e8	0.
0.00002948470225857312	2.1780533233037092e-11	-1.3868243618941004e6	3.4520668624998784e8	0.
0.000024773229217254733	2.1780533233037092e-11	-1.1764293703940457e6	3.1469010972711974e8	0.
0.000029636685259905967	2.1780533233037092e-11	-1.3936403743211417e6	3.461465717117558e8	0.
0.000024925212218587585	2.1780533233037092e-11	-1.183184483101174e6	3.157199080494574e8	0.
0.00002978866826123882	2.1780533233037092e-11	-1.4004579267847307e6	3.470839124400286e8	0.
0.000025077195219920433	2.1780533233037092e-11	-1.1899420461401783e6	3.1674643123096514e8	0.
0.00002994065126257167	2.1780533233037092e-11	-1.407276997924467e6	3.480187286497156e8	0.
0.000025229178221253285	2.1780533233037092e-11	-1.1967020206023408e6	3.177697092636283e8	0.
0.000030092634263904523	2.1780533233037092e-11	-1.4140975667636802e6	3.489510314904161e8	0.
0.000025381161222586137	2.1780533233037092e-11	-1.2034643683705716e6	3.187897610023567e8	0.
0.000030244617265237375	2.1780533233037092e-11	-1.4209196127010724e6	3.498808398529207e8	0.
0.000030396600266570223	2.1780533233037092e-11	-1.4277431155025712e6	3.508081825981572e8	0.
