# Filename	C:\Users\edmag\Documents\Work\2D-Comp-Model\computation\Turning Timeresults\2018-02-05T05-27-46.txt
# Source	C:\Users\edmag\Documents\Work\2D-Comp-Model\computation\Turning Time\turning.nb
# Note	1D calculation of turning time vs. field and orbit energy.
# Date	2018-02-05T05:27:46
# Dir	-1
# field	7.584292822218273e-12
# zi	-6.
W	field	zt	t	argt
-0.000030396600266570223	7.584292822218273e-12	-32632.712991103475	6.527899094113023e6	0.
-0.000025229178221253285	7.584292822218273e-12	-39175.289502195265	8.575051944753168e6	0.
-0.000030244617265237375	7.584292822218273e-12	-32794.049467041674	6.576173427338383e6	0.
-0.000025077195219920433	7.584292822218273e-12	-39407.2037509914	8.650866062530756e6	0.
-0.000030092634263904523	7.584292822218273e-12	-32956.97606870486	6.625041911238569e6	0.
-0.000024925212218587585	7.584292822218273e-12	-39641.84764194076	8.727790902176416e6	0.
-0.00002994065126257167	7.584292822218273e-12	-33121.51622432194	6.674513560597027e6	0.
-0.000024773229217254733	7.584292822218273e-12	-39879.269067891924	8.805853959392047e6	0.
-0.00002978866826123882	7.584292822218273e-12	-33287.69382068375	6.724597369359487e6	0.
-0.00002462124621592188	7.584292822218273e-12	-40119.517034608034	8.885062955473723e6	0.
-0.000029636685259905967	7.584292822218273e-12	-33455.533214320756	6.775305661373588e6	-2.7371832057270527e-7
-0.00002446926321458903	7.584292822218273e-12	-40362.641692856494	8.96545637780068e6	0.
-0.00002948470225857312	7.584292822218273e-12	-33625.05924300069	6.826650368046643e6	0.
-0.00002431728021325618	7.584292822218273e-12	-40608.69437159904	9.04705486934816e6	0.
-0.000029332719257240267	7.584292822218273e-12	-33796.29723756763	6.87864109148323e6	0.
-0.00002416529721192333	7.584292822218273e-12	-40857.72761232693	9.129882947988573e6	0.
-0.000029180736255907415	7.584292822218273e-12	-33969.27303412431	6.931287822677889e6	0.
-0.000024013314210590477	7.584292822218273e-12	-41109.79520458676	9.213966310265396e6	0.
-0.000029028753254574563	7.584292822218273e-12	-34144.012986577385	6.984604750550429e6	0.
-0.000023861331209257626	7.584292822218273e-12	-41364.95222274448	9.29933315458452e6	0.
-0.00002887677025324171	7.584292822218273e-12	-34320.54397955246	7.03860108713269e6	-2.394178859774647e-7
-0.000023709348207924774	7.584292822218273e-12	-41623.255064036195	9.38600685220773e6	0.
-0.000028724787251908863	7.584292822218273e-12	-34498.893441694985	7.093291646785056e6	-2.6960359178285467e-7
-0.000023557365206591925	7.584292822218273e-12	-41884.76148796114	9.474017563658264e6	0.
-0.00002857280425057601	7.584292822218273e-12	-34679.08935936901	7.148688262420347e6	0.
-0.000023405382205259074	7.584292822218273e-12	-42149.53065706758	9.563394542426517e6	0.
-0.00002842082124924316	7.584292822218273e-12	-34861.16029076831	7.204803047602191e6	0.
-0.000023253399203926222	7.584292822218273e-12	-42417.62317919016	9.654166590135902e6	0.
-0.000028268838247910308	7.584292822218273e-12	-35045.1353804516	7.261647166427726e6	-2.3696494776798632e-7
-0.00002310141620259337	7.584292822218273e-12	-42689.10115119936	9.746364093969338e6	0.
-0.000028116855246577456	7.584292822218273e-12	-35231.04437432163	7.319238108798789e6	0.
-0.000022949433201260518	7.584292822218273e-12	-42964.02820432355	9.840016612237189e6	0.
-0.000027964872245244608	7.584292822218273e-12	-35418.91763505996	7.377586178047737e6	0.
-0.00002279745019992767	7.584292822218273e-12	-43242.46955111133	9.93515908344364e6	0.
-0.000027812889243911756	7.584292822218273e-12	-35608.78615803363	7.436704845107399e6	-4.952230444301717e-7
-0.000022645467198594818	7.584292822218273e-12	-43524.492034097806	1.0031821730733328e7	0.
-0.000027660906242578904	7.584292822218273e-12	-35800.68158769242	7.496610461861273e6	0.
-0.000022493484197261966	7.584292822218273e-12	-43810.16417625338	1.0130038898538882e7	0.
-0.000027508923241246052	7.584292822218273e-12	-35994.63623447425	7.557317205751044e6	0.
-0.000022341501195929114	7.584292822218273e-12	-44099.55623328359	1.0229846019282032e7	0.
-0.0000273569402399132	7.584292822218273e-12	-36190.68309223251	7.618839171037265e6	0.
-0.000022189518194596263	7.584292822218273e-12	-44392.74024786143	1.0331278473173985e7	0.
-0.000027204957238580352	7.584292822218273e-12	-36388.85585621186	7.681195089702336e6	0.
-0.000022037535193263414	7.584292822218273e-12	-44689.79010587428	1.0434372743025124e7	0.
-0.0000270529742372475	7.584292822218273e-12	-36589.18894158417	7.7443915006548725e6	0.
-0.000021885552191930562	7.584292822218273e-12	-44990.78159477128	1.0539167180139694e7	0.
-0.000026900991235914648	7.584292822218273e-12	-36791.71750257255	7.808453973253524e6	0.
-0.00002173356919059771	7.584292822218273e-12	-45295.79246410045	1.0645699444823423e7	0.
-0.000026749008234581796	7.584292822218273e-12	-36996.47745217701	7.873394852266246e6	0.
-0.00002158158618926486	7.584292822218273e-12	-45604.90248833318	1.0754011462443259e7	0.
-0.000026597025233248945	7.584292822218273e-12	-37203.50548253187	7.939231700034329e6	0.
-0.000021429603187932007	7.584292822218273e-12	-45918.19353207011	1.08641425696263e7	0.
-0.000026445042231916096	7.584292822218273e-12	-37412.83908591197	8.005980620594784e6	0.
-0.00002127762018659916	7.584292822218273e-12	-46235.749617739464	1.097613459950585e7	-2.9692366480723287e-7
-0.000026293059230583244	7.584292822218273e-12	-37624.51657641556	8.07366078218671e6	0.
-0.000021125637185266307	7.584292822218273e-12	-46557.65699588986	1.1090035522835387e7	0.
-0.000026141076229250393	7.584292822218273e-12	-37838.57711234619	8.14228919290853e6	0.
-0.000020973654183933455	7.584292822218273e-12	-46884.00421819867	1.1205885098613225e7	0.
-0.00002598909322791754	7.584292822218273e-12	-38055.060719323126	8.21188558221994e6	0.
-0.000020821671182600603	7.584292822218273e-12	-47214.88221331077	1.1323732596490962e7	0.
-0.00002583711022658469	7.584292822218273e-12	-38274.008314143255	8.282467381181315e6	0.
-0.00002066968818126775	7.584292822218273e-12	-47550.38436563721	1.1443624168606713e7	0.
-0.00002568512722525184	7.584292822218273e-12	-38495.461729428054	8.354054385344785e6	0.
-0.000020517705179934903	7.584292822218273e-12	-47890.60659724624	1.1565612440081455e7	0.
-0.00002553314422391899	7.584292822218273e-12	-38719.4637390812	8.426667763034236e6	0.
-0.00002036572217860205	7.584292822218273e-12	-48235.64745298367	1.168973838075124e7	-4.5616078209194353e-7
-0.000025381161222586137	7.584292822218273e-12	-38946.058084588425	8.500326248671526e6	0.
-0.0000202137391772692	7.584292822218273e-12	-48585.608188971695	1.1816065247516641e7	-1.6083610063132814e-7
-0.000020061756175936347	7.584292822218273e-12	-48940.59286463707	1.1944643953777414e7	0.
-0.00001489433413061941	7.584292822218273e-12	-64988.95759682873	1.81852341885806e7	0.
-0.000019909773174603496	7.584292822218273e-12	-49300.70843843372	1.2075525821179638e7	-2.68415850309284e-7
-0.00001474235112928656	7.584292822218273e-12	-65616.76396701457	1.844519514049604e7	0.
-0.000019757790173270647	7.584292822218273e-12	-49666.064867423425	1.2208772248345438e7	-3.4136722249199287e-7
-0.000014590368127953708	7.584292822218273e-12	-66256.42347881015	1.871120525185766e7	0.
-0.000019605807171937795	7.584292822218273e-12	-50036.77521090124	1.2344443006402316e7	0.
-0.000014438385126620856	7.584292822218273e-12	-66908.26353212817	1.8983455502916485e7	0.
-0.000019453824170604944	7.584292822218273e-12	-50412.955738246266	1.2482594388841415e7	0.
-0.000014286402125288006	7.584292822218273e-12	-67572.62324731828	1.926214195308332e7	-5.016393528993345e-7
-0.000019301841169272092	7.584292822218273e-12	-50794.72604119851	1.2623289975940106e7	-8.651411612305631e-7
-0.000014134419123955154	7.584292822218273e-12	-68249.85397219907	1.954748284314003e7	0.
-0.00001914985816793924	7.584292822218273e-12	-51182.209150768824	1.2766606285647692e7	0.
-0.000013982436122622304	7.584292822218273e-12	-68940.31981431399	1.9839682065533116e7	0.
-0.00001899787516660639	7.584292822218273e-12	-51575.53165900124	1.2912585411629062e7	0.
-0.000013830453121289452	7.584292822218273e-12	-69644.39819978946	2.0138969339721438e7	0.
-0.00001884589216527354	7.584292822218273e-12	-51974.8238458168	1.306131856503545e7	0.
-0.0000136784701199566	7.584292822218273e-12	-70362.4804602587	2.0445578314314287e7	0.
-0.000018693909163940688	7.584292822218273e-12	-52380.21981118004	1.3212868542424211e7	0.
-0.00001352648711862375	7.584292822218273e-12	-71094.97244939422	2.07597509369719e7	0.
-0.000018541926162607836	7.584292822218273e-12	-52791.85761284706	1.336731849066983e7	0.
-0.000013374504117290898	7.584292822218273e-12	-71842.29519068301	2.1081742247041803e7	0.
-0.000018389943161274984	7.584292822218273e-12	-53209.87940995845	1.3524719275852853e7	-3.3124244167915875e-7
-0.000013222521115958048	7.584292822218273e-12	-72604.88555816801	2.141181421082177e7	0.
-0.000018237960159942136	7.584292822218273e-12	-53634.431612765075	1.3685177961995378e7	0.
-0.000013070538114625196	7.584292822218273e-12	-73383.19699198217	2.1750242030239914e7	0.
-0.000018085977158609284	7.584292822218273e-12	-54065.665038781975	1.3848763865274249e7	0.
-0.000012918555113292345	7.584292822218273e-12	-74177.70025059917	2.2097310189324584e7	0.
-0.000017933994157276432	7.584292822218273e-12	-54503.73507568397	1.4015558812294962e7	0.
-0.000012766572111959494	7.584292822218273e-12	-74988.88420183708	2.2453320507217795e7	0.
-0.00001778201115594358	7.584292822218273e-12	-54948.80185127845	1.4185652180252615e7	-1.5914257415852497e-7
-0.000012614589110626643	7.584292822218273e-12	-75817.25665476183	2.281858068713983e7	0.
-0.00001763002815461073	7.584292822218273e-12	-55401.030410898275	1.4359136077824654e7	-2.7196746406783805e-7
-0.000012462606109293792	7.584292822218273e-12	-76663.34523475883	2.3193417935245104e7	0.
-0.00001747804515327788	7.584292822218273e-12	-55860.59090259066	1.453610405581972e7	0.
-0.00001231062310796094	7.584292822218273e-12	-77527.69830416249	2.357816570993269e7	0.
-0.00001732606215194503	7.584292822218273e-12	-56327.6587704838	1.4716647426927142e7	0.
-0.00001215864010662809	7.584292822218273e-12	-78410.8859309663	2.3973182283086296e7	0.
-0.000017174079150612177	7.584292822218273e-12	-56802.41495674488	1.4900872668236857e7	0.
-0.000012006657105295239	7.584292822218273e-12	-79313.50090826799	2.4378835529295485e7	0.
-0.000017022096149279325	7.584292822218273e-12	-57285.04611256147	1.5088867105848659e7	-1.8727904521575202e-7
-0.000011854674103962387	7.584292822218273e-12	-80236.15982724751	2.4795507433754593e7	0.
-0.000016870113147946473	7.584292822218273e-12	-57775.74481860244	1.5280758593035797e7	0.
-0.000011702691102629537	7.584292822218273e-12	-81179.50420662072	2.5223603484936107e7	0.
-0.000016718130146613624	7.584292822218273e-12	-58274.70981544153	1.5476641194293752e7	-1.8574140703432806e-7
-0.000011550708101296685	7.584292822218273e-12	-82144.20168165912	2.566353511300066e7	0.
-0.000016566147145280773	7.584292822218273e-12	-58782.146244448726	1.5676641446236305e7	0.
-0.000011398725099963835	7.584292822218273e-12	-83130.94725602627	2.611575028365963e7	0.
-0.00001641416414394792	7.584292822218273e-12	-59298.26589969357	1.5880867178657157e7	-1.9963788357967314e-7
-0.000011246742098630983	7.584292822218273e-12	-84140.46461983277	2.658069984858078e7	0.
-0.00001626218114261507	7.584292822218273e-12	-59823.28749141916	1.6089451266137108e7	0.
-0.000011094759097298131	7.584292822218273e-12	-85173.50753748174	2.70588671747608e7	0.
-0.000016110198141282217	7.584292822218273e-12	-60357.43692169607	1.630251086869477e7	-3.127637849666432e-7
-0.000010942776095965281	7.584292822218273e-12	-86230.86130903197	2.7550749174673434e7	0.
-0.00001595821513994937	7.584292822218273e-12	-60900.947572879755	1.6520185678001327e7	-1.7572558551936407e-7
-0.00001079079309463243	7.584292822218273e-12	-87313.3443089781	2.8056870508312155e7	0.
-0.000015806232138616517	7.584292822218273e-12	-61454.0606095492	1.6742609904698448e7	-5.198898858206869e-7
-0.00001063881009329958	7.584292822218273e-12	-88421.80960650595	2.8577779662502773e7	0.
-0.000015654249137283665	7.584292822218273e-12	-62017.02529462891	1.6969929497914422e7	0.
-0.000010486827091966727	7.584292822218273e-12	-89557.1466714463	2.9114050442635894e7	0.
-0.000015502266135950813	7.584292822218273e-12	-62590.09932044349	1.720228982358795e7	0.
-0.000010334844090633876	7.584292822218273e-12	-90720.283170307	2.9666277075399872e7	0.
-0.00001535028313461796	7.584292822218273e-12	-63173.54915549488	1.7439826214391142e7	-1.85845827295276e-7
-0.000010182861089301025	7.584292822218273e-12	-91912.18685691516	3.0235095961049393e7	0.
-0.000015198300133285111	7.584292822218273e-12	-63767.6504077982	1.7682728425700665e7	0.
-0.000010030878087968174	7.584292822218273e-12	-93133.86756233808	3.0821149937215913e7	0.
-0.000015046317131952261	7.584292822218273e-12	-64372.68820565956	1.7931136040338825e7	0.
-9.878895086635324e-6	7.584292822218273e-12	-94386.37928888547	3.1425139716254868e7	0.
-9.726912085302472e-6	7.584292822218273e-12	-95670.82241309488	3.2047780242445882e7	0.
-4.559490039985534e-6	7.584292822218273e-12	-170797.93812134385	7.26731821430149e7	0.
-9.57492908396962e-6	7.584292822218273e-12	-96988.34600269714	3.2689831079339977e7	0.
-4.407507038652682e-6	7.584292822218273e-12	-174492.403180901	7.481653512260254e7	0.
-9.42294608263677e-6	7.584292822218273e-12	-98340.15025260625	3.335207311175831e7	0.
-4.255524037319831e-6	7.584292822218273e-12	-178318.48292881527	7.704477291233705e7	0.
-9.270963081303918e-6	7.584292822218273e-12	-99727.48904500478	3.403534396190181e7	0.
-4.10354103598698e-6	7.584292822218273e-12	-182281.57804634006	7.936122068959498e7	0.
-9.118980079971068e-6	7.584292822218273e-12	-101151.67263856261	3.474050695785284e7	0.
-3.951558034654129e-6	7.584292822218273e-12	-186387.25920472248	8.176925688826251e7	0.
-8.966997078638216e-6	7.584292822218273e-12	-102614.0704917545	3.5468472020638295e7	0.
-3.799575033321278e-6	7.584292822218273e-12	-190641.26106957978	8.427229303544441e7	0.
-8.815014077305364e-6	7.584292822218273e-12	-104116.11422509042	3.622019829943784e7	0.
-3.647592031988427e-6	7.584292822218273e-12	-195049.4742720341	8.68737579519142e7	0.
-8.663031075972514e-6	7.584292822218273e-12	-105659.30072684945	3.699667859080069e7	0.
-3.495609030655576e-6	7.584292822218273e-12	-199617.93513371373	8.957707338899367e7	0.
-8.511048074639662e-6	7.584292822218273e-12	-107245.19540659346	3.779896868913759e7	0.
-3.3436260293227246e-6	7.584292822218273e-12	-204352.8129363853	9.238564903010502e7	0.
-8.359065073306812e-6	7.584292822218273e-12	-108875.43560030036	3.862816265624351e7	0.
-3.1916430279898736e-6	7.584292822218273e-12	-209260.3945370324	9.530283961075875e7	0.
-8.20708207197396e-6	7.584292822218273e-12	-110551.73413040752	3.9485411404308535e7	0.
-3.0396600266570226e-6	7.584292822218273e-12	-214347.0661468527	9.833192783867414e7	0.
-8.055099070641109e-6	7.584292822218273e-12	-112275.88302333638	4.037193013750324e7	0.
-2.8876770253241713e-6	7.584292822218273e-12	-219619.29211905602	1.0147609807537927e8	0.
-7.903116069308259e-6	7.584292822218273e-12	-114049.75738618494	4.128897783284185e7	0.
-2.7356940239913203e-6	7.584292822218273e-12	-225083.590626579	1.0473839483570394e8	0.
-7.751133067975407e-6	7.584292822218273e-12	-115875.31944318257	4.223788698524205e7	0.
-2.583711022658469e-6	7.584292822218273e-12	-230746.5061577354	1.0812169658476597e8	0.
-7.599150066642556e-6	7.584292822218273e-12	-117754.62273116471	4.322004881562125e7	0.
-2.431728021325618e-6	7.584292822218273e-12	-236614.57881592365	1.1162867880409129e8	0.
-7.447167065309705e-6	7.584292822218273e-12	-119689.81645172714	4.423692102067517e7	0.
-2.279745019992767e-6	7.584292822218273e-12	-242694.31047891788	1.1526176765037905e8	0.
-7.295184063976854e-6	7.584292822218273e-12	-121683.14997579987	4.52900310523024e7	0.
-2.1277620186599156e-6	7.584292822218273e-12	-248992.1279534928	1.1902312293439002e8	0.
-7.143201062644003e-6	7.584292822218273e-12	-123736.97749411214	4.6380981599675216e7	0.
-1.9757790173270646e-6	7.584292822218273e-12	-255514.34335101955	1.2291456348929945e8	0.
-6.991218061311152e-6	7.584292822218273e-12	-125853.76280434622	4.751144785122404e7	0.
-1.8237960159942135e-6	7.584292822218273e-12	-262267.11200728116	1.2693756962361968e8	0.
-6.8392350599783e-6	7.584292822218273e-12	-128036.08422265339	4.868318351578841e7	0.
-1.6718130146613623e-6	7.584292822218273e-12	-269256.3883722853	1.3109320061282691e8	0.
-6.687252058645449e-6	7.584292822218273e-12	-130286.63960357285	4.989802650694371e7	0.
-1.5198300133285113e-6	7.584292822218273e-12	-276487.88039969146	1.3538209936539048e8	0.
-6.535269057312598e-6	7.584292822218273e-12	-132608.25144819618	5.115789516839557e7	0.
-1.3678470119956601e-6	7.584292822218273e-12	-283967.0030661616	1.398044310908002e8	0.
-6.383286055979747e-6	7.584292822218273e-12	-135003.87207560134	5.2464794334954016e7	0.
-1.215864010662809e-6	7.584292822218273e-12	-291698.83174346865	1.443598652916291e8	0.
-6.231303054646896e-6	7.584292822218273e-12	-137476.58882707372	5.382082443597237e7	0.
-1.0638810093299578e-6	7.584292822218273e-12	-299688.0562250778	1.4904755309561422e8	0.
-6.079320053314045e-6	7.584292822218273e-12	-140029.629266384	5.52281680612998e7	0.
-9.118980079971067e-7	7.584292822218273e-12	-307938.9362686388	1.5386609155094343e8	0.
-5.9273370519811935e-6	7.584292822218273e-12	-142666.36633234678	5.6689106585255794e7	0.
-7.599150066642557e-7	7.584292822218273e-12	-316455.25955119496	1.5881353197633508e8	0.
-5.7753540506483425e-6	7.584292822218273e-12	-145390.32339198492	5.820601635601297e7	0.
-6.079320053314045e-7	7.584292822218273e-12	-325240.3029404572	1.6388736472877246e8	0.
-5.6233710493154915e-6	7.584292822218273e-12	-148205.17913384194	5.978137519236836e7	0.
-4.5594900399855336e-7	7.584292822218273e-12	-334296.7979599804	1.690845229852027e8	0.
-5.4713880479826406e-6	7.584292822218273e-12	-151114.77223128284	6.141774263182368e7	0.
-3.0396600266570224e-7	7.584292822218273e-12	-343626.901266825	1.7440139383352596e8	0.
-5.31940504664979e-6	7.584292822218273e-12	-154123.10569501296	6.311778961151207e7	0.
-1.5198300133285112e-7	7.584292822218273e-12	-353232.17086752586	1.798338301111806e8	0.
-5.167422045316938e-6	7.584292822218273e-12	-157234.35082252862	6.488427916553475e7	0.
0.	7.584292822218273e-12	-363113.5486741981	1.853772003917212e8	0.
-5.015439043984087e-6	7.584292822218273e-12	-160452.8506398772	6.672006903542055e7	0.
1.5198300133285112e-7	7.584292822218273e-12	-373271.3498517042	1.9102639296708378e8	0.
-4.863456042651236e-6	7.584292822218273e-12	-163783.12271803405	6.862810951082794e7	0.
3.0396600266570224e-7	7.584292822218273e-12	-383705.2592351816	1.967758845526287e8	0.
-4.711473041318385e-6	7.584292822218273e-12	-167229.8612325726	7.061144080805466e7	0.
5.4713880479826406e-6	7.584292822218273e-12	-872525.2156617036	4.093490208455778e8	0.
4.5594900399855336e-7	7.584292822218273e-12	-394414.3349125155	2.0261977469932103e8	0.
5.6233710493154915e-6	7.584292822218273e-12	-889654.8015484409	4.1521729579007006e8	0.
6.079320053314045e-7	7.584292822218273e-12	-405397.01887717063	2.08551839456659e8	0.
5.7753540506483425e-6	7.584292822218273e-12	-906879.1247907622	4.21040400870414e8	0.
7.599150066642557e-7	7.584292822218273e-12	-416651.15447208675	2.1456559893096495e8	0.
5.9273370519811935e-6	7.584292822218273e-12	-924194.3467153024	4.2681816659729964e8	0.
9.118980079971067e-7	7.584292822218273e-12	-428174.0101737089	2.2065436274793872e8	0.
6.079320053314045e-6	7.584292822218273e-12	-941596.788633518	4.325505041816676e8	0.
1.0638810093299578e-6	7.584292822218273e-12	-439962.3091143262	2.2681130210283482e8	0.
6.231303054646896e-6	7.584292822218273e-12	-959082.9271783862	4.3823742351839566e8	0.
1.215864010662809e-6	7.584292822218273e-12	-452012.26361689554	2.3302950545935807e8	0.
6.383286055979747e-6	7.584292822218273e-12	-976649.389411092	4.4387898604137754e8	0.
1.3678470119956601e-6	7.584292822218273e-12	-464319.61392376677	2.3930203843332508e8	0.
6.535269057312598e-6	7.584292822218273e-12	-994292.9477678654	4.4947537596729785e8	0.
1.5198300133285113e-6	7.584292822218273e-12	-476879.670241475	2.4562200070964625e8	0.
6.687252058645449e-6	7.584292822218273e-12	-1.0120105149074203e6	4.5502677226942706e8	0.
1.6718130146613623e-6	7.584292822218273e-12	-489687.35719824716	2.5198257858810243e8	0.
6.8392350599783e-6	7.584292822218273e-12	-1.0297991385106792e6	4.6053347057174176e8	0.
1.8237960159942135e-6	7.584292822218273e-12	-502737.2598174213	2.5837709012213713e8	0.
6.991218061311152e-6	7.584292822218273e-12	-1.0476559960765503e6	4.659957792441403e8	0.
1.9757790173270646e-6	7.584292822218273e-12	-516023.67014533817	2.6479904451150793e8	0.
7.143201062644003e-6	7.584292822218273e-12	-1.0655783897504949e6	4.714140643645167e8	0.
2.1277620186599156e-6	7.584292822218273e-12	-529540.6337319897	2.712421505661071e8	0.
7.295184063976854e-6	7.584292822218273e-12	-1.0835637412163608e6	4.767887106320679e8	0.
2.279745019992767e-6	7.584292822218273e-12	-543281.9952415932	2.77700375739025e8	0.
7.447167065309705e-6	7.584292822218273e-12	-1.1016095866764663e6	4.821201466040406e8	0.
2.431728021325618e-6	7.584292822218273e-12	-557241.4425627773	2.841679631184575e8	0.
7.599150066642556e-6	7.584292822218273e-12	-1.1197135719400824e6	4.874088467420766e8	0.
2.583711022658469e-6	7.584292822218273e-12	-571412.5488887673	2.90639435425097e8	0.
7.751133067975407e-6	7.584292822218273e-12	-1.1378734476362783e6	4.9265525679955184e8	0.
2.7356940239913203e-6	7.584292822218273e-12	-585788.8123417894	2.9710966024878114e8	0.
7.903116069308259e-6	7.584292822218273e-12	-1.156087064563459e6	4.9785991295198333e8	0.
2.8876770253241713e-6	7.584292822218273e-12	-600363.6928184447	3.035737967417194e8	0.
8.055099070641109e-6	7.584292822218273e-12	-1.1743523691847888e6	5.0302331997390896e8	0.
3.0396600266570226e-6	7.584292822218273e-12	-615130.6458304198	3.100273375313213e8	0.
8.20708207197396e-6	7.584292822218273e-12	-1.1926673992760384e6	5.0814599381937325e8	0.
3.1916430279898736e-6	7.584292822218273e-12	-630083.1532047779	3.1646610839309645e8	0.
8.359065073306812e-6	7.584292822218273e-12	-1.21103027973011e6	5.1322849703928244e8	0.
3.3436260293227246e-6	7.584292822218273e-12	-645214.750588309	3.228862562733513e8	0.
8.511048074639662e-6	7.584292822218273e-12	-1.2294392185205813e6	5.182713530976947e8	0.
3.495609030655576e-6	7.584292822218273e-12	-660519.0517698159	3.292842538876481e8	0.
8.663031075972514e-6	7.584292822218273e-12	-1.2478925028250157e6	5.2327512583648854e8	0.
3.647592031988427e-6	7.584292822218273e-12	-675989.7698923144	3.3565688301306385e8	0.
8.815014077305364e-6	7.584292822218273e-12	-1.2663884953074346e6	5.282403629739911e8	0.
3.799575033321278e-6	7.584292822218273e-12	-691620.7356740385	3.420012313539017e8	0.
8.966997078638216e-6	7.584292822218273e-12	-1.2849256305582772e6	5.3316765049741465e8	0.
3.951558034654129e-6	7.584292822218273e-12	-707405.9127933596	3.483146649147748e8	0.
9.118980079971068e-6	7.584292822218273e-12	-1.3035024116892638e6	5.380575297164228e8	0.
4.10354103598698e-6	7.584292822218273e-12	-723339.4106191555	3.5459483477829874e8	0.
9.270963081303918e-6	7.584292822218273e-12	-1.322117407079884e6	5.429105613813359e8	0.
4.255524037319831e-6	7.584292822218273e-12	-739415.4944858091	3.6083965159180695e8	0.
9.42294608263677e-6	7.584292822218273e-12	-1.340769247271664e6	5.477273101831808e8	0.
4.407507038652682e-6	7.584292822218273e-12	-755628.5937220731	3.67047271972577e8	0.
9.57492908396962e-6	7.584292822218273e-12	-1.3594566220059332e6	5.525083458246439e8	0.
4.559490039985534e-6	7.584292822218273e-12	-771973.3076466944	3.732160817170557e8	0.
9.726912085302472e-6	7.584292822218273e-12	-1.3781782774005095e6	5.572541978348207e8	0.
4.711473041318385e-6	7.584292822218273e-12	-788444.4097421016	3.7934469542586094e8	0.
9.878895086635324e-6	7.584292822218273e-12	-1.3969330132604784e6	5.619654191798381e8	0.
4.863456042651236e-6	7.584292822218273e-12	-805036.8502117412	3.8543189575537306e8	0.
0.000010030878087968174	7.584292822218273e-12	-1.4157196805181094e6	5.666425684454618e8	0.
5.015439043984087e-6	7.584292822218273e-12	-821745.7571177628	3.9147669971943045e8	0.
0.000010182861089301025	7.584292822218273e-12	-1.4345371787968648e6	5.7128616760016e8	0.
5.167422045316938e-6	7.584292822218273e-12	-838566.4362845925	3.974782446967821e8	0.
0.000010334844090633876	7.584292822218273e-12	-1.4533844540944349e6	5.758967530516918e8	0.
5.31940504664979e-6	7.584292822218273e-12	-855494.3701412553	4.034358669232917e8	0.
0.000010486827091966727	7.584292822218273e-12	-1.4722604965797525e6	5.804748440589877e8	0.
0.000015502266135950813	7.584292822218273e-12	-2.1065863557066354e6	7.162972986893845e8	0.
0.00001063881009329958	7.584292822218273e-12	-1.4911643384989905e6	5.850209641766658e8	0.
0.000015654249137283665	7.584292822218273e-12	-2.126052460664999e6	7.200270094906323e8	0.
0.00001079079309463243	7.584292822218273e-12	-1.5100950521856411e6	5.895356322138968e8	0.
0.000015806232138616517	7.584292822218273e-12	-2.145528674964098e6	7.237377355470616e8	0.
0.000010942776095965281	7.584292822218273e-12	-1.5290517481698734e6	5.940193366899742e8	0.
0.00001595821513994937	7.584292822218273e-12	-2.1650147409116067e6	7.274297403569498e8	0.
0.000011094759097298131	7.584292822218273e-12	-1.5480335733825013e6	5.984725718059402e8	0.
0.000016110198141282217	7.584292822218273e-12	-2.184510409244601e6	7.311032823231088e8	0.
0.000011246742098630983	7.584292822218273e-12	-1.5670397094490307e6	6.02895829925454e8	0.
0.00001626218114261507	7.584292822218273e-12	-2.204015438798503e6	7.347586134823017e8	0.
0.000011398725099963835	7.584292822218273e-12	-1.5860693710694027e6	6.072896021161762e8	0.
0.00001641416414394792	7.584292822218273e-12	-2.2235295961909555e6	7.383959819524119e8	0.
0.000011550708101296685	7.584292822218273e-12	-1.605121804479214e6	6.116543313486345e8	0.
0.000016566147145280773	7.584292822218273e-12	-2.2430526555198887e6	7.42015621857446e8	0.
0.000011702691102629537	7.584292822218273e-12	-1.6241962859883537e6	6.159904940972567e8	0.
0.000016718130146613624	7.584292822218273e-12	-2.2625843980750605e6	7.456177886437715e8	0.
0.000011854674103962387	7.584292822218273e-12	-1.6432921205931588e6	6.202985482713273e8	0.
0.000016870113147946473	7.584292822218273e-12	-2.2821246120623993e6	7.492027064480046e8	0.
0.000012006657105295239	7.584292822218273e-12	-1.6624086406583576e6	6.245789307905716e8	0.
0.000017022096149279325	7.584292822218273e-12	-2.301673092340537e6	7.527706046323361e8	0.
0.00001215864010662809	7.584292822218273e-12	-1.6815452046652345e6	6.28832090486667e8	0.
0.000017174079150612177	7.584292822218273e-12	-2.3212296401688987e6	7.563217067304512e8	0.
0.00001231062310796094	7.584292822218273e-12	-1.7007011960226088e6	6.330584448574508e8	0.
0.00001732606215194503	7.584292822218273e-12	-2.340794062966816e6	7.598562327089735e8	0.
0.000012462606109293792	7.584292822218273e-12	-1.7198760219373838e6	6.372584230029284e8	0.
0.00001747804515327788	7.584292822218273e-12	-2.360366174083101e6	7.633743903925602e8	0.
0.000012614589110626643	7.584292822218273e-12	-1.739069112341565e6	6.41432428159106e8	0.
0.00001763002815461073	7.584292822218273e-12	-2.3799457925755866e6	7.668764135767552e8	0.
0.000012766572111959494	7.584292822218273e-12	-1.7582799188728186e6	6.455808696135637e8	0.
0.00001778201115594358	7.584292822218273e-12	-2.3995327430001455e6	7.703624872789677e8	0.
0.000012918555113292345	7.584292822218273e-12	-1.7775079139057589e6	6.497041389953665e8	0.
0.000017933994157276432	7.584292822218273e-12	-2.4191268552087294e6	7.738328139880915e8	0.
0.000013070538114625196	7.584292822218273e-12	-1.7967525896313204e6	6.538026397597729e8	0.
0.000018085977158609284	7.584292822218273e-12	-2.438727964156006e6	7.772876158425704e8	0.
0.000013222521115958048	7.584292822218273e-12	-1.8160134571816844e6	6.578767290577952e8	0.
0.000018237960159942136	7.584292822218273e-12	-2.4583359097141675e6	7.807270657817934e8	0.
0.000013374504117290898	7.584292822218273e-12	-1.835290045798378e6	6.619268078817444e8	0.
0.000018389943161274984	7.584292822218273e-12	-2.477950536495539e6	7.841513726028223e8	0.
0.00001352648711862375	7.584292822218273e-12	-1.8545819020412676e6	6.659532240509511e8	0.
0.000018541926162607836	7.584292822218273e-12	-2.497571693682606e6	7.875606951726933e8	0.
0.0000136784701199566	7.584292822218273e-12	-1.8738885890363103e6	6.699563362158939e8	0.
0.000018693909163940688	7.584292822218273e-12	-2.517199234865117e6	7.909552393315431e8	0.
0.000013830453121289452	7.584292822218273e-12	-1.8932096857600196e6	6.73936508577442e8	0.
0.00001884589216527354	7.584292822218273e-12	-2.536833017883932e6	7.943351924564673e8	0.
0.000013982436122622304	7.584292822218273e-12	-1.9125447863587225e6	6.778940673474487e8	0.
0.00001899787516660639	7.584292822218273e-12	-2.556472904681295e6	7.977007237700076e8	0.
0.000014134419123955154	7.584292822218273e-12	-1.9318934995007857e6	6.818293676487862e8	0.
0.00001914985816793924	7.584292822218273e-12	-2.576118761157241e6	8.01052016407592e8	0.
0.000014286402125288006	7.584292822218273e-12	-1.9512554477600832e6	6.857427215581673e8	0.
0.000019301841169272092	7.584292822218273e-12	-2.595770457031849e6	8.043892244040871e8	0.
0.000014438385126620856	7.584292822218273e-12	-1.9706302670290712e6	6.89634461810874e8	0.
0.000019453824170604944	7.584292822218273e-12	-2.6154278657130753e6	8.077125164599552e8	0.
0.000014590368127953708	7.584292822218273e-12	-1.9900176059599319e6	6.935049131450764e8	0.
0.000019605807171937795	7.584292822218273e-12	-2.635090864169908e6	8.110220603070672e8	0.
0.00001474235112928656	7.584292822218273e-12	-2.0094171254323148e6	6.973543735427961e8	0.
0.000019757790173270647	7.584292822218273e-12	-2.6547593328106096e6	8.14318057318652e8	0.
0.00001489433413061941	7.584292822218273e-12	-2.0288284980463071e6	7.011831514085472e8	0.
0.000019909773174603496	7.584292822218273e-12	-2.6744331553657977e6	8.176006022021735e8	0.
0.000015046317131952261	7.584292822218273e-12	-2.048251407639316e6	7.049915355820357e8	0.
0.000020061756175936347	7.584292822218273e-12	-2.6941122187761795e6	8.208698887170238e8	0.
0.000015198300133285111	7.584292822218273e-12	-2.0676855488256332e6	7.087798431331744e8	0.
0.0000202137391772692	7.584292822218273e-12	-2.7137964130846923e6	8.241260622648032e8	0.
0.00001535028313461796	7.584292822218273e-12	-2.087130626557508e6	7.125483346029842e8	0.
0.00002036572217860205	7.584292822218273e-12	-2.733485631332883e6	8.27369282124095e8	0.
0.000020517705179934903	7.584292822218273e-12	-2.753179769461324e6	8.305996694160613e8	0.
0.00002553314422391899	7.584292822218273e-12	-3.4053015330810444e6	9.308463795210624e8	0.
0.00002066968818126775	7.584292822218273e-12	-2.772878726213893e6	8.338173958180398e8	0.
0.00002568512722525184	7.584292822218273e-12	-3.425116710055569e6	9.337132893684818e8	0.
0.000020821671182600603	7.584292822218273e-12	-2.7925824030457446e6	8.370225877619823e8	0.
0.00002583711022658469	7.584292822218273e-12	-3.4449344356244626e6	9.365712722001061e8	0.
0.000020973654183933455	7.584292822218273e-12	-2.8122907040348114e6	8.402154078872033e8	0.
0.00002598909322791754	7.584292822218273e-12	-3.4647546670138207e6	9.394203806477596e8	0.
0.000021125637185266307	7.584292822218273e-12	-2.832003535796681e6	8.43395970987589e8	0.
0.000026141076229250393	7.584292822218273e-12	-3.4845773623910225e6	9.42260718891764e8	0.
0.00002127762018659916	7.584292822218273e-12	-2.851720807402709e6	8.465644294819686e8	0.
0.000026293059230583244	7.584292822218273e-12	-3.50440248083927e6	9.450923487975045e8	0.
0.000021429603187932007	7.584292822218273e-12	-2.871442430301218e6	8.497208887037506e8	0.
0.000026445042231916096	7.584292822218273e-12	-3.524229982332945e6	9.479153488919127e8	0.
0.00002158158618926486	7.584292822218273e-12	-2.891168318241659e6	8.528655067211182e8	0.
0.000026597025233248945	7.584292822218273e-12	-3.544059827713743e6	9.507298143242034e8	0.
0.00002173356919059771	7.584292822218273e-12	-2.910898387201605e6	8.55998403020711e8	0.
0.000026749008234581796	7.584292822218273e-12	-3.563891978667567e6	9.535358104019237e8	0.
0.000021885552191930562	7.584292822218273e-12	-2.930632555316454e6	8.5911969551511e8	0.
0.000026900991235914648	7.584292822218273e-12	-3.5837263977021407e6	9.563334042712867e8	0.
0.000022037535193263414	7.584292822218273e-12	-2.9503707428117353e6	8.622295178732284e8	0.
0.0000270529742372475	7.584292822218273e-12	-3.6035630481253304e6	9.591226639047705e8	0.
0.000022189518194596263	7.584292822218273e-12	-2.9701128719379003e6	8.653279972187058e8	0.
0.000027204957238580352	7.584292822218273e-12	-3.6234018940241365e6	9.619036883946754e8	0.
0.000022341501195929114	7.584292822218273e-12	-2.989858866907501e6	8.684152470219429e8	0.
0.0000273569402399132	7.584292822218273e-12	-3.6432429002443356e6	9.646765427140546e8	0.
0.000022493484197261966	7.584292822218273e-12	-3.00960865383465e6	8.714913917671417e8	0.
0.000027508923241246052	7.584292822218273e-12	-3.663086032370756e6	9.67441285727858e8	0.
0.000022645467198594818	7.584292822218273e-12	-3.029362160676672e6	8.745565275137693e8	0.
0.000027660906242578904	7.584292822218273e-12	-3.682931256708152e6	9.701979814451959e8	0.
0.00002279745019992767	7.584292822218273e-12	-3.0491193171778643e6	8.776107950104494e8	0.
0.000027812889243911756	7.584292822218273e-12	-3.702778540262672e6	9.72946734351182e8	0.
0.000022949433201260518	7.584292822218273e-12	-3.068880054815254e6	8.806542800653273e8	0.
0.000027964872245244608	7.584292822218273e-12	-3.7226278507238766e6	9.756875709153179e8	0.
0.00002310141620259337	7.584292822218273e-12	-3.0886443067463087e6	8.836871196673706e8	0.
0.000028116855246577456	7.584292822218273e-12	-3.7424791564473165e6	9.784205886624826e8	0.
0.000023253399203926222	7.584292822218273e-12	-3.1084120077584777e6	8.867093954169301e8	0.
0.000028268838247910308	7.584292822218273e-12	-3.7623324264376247e6	9.811458287219015e8	0.
0.000023405382205259074	7.584292822218273e-12	-3.128183094220534e6	8.897212414558394e8	0.
0.00002842082124924316	7.584292822218273e-12	-3.7821876303321198e6	9.838633749983922e8	0.
0.000023557365206591925	7.584292822218273e-12	-3.147957504035606e6	8.92722742309172e8	0.
0.00002857280425057601	7.584292822218273e-12	-3.802044738384899e6	9.86573292034686e8	0.
0.000023709348207924774	7.584292822218273e-12	-3.1677351765958588e6	8.957140081441051e8	0.
0.000028724787251908863	7.584292822218273e-12	-3.8219037214514036e6	9.892756308410884e8	0.
0.000023861331209257626	7.584292822218273e-12	-3.1875160527387457e6	8.986951412374828e8	0.
0.00002887677025324171	7.584292822218273e-12	-3.841764550973439e6	9.919704603763819e8	0.
0.000024013314210590477	7.584292822218273e-12	-3.2073000747047663e6	9.016662409743384e8	0.
0.000029028753254574563	7.584292822218273e-12	-3.861627198964643e6	9.946578422842863e8	0.
0.00002416529721192333	7.584292822218273e-12	-3.2270871860966845e6	9.046273934364604e8	0.
0.000029180736255907415	7.584292822218273e-12	-3.8814916379963676e6	9.973378307362894e8	0.
0.00002431728021325618	7.584292822218273e-12	-3.2468773318401356e6	9.075787353652765e8	0.
0.000029332719257240267	7.584292822218273e-12	-3.9013578411839893e6	1.000010499228913e9	0.
0.00002446926321458903	7.584292822218273e-12	-3.266670458145571e6	9.105203149467931e8	0.
0.00002948470225857312	7.584292822218273e-12	-3.921225782173601e6	1.002675907149023e9	0.
0.00002462124621592188	7.584292822218273e-12	-3.286466512471501e6	9.134522613749824e8	0.
0.000029636685259905967	7.584292822218273e-12	-3.941095435129099e6	1.0053341000426111e9	0.
0.000024773229217254733	7.584292822218273e-12	-3.306265443488963e6	9.16374632232878e8	0.
0.00002978866826123882	7.584292822218273e-12	-3.9609667747196406e6	1.0079851423373263e9	0.
0.000024925212218587585	7.584292822218273e-12	-3.3260672010471905e6	9.192875589836645e8	0.
0.00002994065126257167	7.584292822218273e-12	-3.980839776107457e6	1.0106290842150416e9	0.
0.000025077195219920433	7.584292822218273e-12	-3.3458717361404193e6	9.221911058244237e8	0.
0.000030092634263904523	7.584292822218273e-12	-4.0007144149360186e6	1.013265995271553e9	0.
0.000025229178221253285	7.584292822218273e-12	-3.3656790008758013e6	9.250853604594368e8	0.
0.000030244617265237375	7.584292822218273e-12	-4.0205906673185336e6	1.0158959186794814e9	0.
0.000025381161222586137	7.584292822218273e-12	-3.385488948442373e6	9.279704231335269e8	0.
0.000030396600266570223	7.584292822218273e-12	-4.0404685098267733e6	1.0185189269140579e9	0.
