# Filename	C:\Users\edmag\Documents\Work\2D-Comp-Model\computation\Turning Timeresults\2018-02-05T05-32-43.txt
# Source	C:\Users\edmag\Documents\Work\2D-Comp-Model\computation\Turning Time\turning.nb
# Note	1D calculation of turning time vs. field and orbit energy.
# Date	2018-02-05T05:32:43
# Dir	-1
# field	2.4892037980613818e-11
# zi	-6.
W	field	zt	t	argt
-0.000030396600266570223	2.4892037980613818e-11	-32056.870323884967	6.314891859588233e6	-3.6646489975852774e-7
-0.000025229178221253285	2.4892037980613818e-11	-38197.12262863762	8.181400283337515e6	0.
-0.000030244617265237375	2.4892037980613818e-11	-32209.867630189576	6.35958337976572e6	-2.5242993847767087e-7
-0.000025077195219920433	2.4892037980613818e-11	-38412.26045681019	8.249387989490055e6	0.
-0.000030092634263904523	2.4892037980613818e-11	-32364.29506755701	6.404791704773158e6	0.
-0.000024925212218587585	2.4892037980613818e-11	-38629.74816803628	8.318287962724581e6	0.
-0.00002994065126257167	2.4892037980613818e-11	-32520.172252251326	6.450523884519572e6	0.
-0.000024773229217254733	2.4892037980613818e-11	-38849.62302166125	8.388116629172021e6	0.
-0.00002978866826123882	2.4892037980613818e-11	-32677.519150852368	6.496787659212162e6	0.
-0.00002462124621592188	2.4892037980613818e-11	-39071.92303654079	8.45889282162424e6	0.
-0.000029636685259905967	2.4892037980613818e-11	-32836.35608787095	6.543592990080618e6	0.
-0.00002446926321458903	2.4892037980613818e-11	-39296.68700958477	8.530629468646418e6	0.
-0.00002948470225857312	2.4892037980613818e-11	-32996.70375355486	6.590949117089107e6	0.
-0.00002431728021325618	2.4892037980613818e-11	-39523.95453481755	8.603348690943703e6	0.
-0.000029332719257240267	2.4892037980613818e-11	-33158.583211893696	6.638861676970227e6	0.
-0.00002416529721192333	2.4892037980613818e-11	-39753.76602296746	8.67706673206782e6	0.
-0.000029180736255907415	2.4892037980613818e-11	-33322.01590882741	6.687341577106543e6	-6.881150767503572e-7
-0.000024013314210590477	2.4892037980613818e-11	-39986.16272160424	8.751802444382323e6	0.
-0.000029028753254574563	2.4892037980613818e-11	-33487.023680663544	6.736400606816163e6	0.
-0.000023861331209257626	2.4892037980613818e-11	-40221.186735839125	8.827574561157802e6	0.
-0.00002887677025324171	2.4892037980613818e-11	-33653.62876271072	6.786041816233877e6	-2.7979807925353313e-7
-0.000023709348207924774	2.4892037980613818e-11	-40458.88104960543	8.904402447367223e6	0.
-0.000028724787251908863	2.4892037980613818e-11	-33821.85379813286	6.836282095165199e6	0.
-0.000023557365206591925	2.4892037980613818e-11	-40699.289547536966	8.982306687697928e6	0.
-0.00002857280425057601	2.4892037980613818e-11	-33991.72184703228	6.887125902776217e6	0.
-0.000023405382205259074	2.4892037980613818e-11	-40942.45703746196	9.061306428236563e6	0.
-0.00002842082124924316	2.4892037980613818e-11	-34163.25639576652	6.938585826845531e6	0.
-0.000023253399203926222	2.4892037980613818e-11	-41188.42927353218	9.141423414379356e6	0.
-0.000028268838247910308	2.4892037980613818e-11	-34336.48136650655	6.990672096832751e6	0.
-0.00002310141620259337	2.4892037980613818e-11	-41437.25298000498	9.222678307980804e6	0.
-0.000028116855246577456	2.4892037980613818e-11	-34511.42112704363	7.043391567295452e6	0.
-0.000022949433201260518	2.4892037980613818e-11	-41688.975875699325	9.305092950487604e6	0.
-0.000027964872245244608	2.4892037980613818e-11	-34688.100500851586	7.096759144665164e6	0.
-0.00002279745019992767	2.4892037980613818e-11	-41943.64669914534	9.388689725038242e6	0.
-0.000027812889243911756	2.4892037980613818e-11	-34866.54477741127	7.150783173328775e6	0.
-0.000022645467198594818	2.4892037980613818e-11	-42201.31523444868	9.47349139340207e6	0.
-0.000027660906242578904	2.4892037980613818e-11	-35046.7797228065	7.205475774838572e6	0.
-0.000022493484197261966	2.4892037980613818e-11	-42462.03233789112	9.559520314158808e6	0.
-0.000027508923241246052	2.4892037980613818e-11	-35228.83159059771	7.260848258882602e6	0.
-0.000022341501195929114	2.4892037980613818e-11	-42725.8499652899	9.646801750511033e6	0.
-0.0000273569402399132	2.4892037980613818e-11	-35412.72713298234	7.316910993130528e6	0.
-0.000022189518194596263	2.4892037980613818e-11	-42992.82120013807	9.73535909924066e6	0.
-0.000027204957238580352	2.4892037980613818e-11	-35598.49361225058	7.373677201816154e6	0.
-0.000022037535193263414	2.4892037980613818e-11	-43263.000282550216	9.825218572193034e6	0.
-0.0000270529742372475	2.4892037980613818e-11	-35786.158812543945	7.431157253997635e6	0.
-0.000021885552191930562	2.4892037980613818e-11	-43536.44263903673	9.916404969830988e6	0.
-0.000026900991235914648	2.4892037980613818e-11	-35975.75105192727	7.489365058256583e6	0.
-0.00002173356919059771	2.4892037980613818e-11	-43813.20491313251	1.0008944192577206e7	0.
-0.000026749008234581796	2.4892037980613818e-11	-36167.29919478157	7.548311604775651e6	0.
-0.00002158158618926486	2.4892037980613818e-11	-44093.344996905056	1.0102863522810146e7	0.
-0.000026597025233248945	2.4892037980613818e-11	-36360.832664529	7.608010882221937e6	0.
-0.000021429603187932007	2.4892037980613818e-11	-44376.92206336848	1.0198191768862844e7	0.
-0.000026445042231916096	2.4892037980613818e-11	-36556.381456698124	7.668475386169477e6	0.
-0.00002127762018659916	2.4892037980613818e-11	-44663.99659983	1.0294954022844277e7	0.
-0.000026293059230583244	2.4892037980613818e-11	-36753.97615234081	7.729718169660117e6	0.
-0.000021125637185266307	2.4892037980613818e-11	-44954.63044219807	1.0393182250737825e7	0.
-0.000026141076229250393	2.4892037980613818e-11	-36953.647931810454	7.791752851402189e6	0.
-0.000020973654183933455	2.4892037980613818e-11	-45248.886810278476	1.0492903432374895e7	0.
-0.00002598909322791754	2.4892037980613818e-11	-37155.42858891273	7.85459404010549e6	0.
-0.000020821671182600603	2.4892037980613818e-11	-45546.83034408995	1.0594149973298443e7	0.
-0.00002583711022658469	2.4892037980613818e-11	-37359.35054543935	7.918255575448845e6	0.
-0.00002066968818126775	2.4892037980613818e-11	-45848.527141227445	1.0696951668930156e7	0.
-0.00002568512722525184	2.4892037980613818e-11	-37565.446866097125	7.982752469273204e6	0.
-0.000020517705179934903	2.4892037980613818e-11	-46154.04479530527	1.0801340337250497e7	0.
-0.00002553314422391899	2.4892037980613818e-11	-37773.75127384313	8.048098305033344e6	0.
-0.00002036572217860205	2.4892037980613818e-11	-46463.45243551089	1.0907348772194462e7	0.
-0.000025381161222586137	2.4892037980613818e-11	-37984.29816563932	8.114309616010921e6	0.
-0.0000202137391772692	2.4892037980613818e-11	-46776.82076730208	1.101501247837607e7	0.
-0.000020061756175936347	2.4892037980613818e-11	-47094.22211428001	1.1124360432329169e7	0.
-0.00001489433413061941	2.4892037980613818e-11	-60934.31755107206	1.6159269021000039e7	0.
-0.000019909773174603496	2.4892037980613818e-11	-47415.73046127399	1.1235433235146018e7	0.
-0.00001474235112928656	2.4892037980613818e-11	-61454.922913618015	1.635779918337847e7	0.
-0.000019757790173270647	2.4892037980613818e-11	-47741.42149866947	1.134826356713013e7	0.
-0.000014590368127953708	2.4892037980613818e-11	-61983.71755151033	1.6560058507131223e7	0.
-0.000019605807171937795	2.4892037980613818e-11	-48071.372668018405	1.1462889493397726e7	0.
-0.000014438385126620856	2.4892037980613818e-11	-62520.87736034257	1.6766134212303106e7	0.
-0.000019453824170604944	2.4892037980613818e-11	-48405.66320896536	1.1579349694861094e7	0.
-0.000014286402125288006	2.4892037980613818e-11	-63066.582700917206	1.6976117213399045e7	0.
-0.000019301841169272092	2.4892037980613818e-11	-48744.37420752779	1.1697679806011233e7	0.
-0.000014134419123955154	2.4892037980613818e-11	-63621.01851696337	1.7190099171737976e7	0.
-0.00001914985816793924	2.4892037980613818e-11	-49087.58864576868	1.1817923482908068e7	0.
-0.000013982436122622304	2.4892037980613818e-11	-64184.37445532522	1.7408176932001516e7	0.
-0.00001899787516660639	2.4892037980613818e-11	-49435.39145289812	1.1940117806125356e7	0.
-0.000013830453121289452	2.4892037980613818e-11	-64756.84498859566	1.7630448579716362e7	0.
-0.00001884589216527354	2.4892037980613818e-11	-49787.86955784578	1.2064308154738976e7	0.
-0.0000136784701199566	2.4892037980613818e-11	-65338.62954016154	1.7857012912922118e7	0.
-0.000018693909163940688	2.4892037980613818e-11	-50145.111943341355	1.2190532519537361e7	0.
-0.00001352648711862375	2.4892037980613818e-11	-65929.93261161644	1.8087974716659203e7	0.
-0.000018541926162607836	2.4892037980613818e-11	-50507.20970154623	1.2318839939675247e7	0.
-0.000013374504117290898	2.4892037980613818e-11	-66530.96391248476	1.83234407907835e7	0.
-0.000018389943161274984	2.4892037980613818e-11	-50874.256091274714	1.2449272760906503e7	0.
-0.000013222521115958048	2.4892037980613818e-11	-67141.93849218987	1.856351652235664e7	0.
-0.000018237960159942136	2.4892037980613818e-11	-51246.34659684934	1.2581877230793417e7	0.
-0.000013070538114625196	2.4892037980613818e-11	-67763.07687418618	1.880831605608341e7	0.
-0.000018085977158609284	2.4892037980613818e-11	-51623.57898863045	1.2716702822120298e7	0.
-0.000012918555113292345	2.4892037980613818e-11	-68394.60519215801	1.9057953107616726e7	0.
-0.000017933994157276432	2.4892037980613818e-11	-52006.05338526322	1.2853793533924833e7	0.
-0.000012766572111959494	2.4892037980613818e-11	-69036.75532817545	1.9312545520223e7	0.
-0.00001778201115594358	2.4892037980613818e-11	-52393.87231768647	1.2993205259275675e7	0.
-0.000012614589110626643	2.4892037980613818e-11	-69689.76505267809	1.957220902848359e7	0.
-0.00001763002815461073	2.4892037980613818e-11	-52787.14079494384	1.3134983847484434e7	0.
-0.000012462606109293792	2.4892037980613818e-11	-70353.87816614007	1.98370730947186e7	0.
-0.00001747804515327788	2.4892037980613818e-11	-53185.96637184466	1.327918659937166e7	0.
-0.00001231062310796094	2.4892037980613818e-11	-71029.34464224816	2.010726146597748e7	0.
-0.00001732606215194503	2.4892037980613818e-11	-53590.45921851438	1.3425862196895342e7	0.
-0.00001215864010662809	2.4892037980613818e-11	-71716.4207724056	2.0382902586056385e7	0.
-0.000017174079150612177	2.4892037980613818e-11	-54000.73219188171	1.357506990296074e7	0.
-0.000012006657105295239	2.4892037980613818e-11	-72415.36931134838	2.066413236931888e7	0.
-0.000017022096149279325	2.4892037980613818e-11	-54416.90090914342	1.372686646797944e7	0.
-0.000011854674103962387	2.4892037980613818e-11	-73126.45962363575	2.095108241013917e7	0.
-0.000016870113147946473	2.4892037980613818e-11	-54839.0838232518	1.3881306044762207e7	0.
-0.000011702691102629537	2.4892037980613818e-11	-73849.96783075242	2.124389594346342e7	0.
-0.000016718130146613624	2.4892037980613818e-11	-55267.40230046779	1.4038454870223548e7	0.
-0.000011550708101296685	2.4892037980613818e-11	-74586.17695852584	2.1542714487290017e7	0.
-0.000016566147145280773	2.4892037980613818e-11	-55701.98070002053	1.4198366099969277e7	0.
-0.000011398725099963835	2.4892037980613818e-11	-75335.37708453601	2.1847684515773278e7	0.
-0.00001641416414394792	2.4892037980613818e-11	-56142.946455917954	1.4361109383003078e7	0.
-0.000011246742098630983	2.4892037980613818e-11	-76097.86548515836	2.215895604387962e7	0.
-0.00001626218114261507	2.4892037980613818e-11	-56590.43016094596	1.452674797659066e7	0.
-0.000011094759097298131	2.4892037980613818e-11	-76873.94678184642	2.2476680047010954e7	0.
-0.000016110198141282217	2.4892037980613818e-11	-57044.56565289825	1.4695347322652163e7	0.
-0.000010942776095965281	2.4892037980613818e-11	-77663.9330862233	2.2801015473470002e7	0.
-0.00001595821513994937	2.4892037980613818e-11	-57505.49010307388	1.4866972182182495e7	0.
-0.00001079079309463243	2.4892037980613818e-11	-78468.14414350985	2.3132122542938214e7	0.
-0.000015806232138616517	2.4892037980613818e-11	-57973.34410707945	1.5041699596106293e7	0.
-0.00001063881009329958	2.4892037980613818e-11	-79286.9074737762	2.347016554100834e7	0.
-0.000015654249137283665	2.4892037980613818e-11	-58448.271777969385	1.521959316782503e7	0.
-0.000010486827091966727	2.4892037980613818e-11	-80120.55851045795	2.3815311310665537e7	0.
-0.000015502266135950813	2.4892037980613818e-11	-58930.420841758736	1.5400732286508324e7	0.
-0.000010334844090633876	2.4892037980613818e-11	-80969.44073553111	2.4167731815039977e7	0.
-0.00001535028313461796	2.4892037980613818e-11	-59419.94273533539	1.5585191218724363e7	0.
-0.000010182861089301025	2.4892037980613818e-11	-81833.90581068992	2.452760262050482e7	0.
-0.000015198300133285111	2.4892037980613818e-11	-59916.992706800076	1.5773045919143813e7	0.
-0.000010030878087968174	2.4892037980613818e-11	-82714.31370382002	2.4895101235292852e7	0.
-0.000015046317131952261	2.4892037980613818e-11	-60421.729918256875	1.5964379055511668e7	0.
-9.878895086635324e-6	2.4892037980613818e-11	-83611.03281000511	2.527041109049972e7	0.
-9.726912085302472e-6	2.4892037980613818e-11	-84524.44006624758	2.565371925622854e7	0.
-4.559490039985534e-6	2.4892037980613818e-11	-128781.10621057692	4.4967975671319924e7	0.
-9.57492908396962e-6	2.4892037980613818e-11	-85454.92105902566	2.6045213931115832e7	0.
-4.407507038652682e-6	2.4892037980613818e-11	-130582.7681479462	4.576796835691079e7	0.
-9.42294608263677e-6	2.4892037980613818e-11	-86402.87012374878	2.644508916947963e7	0.
-4.255524037319831e-6	2.4892037980613818e-11	-132420.02001092056	4.658372044227234e7	0.
-9.270963081303918e-6	2.4892037980613818e-11	-87368.69043510909	2.6853542526170313e7	0.
-4.10354103598698e-6	2.4892037980613818e-11	-134293.4606759394	4.741538088443657e7	0.
-9.118980079971068e-6	2.4892037980613818e-11	-88352.79408726365	2.727077431315691e7	0.
-3.951558034654129e-6	2.4892037980613818e-11	-136203.68409947486	4.826309517075297e7	0.
-8.966997078638216e-6	2.4892037980613818e-11	-89355.60216271644	2.769698899802961e7	0.
-3.799575033321278e-6	2.4892037980613818e-11	-138151.27817239132	4.9126991971782096e7	0.
-8.815014077305364e-6	2.4892037980613818e-11	-90377.54478870162	2.8132393598159116e7	0.
-3.647592031988427e-6	2.4892037980613818e-11	-140136.82353625214	5.000718729056744e7	0.
-8.663031075972514e-6	2.4892037980613818e-11	-91419.06117980408	2.8577199908874452e7	0.
-3.495609030655576e-6	2.4892037980613818e-11	-142160.89236512518	5.090378223834448e7	0.
-8.511048074639662e-6	2.4892037980613818e-11	-92480.59966548486	2.903162102729983e7	0.
-3.3436260293227246e-6	2.4892037980613818e-11	-144224.04711693784	5.181686613560432e7	0.
-8.359065073306812e-6	2.4892037980613818e-11	-93562.61770111344	2.949587461379586e7	0.
-3.1916430279898736e-6	2.4892037980613818e-11	-146326.83925892945	5.274650887527354e7	0.
-8.20708207197396e-6	2.4892037980613818e-11	-94665.58186104351	2.997018110805078e7	0.
-3.0396600266570226e-6	2.4892037980613818e-11	-148469.8079722406	5.3692767345675796e7	0.
-8.055099070641109e-6	2.4892037980613818e-11	-95789.96781220492	3.0454762941937935e7	0.
-2.8876770253241713e-6	2.4892037980613818e-11	-150653.47884115297	5.465567801601839e7	0.
-7.903116069308259e-6	2.4892037980613818e-11	-96936.26026662505	3.094984488656615e7	0.
-2.7356940239913203e-6	2.4892037980613818e-11	-152878.36253294782	5.5635262369475216e7	0.
-7.751133067975407e-6	2.4892037980613818e-11	-98104.95291123488	3.1455655475359887e7	0.
-2.583711022658469e-6	2.4892037980613818e-11	-155144.95347477394	5.6631524524768375e7	0.
-7.599150066642556e-6	2.4892037980613818e-11	-99296.54831326367	3.1972425325526007e7	0.
-2.431728021325618e-6	2.4892037980613818e-11	-157453.7285342994	5.76444423269265e7	0.
-7.447167065309705e-6	2.4892037980613818e-11	-100511.55779947918	3.250038620614803e7	0.
-2.279745019992767e-6	2.4892037980613818e-11	-159805.14571126195	5.867398421168809e7	0.
-7.295184063976854e-6	2.4892037980613818e-11	-101750.50130749198	3.3039768560508307e7	0.
-2.1277620186599156e-6	2.4892037980613818e-11	-162199.64284731232	5.9720092254588895e7	0.
-7.143201062644003e-6	2.4892037980613818e-11	-103013.90720731103	3.3590811366765365e7	0.
-1.9757790173270646e-6	2.4892037980613818e-11	-164637.63636176885	6.0782687084563464e7	0.
-6.991218061311152e-6	2.4892037980613818e-11	-104302.31209131569	3.415374874639744e7	0.
-1.8237960159942135e-6	2.4892037980613818e-11	-167119.5200210518	6.1861672441618115e7	0.
-6.8392350599783e-6	2.4892037980613818e-11	-105616.26053080184	3.472881686644925e7	0.
-1.6718130146613623e-6	2.4892037980613818e-11	-169645.66374964075	6.295692883556822e7	0.
-6.687252058645449e-6	2.4892037980613818e-11	-106956.30479726056	3.531625224336487e7	0.
-1.5198300133285113e-6	2.4892037980613818e-11	-172216.41249039338	6.406831630547774e7	0.
-6.535269057312598e-6	2.4892037980613818e-11	-108323.004546567	3.591629260245185e7	0.
-1.3678470119956601e-6	2.4892037980613818e-11	-174832.08512197222	6.519567229882039e7	0.
-6.383286055979747e-6	2.4892037980613818e-11	-109716.92646428986	3.6529173932016276e7	0.
-1.215864010662809e-6	2.4892037980613818e-11	-177492.9734409457	6.633881334693524e7	0.
-6.231303054646896e-6	2.4892037980613818e-11	-111138.64387038496	3.715512759726691e7	0.
-1.0638810093299578e-6	2.4892037980613818e-11	-180199.34121585955	6.749753674439673e7	0.
-6.079320053314045e-6	2.4892037980613818e-11	-112588.73628160758	3.779439076284147e7	0.
-9.118980079971067e-7	2.4892037980613818e-11	-182951.42332021403	6.867161673123573e7	0.
-5.9273370519811935e-6	2.4892037980613818e-11	-114067.78893007053	3.844719298405259e7	0.
-7.599150066642557e-7	2.4892037980613818e-11	-185749.42495083425	6.986080738451116e7	0.
-5.7753540506483425e-6	2.4892037980613818e-11	-115576.3922364932	3.911376325393803e7	0.
-6.079320053314045e-7	2.4892037980613818e-11	-188593.5209375857	7.106484074645403e7	0.
-5.6233710493154915e-6	2.4892037980613818e-11	-117115.14123682627	3.979432547661795e7	0.
-4.5594900399855336e-7	2.4892037980613818e-11	-191483.855149775	7.228343003198618e7	0.
-5.4713880479826406e-6	2.4892037980613818e-11	-118684.63496110568	4.048910338348286e7	0.
-3.0396600266570224e-7	2.4892037980613818e-11	-194420.5400038872	7.351627276981518e7	0.
-5.31940504664979e-6	2.4892037980613818e-11	-120285.47576358278	4.1198309911999635e7	0.
-1.5198300133285112e-7	2.4892037980613818e-11	-197403.65607655997	7.476304251285307e7	0.
-5.167422045316938e-6	2.4892037980613818e-11	-121918.26860340407	4.192215949836904e7	0.
0.	2.4892037980613818e-11	-200433.25182588844	7.602339804065122e7	0.
-5.015439043984087e-6	2.4892037980613818e-11	-123583.62027536394	4.266085516120804e7	0.
1.5198300133285112e-7	2.4892037980613818e-11	-203509.34342330185	7.729698040258422e7	0.
-4.863456042651236e-6	2.4892037980613818e-11	-125282.13859054036	4.341459733367808e7	0.
3.0396600266570224e-7	2.4892037980613818e-11	-206631.91469737087	7.85834105047311e7	0.
-4.711473041318385e-6	2.4892037980613818e-11	-127014.43150693405	4.418357654354944e7	0.
5.4713880479826406e-6	2.4892037980613818e-11	-338489.37944381195	1.2680267493952629e8	0.
4.5594900399855336e-7	2.4892037980613818e-11	-209800.91719000053	7.988230325788596e7	0.
5.6233710493154915e-6	2.4892037980613818e-11	-343025.57306627446	1.2826152683979921e8	0.
6.079320053314045e-7	2.4892037980613818e-11	-213016.27032455304	8.11932526650462e7	0.
5.7753540506483425e-6	2.4892037980613818e-11	-347592.5114126832	1.2971831963328625e8	0.
7.599150066642557e-7	2.4892037980613818e-11	-216277.86168454346	8.251584106037016e7	0.
5.9273370519811935e-6	2.4892037980613818e-11	-352189.5954530024	1.3117279736258726e8	0.
9.118980079971067e-7	2.4892037980613818e-11	-219585.5474006651	8.384963874220756e7	0.
6.079320053314045e-6	2.4892037980613818e-11	-356816.2301512813	1.3262470729737614e8	0.
1.0638810093299578e-6	2.4892037980613818e-11	-222939.15264305242	8.519420603873934e7	0.
6.231303054646896e-6	2.4892037980613818e-11	-361471.8250868005	1.3407381385142104e8	0.
1.215864010662809e-6	2.4892037980613818e-11	-226338.47221488046	8.654909559419318e7	0.
6.383286055979747e-6	2.4892037980613818e-11	-366155.79502744717	1.3551989072436875e8	0.
1.3678470119956601e-6	2.4892037980613818e-11	-229783.27124264877	8.791384728924161e7	0.
6.535269057312598e-6	2.4892037980613818e-11	-370867.5604564662	1.3696272726800385e8	0.
1.5198300133285113e-6	2.4892037980613818e-11	-233273.2859578118	8.928800174022773e7	0.
6.687252058645449e-6	2.4892037980613818e-11	-375606.5480539016	1.3840211908070216e8	0.
1.6718130146613623e-6	2.4892037980613818e-11	-236808.22456380105	9.067108683585353e7	0.
6.8392350599783e-6	2.4892037980613818e-11	-380372.1911341847	1.398378788589155e8	0.
1.8237960159942135e-6	2.4892037980613818e-11	-240387.7681819539	9.206262826861344e7	0.
6.991218061311152e-6	2.4892037980613818e-11	-385163.9300414404	1.4126982199949104e8	0.
1.9757790173270646e-6	2.4892037980613818e-11	-244011.5718694128	9.346215186532979e7	0.
7.143201062644003e-6	2.4892037980613818e-11	-389981.2125041776	1.426977840485013e8	0.
2.1277620186599156e-6	2.4892037980613818e-11	-247679.26570169808	9.486917665162309e7	0.
7.295184063976854e-6	2.4892037980613818e-11	-394823.4939511004	1.4412160235621026e8	0.
2.279745019992767e-6	2.4892037980613818e-11	-251390.4559123896	9.628322628805795e7	0.
7.447167065309705e-6	2.4892037980613818e-11	-399690.23778982944	1.455411306847705e8	0.
2.431728021325618e-6	2.4892037980613818e-11	-255144.7260821689	9.770382436058131e7	0.
7.599150066642556e-6	2.4892037980613818e-11	-404580.91565035575	1.4695622515749925e8	0.
2.583711022658469e-6	2.4892037980613818e-11	-258941.63836938524	9.913049114461963e7	0.
7.751133067975407e-6	2.4892037980613818e-11	-409495.0075950688	1.4836675910502958e8	0.
2.7356940239913203e-6	2.4892037980613818e-11	-262780.734774301	1.005627540448216e8	0.
7.903116069308259e-6	2.4892037980613818e-11	-414432.00229720084	1.4977261388013408e8	0.
2.8876770253241713e-6	2.4892037980613818e-11	-266661.5384292479	1.0200014591726932e8	0.
8.055099070641109e-6	2.4892037980613818e-11	-419391.3971895225	1.5117367347375038e8	0.
3.0396600266570226e-6	2.4892037980613818e-11	-270583.55490707746	1.0344220449612066e8	0.
8.20708207197396e-6	2.4892037980613818e-11	-424372.6985851029	1.5256983402389252e8	0.
3.1916430279898736e-6	2.4892037980613818e-11	-274546.2735405081	1.0488846719965653e8	0.
8.359065073306812e-6	2.4892037980613818e-11	-429375.4217719148	1.539610038421683e8	0.
3.3436260293227246e-6	2.4892037980613818e-11	-278549.16874525836	1.0633848674478987e8	0.
8.511048074639662e-6	2.4892037980613818e-11	-434399.09108302795	1.5534708941989258e8	0.
3.495609030655576e-6	2.4892037980613818e-11	-282591.7013401876	1.0779181714922795e8	0.
8.663031075972514e-6	2.4892037980613818e-11	-439443.2399440891	1.5672801428812757e8	0.
3.647592031988427e-6	2.4892037980613818e-11	-286673.3198580563	1.0924802432114214e8	0.
8.815014077305364e-6	2.4892037980613818e-11	-444507.4108997284	1.5810370366503876e8	0.
3.799575033321278e-6	2.4892037980613818e-11	-290793.4618409374	1.1070668484777349e8	0.
8.966997078638216e-6	2.4892037980613818e-11	-449591.15562048514	1.5947409226469752e8	0.
3.951558034654129e-6	2.4892037980613818e-11	-294951.55511476274	1.1216737984942587e8	0.
9.118980079971068e-6	2.4892037980613818e-11	-454694.0348917742	1.608391157137403e8	0.
4.10354103598698e-6	2.4892037980613818e-11	-299147.0190379691	1.136297054643828e8	0.
9.270963081303918e-6	2.4892037980613818e-11	-459815.61858636147	1.6219872432406476e8	0.
4.255524037319831e-6	2.4892037980613818e-11	-303379.2657196921	1.1509326744412373e8	0.
9.42294608263677e-6	2.4892037980613818e-11	-464955.48562174296	1.6355286725444403e8	0.
4.407507038652682e-6	2.4892037980613818e-11	-307647.70120345964	1.1655767908206345e8	0.
9.57492908396962e-6	2.4892037980613818e-11	-470113.22390376165	1.649015059793549e8	0.
4.559490039985534e-6	2.4892037980613818e-11	-311951.72661283216	1.180225696564704e8	0.
9.726912085302472e-6	2.4892037980613818e-11	-475288.4302577255	1.6624459969701785e8	0.
4.711473041318385e-6	2.4892037980613818e-11	-316290.73925593117	1.1948758186783238e8	0.
9.878895086635324e-6	2.4892037980613818e-11	-480480.7103482248	1.6758211621503514e8	0.
4.863456042651236e-6	2.4892037980613818e-11	-320664.1336862793	1.2095236410775359e8	0.
0.000010030878087968174	2.4892037980613818e-11	-485689.67858878156	1.689140312324119e8	0.
5.015439043984087e-6	2.4892037980613818e-11	-325071.3027178447	1.2241658182083853e8	0.
0.000010182861089301025	2.4892037980613818e-11	-490914.9580423934	1.702403236126217e8	0.
5.167422045316938e-6	2.4892037980613818e-11	-329511.63839262666	1.2387991033445959e8	0.
0.000010334844090633876	2.4892037980613818e-11	-496156.1803139763	1.715609664887179e8	0.
5.31940504664979e-6	2.4892037980613818e-11	-333984.53289954725	1.2534204250777583e8	0.
0.000010486827091966727	2.4892037980613818e-11	-501412.98543564504	1.7287595335029104e8	0.
0.000015502266135950813	2.4892037980613818e-11	-681710.5302094265	2.131660416768598e8	0.
0.00001063881009329958	2.4892037980613818e-11	-506685.0217457051	1.7418527333290422e8	0.
0.000015654249137283665	2.4892037980613818e-11	-687334.068492379	2.1429805163039005e8	0.
0.00001079079309463243	2.4892037980613818e-11	-511971.9457621806	1.754889187348851e8	0.
0.000015806232138616517	2.4892037980613818e-11	-692964.828168231	2.1542523980396056e8	0.
0.000010942776095965281	2.4892037980613818e-11	-517273.422051636	1.7678688906797883e8	0.
0.00001595821513994937	2.4892037980613818e-11	-698602.6615109673	2.1654764030549017e8	0.
0.000011094759097298131	2.4892037980613818e-11	-522589.12309400085	1.7807917913195324e8	0.
0.000016110198141282217	2.4892037980613818e-11	-704247.4244075334	2.176652941974728e8	0.
0.000011246742098630983	2.4892037980613818e-11	-527918.7291440547	1.7936579656696627e8	0.
0.00001626218114261507	2.4892037980613818e-11	-709898.976262323	2.1877824280482423e8	0.
0.000011398725099963835	2.4892037980613818e-11	-533261.9280901741	1.8064673965640908e8	0.
0.00001641416414394792	2.4892037980613818e-11	-715557.1799040369	2.198865193885181e8	0.
0.000011550708101296685	2.4892037980613818e-11	-538618.4153109058	1.8192202881223273e8	0.
0.000016566147145280773	2.4892037980613818e-11	-721221.9014948813	2.209901602071143e8	0.
0.000011702691102629537	2.4892037980613818e-11	-543987.8935298743	1.831916685878207e8	0.
0.000016718130146613624	2.4892037980613818e-11	-726893.0104420704	2.220892193823363e8	0.
0.000011854674103962387	2.4892037980613818e-11	-549370.0726694993	1.844556725252414e8	0.
0.000016870113147946473	2.4892037980613818e-11	-732570.3793115962	2.2318371716516984e8	0.
0.000012006657105295239	2.4892037980613818e-11	-554764.6697039539	1.8571406200733563e8	0.
0.000017022096149279325	2.4892037980613818e-11	-738253.8837442297	2.2427370305133197e8	0.
0.00001215864010662809	2.4892037980613818e-11	-560171.408511753	1.8696684517658997e8	0.
0.000017174079150612177	2.4892037980613818e-11	-743943.4023737097	2.2535921003062457e8	0.
0.00001231062310796094	2.4892037980613818e-11	-565590.0197283373	1.8821404941890016e8	0.
0.00001732606215194503	2.4892037980613818e-11	-749638.8167470843	2.2644028109503308e8	0.
0.000012462606109293792	2.4892037980613818e-11	-571020.2405989711	1.8945569703238067e8	0.
0.00001747804515327788	2.4892037980613818e-11	-755340.0112471565	2.275169545471045e8	0.
0.000012614589110626643	2.4892037980613818e-11	-576461.8148322509	1.9069180666240948e8	0.
0.00001763002815461073	2.4892037980613818e-11	-761046.8730169974	2.2858925891077107e8	0.
0.000012766572111959494	2.4892037980613818e-11	-581914.4924544902	1.9192240951336405e8	0.
0.00001778201115594358	2.4892037980613818e-11	-766759.2918864819	2.2965724761544463e8	0.
0.000012918555113292345	2.4892037980613818e-11	-587378.0296652145	1.931475242039303e8	0.
0.000017933994157276432	2.4892037980613818e-11	-772477.1603008006	2.3072094254373217e8	0.
0.000013070538114625196	2.4892037980613818e-11	-592852.1886939845	1.9436718260199034e8	0.
0.000018085977158609284	2.4892037980613818e-11	-778200.3732509096	2.3178039280133727e8	0.
0.000013222521115958048	2.4892037980613818e-11	-598336.7376587301	1.9558141466027725e8	0.
0.000018237960159942136	2.4892037980613818e-11	-783928.8282058703	2.3283562349803227e8	0.
0.000013374504117290898	2.4892037980613818e-11	-603831.4504257668	1.967902493391758e8	0.
0.000018389943161274984	2.4892037980613818e-11	-789662.4250470375	2.338866877796774e8	0.
0.00001352648711862375	2.4892037980613818e-11	-609336.1064716404	1.979937189732448e8	0.
0.000018541926162607836	2.4892037980613818e-11	-795401.0660040508	2.3493360599335018e8	0.
0.0000136784701199566	2.4892037980613818e-11	-614850.4907469273	1.991918562578959e8	0.
0.000018693909163940688	2.4892037980613818e-11	-801144.6555925878	2.3597642415317392e8	0.
0.000013830453121289452	2.4892037980613818e-11	-620374.3935421032	2.0038468607517254e8	0.
0.00001884589216527354	2.4892037980613818e-11	-806893.1005538341	2.3701517594320244e8	0.
0.000013982436122622304	2.4892037980613818e-11	-625907.6103555748	2.015722546879015e8	0.
0.00001899787516660639	2.4892037980613818e-11	-812646.3097956284	2.3804989968005642e8	0.
0.000014134419123955154	2.4892037980613818e-11	-631449.9417639546	2.0275458387230176e8	0.
0.00001914985816793924	2.4892037980613818e-11	-818404.1943352406	2.3908062325477812e8	0.
0.000014286402125288006	2.4892037980613818e-11	-637001.1932946503	2.039317183873999e8	0.
0.000019301841169272092	2.4892037980613818e-11	-824166.6672437417	2.4010738754922307e8	0.
0.000014438385126620856	2.4892037980613818e-11	-642561.1753008176	2.05103693855688e8	0.
0.000019453824170604944	2.4892037980613818e-11	-829933.6435919212	2.4113023156053862e8	0.
0.000014590368127953708	2.4892037980613818e-11	-648129.702838727	2.06270534217074e8	0.
0.000019605807171937795	2.4892037980613818e-11	-835705.0403977161	2.4214918331502032e8	0.
0.00001474235112928656	2.4892037980613818e-11	-653706.5955475767	2.0743229100783154e8	0.
0.000019757790173270647	2.4892037980613818e-11	-841480.776575109	2.4316427739817062e8	0.
0.00001489433413061941	2.4892037980613818e-11	-659291.6775317725	2.085889982156378e8	0.
0.000019909773174603496	2.4892037980613818e-11	-847260.7728844552	2.4417555446455026e8	0.
0.000015046317131952261	2.4892037980613818e-11	-664884.7772456993	2.0974068792793307e8	0.
0.000020061756175936347	2.4892037980613818e-11	-853044.9518842031	2.4518304176205832e8	0.
0.000015198300133285111	2.4892037980613818e-11	-670485.7273809842	2.108873978570684e8	0.
0.0000202137391772692	2.4892037980613818e-11	-858833.237883967	2.461867749923205e8	0.
0.00001535028313461796	2.4892037980613818e-11	-676094.3647562613	2.1202917132471207e8	0.
0.00002036572217860205	2.4892037980613818e-11	-864625.5568989177	2.4718678506943494e8	0.
0.000020517705179934903	2.4892037980613818e-11	-870421.8366054539	2.481831094256996e8	0.
0.00002553314422391899	2.4892037980613818e-11	-1.0635292255264726e6	2.7918976894782e8	0.
0.00002066968818126775	2.4892037980613818e-11	-876222.0062981178	2.4917577841109088e8	0.
0.00002568512722525184	2.4892037980613818e-11	-1.0694266084654685e6	2.8007806153090036e8	0.
0.000020821671182600603	2.4892037980613818e-11	-882025.9968477223	2.5016482673930132e8	0.
0.00002583711022658469	2.4892037980613818e-11	-1.0753261994915525e6	2.8096362244177455e8	0.
0.000020973654183933455	2.4892037980613818e-11	-887833.7406606526	2.511502814885601e8	0.
0.00002598909322791754	2.4892037980613818e-11	-1.0812279648817678e6	2.8184647607558537e8	0.
0.000021125637185266307	2.4892037980613818e-11	-893645.1716393142	2.521321767276484e8	0.
0.000026141076229250393	2.4892037980613818e-11	-1.0871318715714072e6	2.8272664205922735e8	0.
0.00002127762018659916	2.4892037980613818e-11	-899460.2251436879	2.5311054373883703e8	0.
0.000026293059230583244	2.4892037980613818e-11	-1.0930378871386794e6	2.836041472268108e8	0.
0.000021429603187932007	2.4892037980613818e-11	-905278.8379539682	2.5408541371891135e8	0.
0.000026445042231916096	2.4892037980613818e-11	-1.0989459797897786e6	2.8447901035324216e8	0.
0.00002158158618926486	2.4892037980613818e-11	-911100.9482342466	2.5505681268260542e8	0.
0.000026597025233248945	2.4892037980613818e-11	-1.1048561183443512e6	2.8535125304407597e8	0.
0.00002173356919059771	2.4892037980613818e-11	-916926.4954972158	2.5602477991564885e8	0.
0.000026749008234581796	2.4892037980613818e-11	-1.1107682722213457e6	2.862208962089193e8	0.
0.000021885552191930562	2.4892037980613818e-11	-922755.420569862	2.5698934325080994e8	0.
0.000026900991235914648	2.4892037980613818e-11	-1.1166824114252331e6	2.870879583902818e8	0.
0.000022037535193263414	2.4892037980613818e-11	-928587.6655601172	2.5795052603749183e8	0.
0.0000270529742372475	2.4892037980613818e-11	-1.1225985065325918e6	2.879524668402223e8	0.
0.000022189518194596263	2.4892037980613818e-11	-934423.1738244469	2.5890836409550035e8	0.
0.000027204957238580352	2.4892037980613818e-11	-1.1285165286790403e6	2.888144330773368e8	0.
0.000022341501195929114	2.4892037980613818e-11	-940261.8899363406	2.5986288648928934e8	0.
0.0000273569402399132	2.4892037980613818e-11	-1.1344364495465138e6	2.8967388387110776e8	0.
0.000022493484197261966	2.4892037980613818e-11	-946103.7596556838	2.60814117889977e8	0.
0.000027508923241246052	2.4892037980613818e-11	-1.140358241350871e6	2.905308366550166e8	0.
0.000022645467198594818	2.4892037980613818e-11	-951948.729898983	2.617620867194111e8	0.
0.000027660906242578904	2.4892037980613818e-11	-1.1462818768298218e6	2.9138531144919646e8	0.
0.00002279745019992767	2.4892037980613818e-11	-957796.7487104216	2.6270682752218542e8	0.
0.000027812889243911756	2.4892037980613818e-11	-1.1522073292311684e6	2.9223732727983856e8	0.
0.000022949433201260518	2.4892037980613818e-11	-963647.7652337174	2.6364836193293267e8	0.
0.000027964872245244608	2.4892037980613818e-11	-1.1581345723013505e6	2.9308690380717784e8	0.
0.00002310141620259337	2.4892037980613818e-11	-969501.7296847649	2.6458671740715945e8	0.
0.000028116855246577456	2.4892037980613818e-11	-1.1640635802742844e6	2.939340596388663e8	0.
0.000023253399203926222	2.4892037980613818e-11	-975358.5933250339	2.655219276880616e8	0.
0.000028268838247910308	2.4892037980613818e-11	-1.169994327860489e6	2.947788119254588e8	0.
0.000023405382205259074	2.4892037980613818e-11	-981218.3084357055	2.6645401120633262e8	0.
0.00002842082124924316	2.4892037980613818e-11	-1.1759267902364908e6	2.95621181152811e8	0.
0.000023557365206591925	2.4892037980613818e-11	-987080.8282925225	2.673830011424834e8	0.
0.00002857280425057601	2.4892037980613818e-11	-1.1818609430344985e6	2.964611873722946e8	0.
0.000023709348207924774	2.4892037980613818e-11	-992946.1071413327	2.6830892155360854e8	0.
0.000028724787251908863	2.4892037980613818e-11	-1.187796762332341e6	2.972988485914401e8	0.
0.000023861331209257626	2.4892037980613818e-11	-998814.1001743083	2.69231798762382e8	0.
0.00002887677025324171	2.4892037980613818e-11	-1.1937342246436607e6	2.9813418386518097e8	0.
0.000024013314210590477	2.4892037980613818e-11	-1.0046847635068153e6	2.701516584812018e8	0.
0.000029028753254574563	2.4892037980613818e-11	-1.1996733069083553e6	2.989672015037546e8	0.
0.00002416529721192333	2.4892037980613818e-11	-1.0105580541549203e6	2.7106852417420435e8	0.
0.000029180736255907415	2.4892037980613818e-11	-1.205613986483261e6	2.997979261391744e8	0.
0.00002431728021325618	2.4892037980613818e-11	-1.0164339300135123e6	2.71982425139042e8	0.
0.000029332719257240267	2.4892037980613818e-11	-1.2115562411330692e6	3.0062637672444797e8	0.
0.00002446926321458903	2.4892037980613818e-11	-1.0223123498350212e6	2.728933842822617e8	0.
0.00002948470225857312	2.4892037980613818e-11	-1.2175000490214722e6	3.014525684855773e8	0.
0.00002462124621592188	2.4892037980613818e-11	-1.0281932732087192e6	2.7380142841458905e8	0.
0.000029636685259905967	2.4892037980613818e-11	-1.22344538870253e6	3.0227651661400056e8	0.
0.000024773229217254733	2.4892037980613818e-11	-1.0340766605405814e6	2.7470657575291497e8	0.
0.00002978866826123882	2.4892037980613818e-11	-1.229392239112253e6	3.030982398052948e8	0.
0.000024925212218587585	2.4892037980613818e-11	-1.0399624730336984e6	2.756088608205508e8	0.
0.00002994065126257167	2.4892037980613818e-11	-1.235340579560394e6	3.0391775626352453e8	0.
0.000025077195219920433	2.4892037980613818e-11	-1.045850672669214e6	2.765082946090412e8	0.
0.000030092634263904523	2.4892037980613818e-11	-1.2412903897224418e6	3.0473508860356146e8	0.
0.000025229178221253285	2.4892037980613818e-11	-1.0517412221877833e6	2.7740490949483454e8	0.
0.000030244617265237375	2.4892037980613818e-11	-1.2472416496318162e6	3.05550237218861e8	0.
0.000025381161222586137	2.4892037980613818e-11	-1.0576340850715267e6	2.7829872453763103e8	0.
0.000030396600266570223	2.4892037980613818e-11	-1.2531943396722532e6	3.063632217520907e8	0.
