# Filename	C:\Users\edmag\Documents\Work\2D-Comp-Model\computation\Turning Timeresults\2018-02-05T05-32-19.txt
# Source	C:\Users\edmag\Documents\Work\2D-Comp-Model\computation\Turning Time\turning.nb
# Note	1D calculation of turning time vs. field and orbit energy.
# Date	2018-02-05T05:32:19
# Dir	-1
# field	2.3530754653549e-11
# zi	-6.
W	field	zt	t	argt
-0.000030396600266570223	2.3530754653549e-11	-32100.714775195116	6.330948592133496e6	0.
-0.000025229178221253285	2.3530754653549e-11	-38270.60573925964	8.2105558427534895e6	0.
-0.000030244617265237375	2.3530754653549e-11	-32254.333345558665	6.375903802482954e6	0.
-0.000025077195219920433	2.3530754653549e-11	-38486.965665348325	8.279103643136811e6	0.
-0.000030092634263904523	2.3530754653549e-11	-32409.39364124933	6.42138080217233e6	0.
-0.000024925212218587585	2.3530754653549e-11	-38705.702072441156	8.348576475961246e6	0.
-0.00002994065126257167	2.3530754653549e-11	-32565.915545525837	6.467385532928029e6	-3.379667254317652e-7
-0.000024773229217254733	2.3530754653549e-11	-38926.85292919743	8.418992597377485e6	0.
-0.00002978866826123882	2.3530754653549e-11	-32723.91929923964	6.5139312822467275e6	0.
-0.00002462124621592188	2.3530754653549e-11	-39150.45698599604	8.490370221011449e6	0.
-0.000029636685259905967	2.3530754653549e-11	-32883.42550867742	6.561021741495599e6	-3.363912909486215e-7
-0.00002446926321458903	2.3530754653549e-11	-39376.553794271334	8.562723718324274e6	0.
-0.00002948470225857312	2.3530754653549e-11	-33044.45515360287	6.608669832968548e6	0.
-0.00002431728021325618	2.3530754653549e-11	-39605.1837263961	8.636074071881574e6	0.
-0.000029332719257240267	2.3530754653549e-11	-33207.0295955067	6.656882691469271e6	0.
-0.00002416529721192333	2.3530754653549e-11	-39836.38799612729	8.710440150065297e6	0.
-0.000029180736255907415	2.3530754653549e-11	-33371.170586066655	6.705666707700821e6	-2.387342928937962e-7
-0.000024013314210590477	2.3530754653549e-11	-40070.20867963249	8.785838612704579e6	0.
-0.000029028753254574563	2.3530754653549e-11	-33536.900275827764	6.755035668198153e6	-2.572481754233402e-7
-0.000023861331209257626	2.3530754653549e-11	-40306.68873711644	8.862291868049283e6	0.
-0.00002887677025324171	2.3530754653549e-11	-33704.24122310647	6.8049983257123595e6	0.
-0.000023709348207924774	2.3530754653549e-11	-40545.87203506312	8.939816379784321e6	0.
-0.000028724787251908863	2.3530754653549e-11	-33873.21640312649	6.855562478397195e6	0.
-0.000023557365206591925	2.3530754653549e-11	-40787.803369116264	9.018434944358451e6	0.
-0.00002857280425057601	2.3530754653549e-11	-34043.84921739192	6.90673886990171e6	0.
-0.000023405382205259074	2.3530754653549e-11	-41032.52848761482	9.098168263357947e6	0.
-0.00002842082124924316	2.3530754653549e-11	-34216.16350330643	6.958538736387519e6	0.
-0.000023253399203926222	2.3530754653549e-11	-41280.094115805616	9.179036281882128e6	0.
-0.000028268838247910308	2.3530754653549e-11	-34390.18354404358	7.010970995958143e6	0.
-0.00002310141620259337	2.3530754653549e-11	-41530.54798075404	9.261062260676788e6	0.
-0.000028116855246577456	2.3530754653549e-11	-34565.934078677776	7.064046620892275e6	0.
-0.000022949433201260518	2.3530754653549e-11	-41783.93883697353	9.344267457695032e6	0.
-0.000027964872245244608	2.3530754653549e-11	-34743.44031258159	7.1177750192531645e6	0.
-0.00002279745019992767	2.3530754653549e-11	-42040.316492797414	9.428674865734298e6	0.
-0.000027812889243911756	2.3530754653549e-11	-34922.727928099055	7.172170472571835e6	0.
-0.000022645467198594818	2.3530754653549e-11	-42299.73183751536	9.514308355868679e6	0.
-0.000027660906242578904	2.3530754653549e-11	-35103.82309550108	7.227241449948313e6	0.
-0.000022493484197261966	2.3530754653549e-11	-42562.23686929852	9.60119232796622e6	0.
-0.000027508923241246052	2.3530754653549e-11	-35286.75248423411	7.283001606641022e6	0.
-0.000022341501195929114	2.3530754653549e-11	-42827.8847239377	9.68934968816153e6	0.
-0.0000273569402399132	2.3530754653549e-11	-35471.54327446761	7.339459773591665e6	0.
-0.000022189518194596263	2.3530754653549e-11	-43096.72970442067	9.77880795908891e6	0.
-0.000027204957238580352	2.3530754653549e-11	-35658.22316895238	7.396631063609306e6	0.
-0.000022037535193263414	2.3530754653549e-11	-43368.82731137287	9.869589734893199e6	0.
-0.0000270529742372475	2.3530754653549e-11	-35846.820405195926	7.454525079992122e6	0.
-0.000021885552191930562	2.3530754653549e-11	-43644.234274391	9.961724875042215e6	0.
-0.000026900991235914648	2.3530754653549e-11	-36037.3637679675	7.513157207166823e6	0.
-0.00002173356919059771	2.3530754653549e-11	-43923.008584293944	1.0055236942088263e7	0.
-0.000026749008234581796	2.3530754653549e-11	-36229.882602139514	7.572536452372434e6	0.
-0.00002158158618926486	2.3530754653549e-11	-44205.20952632307	1.0150156305621477e7	0.
-0.000026597025233248945	2.3530754653549e-11	-36424.40682587878	7.632680175134685e6	0.
-0.000021429603187932007	2.3530754653549e-11	-44490.89771431789	1.024651055917799e7	0.
-0.000026445042231916096	2.3530754653549e-11	-36620.96694419466	7.6935966563931685e6	0.
-0.00002127762018659916	2.3530754653549e-11	-44780.13512589982	1.0344328452114768e7	0.
-0.000026293059230583244	2.3530754653549e-11	-36819.5940628583	7.75530364575148e6	0.
-0.000021125637185266307	2.3530754653549e-11	-45072.985138693846	1.0443638661268096e7	0.
-0.000026141076229250393	2.3530754653549e-11	-37020.31990270111	7.817813514549364e6	0.
-0.000020973654183933455	2.3530754653549e-11	-45369.512567620564	1.0544476264374247e7	0.
-0.00002598909322791754	2.3530754653549e-11	-37223.17681430641	7.881141108181294e6	0.
-0.000020821671182600603	2.3530754653549e-11	-45669.78370329103	1.0646862928260194e7	0.
-0.00002583711022658469	2.3530754653549e-11	-37428.197793104475	7.945299856115091e6	0.
-0.00002066968818126775	2.3530754653549e-11	-45973.86635153954	1.075084090663055e7	0.
-0.00002568512722525184	2.3530754653549e-11	-37635.41649488466	8.010305618992775e6	0.
-0.000020517705179934903	2.3530754653549e-11	-46281.82987412697	1.0856438029269151e7	0.
-0.00002553314422391899	2.3530754653549e-11	-37844.86725173592	8.076173771317115e6	0.
-0.00002036572217860205	2.3530754653549e-11	-46593.74523065311	1.0963688322939496e7	0.
-0.000025381161222586137	2.3530754653549e-11	-38056.585088429856	8.142918180387176e6	0.
-0.0000202137391772692	2.3530754653549e-11	-46909.68502171263	1.1072629475161312e7	0.
-0.000020061756175936347	2.3530754653549e-11	-47229.72353333309	1.1183289507442338e7	0.
-0.00001489433413061941	2.3530754653549e-11	-61218.774830808485	1.6296538210044313e7	0.
-0.000019909773174603496	2.3530754653549e-11	-47553.936782734854	1.1295713407616101e7	0.
-0.00001474235112928656	2.3530754653549e-11	-61746.34977020183	1.649888662464571e7	0.
-0.000019757790173270647	2.3530754653549e-11	-47882.40256545007	1.1409931618215682e7	0.
-0.000014590368127953708	2.3530754653549e-11	-62282.32969157931	1.6705090209475419e7	0.
-0.000019605807171937795	2.3530754653549e-11	-48215.20050384483	1.1525986061651187e7	0.
-0.000014438385126620856	2.3530754653549e-11	-62826.89833743307	1.6915245112333655e7	0.
-0.000019453824170604944	2.3530754653549e-11	-48552.4120970831	1.164391518140749e7	0.
-0.000014286402125288006	2.3530754653549e-11	-63380.24423330257	1.7129445472997963e7	0.
-0.000019301841169272092	2.3530754653549e-11	-48894.120772577335	1.1763758909142608e7	0.
-0.000014134419123955154	2.3530754653549e-11	-63942.56081908963	1.734779116969863e7	0.
-0.00001914985816793924	2.3530754653549e-11	-49240.41193896867	1.1885557625486955e7	0.
-0.000013982436122622304	2.3530754653549e-11	-64514.04658341396	1.7570380837022558e7	0.
-0.00001899787516660639	2.3530754653549e-11	-49591.37304068186	1.2009355086574553e7	0.
-0.000013830453121289452	2.3530754653549e-11	-65094.905201005546	1.7797320668781053e7	0.
-0.00001884589216527354	2.3530754653549e-11	-49947.09361410001	1.2135193571259774e7	0.
-0.0000136784701199566	2.3530754653549e-11	-65685.34567311825	1.8028715431412928e7	0.
-0.000018693909163940688	2.3530754653549e-11	-50307.66534540697	1.2263116774686188e7	0.
-0.00001352648711862375	2.3530754653549e-11	-66285.58247094176	1.8264676115835488e7	0.
-0.000018541926162607836	2.3530754653549e-11	-50673.1821301444	1.2393172526888054e7	0.
-0.000013374504117290898	2.3530754653549e-11	-66895.83568197499	1.8505314352977525e7	0.
-0.000018389943161274984	2.3530754653549e-11	-51043.74013453169	1.252540662229795e7	0.
-0.000013222521115958048	2.3530754653549e-11	-67516.33115931413	1.875074752115925e7	0.
-0.000018237960159942136	2.3530754653549e-11	-51419.437858599515	1.2659865410129957e7	0.
-0.000013070538114625196	2.3530754653549e-11	-68147.30067379247	1.9001090860478684e7	0.
-0.000018085977158609284	2.3530754653549e-11	-51800.37620118649	1.279660004470469e7	0.
-0.000012918555113292345	2.3530754653549e-11	-68788.9820688975	1.9256468911395043e7	0.
-0.000017933994157276432	2.3530754653549e-11	-52186.65852684999	1.2935660823186427e7	0.
-0.000012766572111959494	2.3530754653549e-11	-69441.61941836972	1.9517006042931054e7	0.
-0.00001778201115594358	2.3530754653549e-11	-52578.39073474378	1.3077099590101598e7	0.
-0.000012614589110626643	2.3530754653549e-11	-70105.4631863745	1.9782830541406114e7	0.
-0.00001763002815461073	2.3530754653549e-11	-52975.68132951456	1.3220970349406766e7	0.
-0.000012462606109293792	2.3530754653549e-11	-70780.77039011531	2.005407432795673e7	0.
-0.00001747804515327788	2.3530754653549e-11	-53378.64149427057	1.336732577994683e7	0.
-0.00001231062310796094	2.3530754653549e-11	-71467.80476473688	2.0330871551251728e7	0.
-0.00001732606215194503	2.3530754653549e-11	-53787.385165676984	1.3516224616739666e7	0.
-0.00001215864010662809	2.3530754653549e-11	-72166.83693034323	2.061336237714587e7	0.
-0.000017174079150612177	2.3530754653549e-11	-54202.02911123044	1.366772308919985e7	0.
-0.000012006657105295239	2.3530754653549e-11	-72878.14456093004	2.0901688401005536e7	0.
-0.000017022096149279325	2.3530754653549e-11	-54622.69300876941	1.3821880302133366e7	0.
-0.000011854674103962387	2.3530754653549e-11	-73602.01255500433	2.1195995854450382e7	0.
-0.000016870113147946473	2.3530754653549e-11	-55049.499528273605	1.3978757930472264e7	0.
-0.000011702691102629537	2.3530754653549e-11	-74338.7332076339	2.1496434113320574e7	0.
-0.000016718130146613624	2.3530754653549e-11	-55482.57441600753	1.4138417919342533e7	0.
-0.000011550708101296685	2.3530754653549e-11	-75088.6063836381	2.180315824087821e7	0.
-0.000016566147145280773	2.3530754653549e-11	-55922.04658106343	1.4300923741381072e7	0.
-0.000011398725099963835	2.3530754653549e-11	-75851.93969159616	2.211632435159549e7	0.
-0.00001641416414394792	2.3530754653549e-11	-56368.04818435742	1.446634239000705e7	0.
-0.000011246742098630983	2.3530754653549e-11	-76629.0486583137	2.2436094503577463e7	0.
-0.00001626218114261507	2.3530754653549e-11	-56820.71473013286	1.463474100706059e7	0.
-0.000011094759097298131	2.3530754653549e-11	-77420.25690334724	2.2762634143167727e7	0.
-0.000016110198141282217	2.3530754653549e-11	-57280.185160024565	1.4806189697081659e7	0.
-0.000010942776095965281	2.3530754653549e-11	-78225.89631314481	2.309611182014195e7	0.
-0.00001595821513994937	2.3530754653549e-11	-57746.60194973569	1.4980759751633503e7	0.
-0.00001079079309463243	2.3530754653549e-11	-79046.30721431586	2.3436703727507047e7	0.
-0.000015806232138616517	2.3530754653549e-11	-58220.11120837885	1.515852166368166e7	0.
-0.000015654249137283665	2.3530754653549e-11	-58700.86278053116	1.5339554189423408e7	0.
-0.00001063881009329958	2.3530754653549e-11	-79881.83854549368	2.3784584245724324e7	0.
-0.000010486827091966727	2.3530754653549e-11	-80732.84802720546	2.413993816447864e7	0.
-0.000015502266135950813	2.3530754653549e-11	-59189.01035105016	1.552393314462053e7	0.
-0.00001535028313461796	2.3530754653549e-11	-59684.71155269765	1.5711738938204637e7	0.
-0.000010334844090633876	2.3530754653549e-11	-81599.7023291064	2.4502950961178016e7	0.
-0.000015198300133285111	2.3530754653549e-11	-60188.128076613146	1.5903051411015008e7	0.
-0.000010182861089301025	2.3530754653549e-11	-82482.77723388045	2.4873813087630905e7	0.
-0.000015046317131952261	2.3530754653549e-11	-60699.42578567848	1.6097955843709644e7	0.
-0.000010030878087968174	2.3530754653549e-11	-83382.4577970472	2.5252719080250498e7	0.
-9.726912085302472e-6	2.3530754653549e-11	-85233.22340833934	2.6035464592862748e7	0.
-9.878895086635324e-6	2.3530754653549e-11	-84299.13850185071	2.5639868257310882e7	0.
-9.57492908396962e-6	2.3530754653549e-11	-86185.12629567452	2.64397154216241e7	0.
-9.42294608263677e-6	2.3530754653549e-11	-87155.27079663382	2.6852832769659936e7	0.
-4.559490039985534e-6	2.3530754653549e-11	-130896.99094506055	4.620426791636164e7	0.
-9.270963081303918e-6	2.3530754653549e-11	-88144.09052319662	2.7275034897614732e7	0.
-4.407507038652682e-6	2.3530754653549e-11	-132771.7021741917	4.704843787086502e7	0.
-9.118980079971068e-6	2.3530754653549e-11	-89152.02918202196	2.770653870958555e7	0.
-4.255524037319831e-6	2.3530754653549e-11	-134684.59385636292	4.790984591273096e7	0.
-8.966997078638216e-6	2.3530754653549e-11	-90179.5406785482	2.8147571682005744e7	0.
-4.10354103598698e-6	2.3530754653549e-11	-136636.33971731484	4.87886764424368e7	0.
-8.815014077305364e-6	2.3530754653549e-11	-91227.0892083584	2.8598362374183115e7	0.
-3.951558034654129e-6	2.3530754653549e-11	-138627.60883871248	4.968510101187468e7	0.
-8.663031075972514e-6	2.3530754653549e-11	-92295.14933437297	2.905914369966602e7	0.
-3.799575033321278e-6	2.3530754653549e-11	-140659.06433988005	5.059927667441356e7	0.
-8.511048074639662e-6	2.3530754653549e-11	-93384.20604834399	2.953015247362139e7	0.
-3.647592031988427e-6	2.3530754653549e-11	-142731.36201029265	5.153134638383441e7	0.
-8.359065073306812e-6	2.3530754653549e-11	-94494.75481503937	3.001162990020064e7	0.
-3.495609030655576e-6	2.3530754653549e-11	-144845.1488968052	5.248143691023966e7	0.
-8.20708207197396e-6	2.3530754653549e-11	-95627.30159741906	3.050381956970707e7	0.
-3.3436260293227246e-6	2.3530754653549e-11	-147001.06185023687	5.344966019058674e7	0.
-8.055099070641109e-6	2.3530754653549e-11	-96782.36286102037	3.100697024336769e7	0.
-3.1916430279898736e-6	2.3530754653549e-11	-149199.72603657073	5.4436107184242755e7	0.
-7.903116069308259e-6	2.3530754653549e-11	-97960.46555568623	3.152133199575794e7	0.
-3.0396600266570226e-6	2.3530754653549e-11	-151441.7534186699	5.544085398709257e7	0.
-7.751133067975407e-6	2.3530754653549e-11	-99162.14707269045	3.2047161264515344e7	0.
-2.8876770253241713e-6	2.3530754653549e-11	-153727.7412150337	5.646395406459111e7	0.
-7.599150066642556e-6	2.3530754653549e-11	-100387.95517523708	3.2584714032082755e7	0.
-2.7356940239913203e-6	2.3530754653549e-11	-156058.27034272387	5.750544192634171e7	0.
-7.447167065309705e-6	2.3530754653549e-11	-101638.44790024229	3.313424938972551e7	0.
-2.583711022658469e-6	2.3530754653549e-11	-158433.90385215776	5.8565332503737144e7	0.
-7.295184063976854e-6	2.3530754653549e-11	-102914.19342924218	3.369603212315858e7	0.
-2.431728021325618e-6	2.3530754653549e-11	-160855.18536199056	5.964361704370828e7	0.
-7.143201062644003e-6	2.3530754653549e-11	-104215.76992621538	3.427032474319364e7	0.
-2.279745019992767e-6	2.3530754653549e-11	-163322.6375027784	6.074026197968209e7	0.
-6.991218061311152e-6	2.3530754653549e-11	-105543.76534006582	3.485739234333555e7	0.
-2.1277620186599156e-6	2.3530754653549e-11	-165836.76037851532	6.1855216367743514e7	0.
-6.8392350599783e-6	2.3530754653549e-11	-106898.77716947741	3.545750408160555e7	0.
-1.9757790173270646e-6	2.3530754653549e-11	-168398.0300554606	6.298840021467088e7	0.
-6.687252058645449e-6	2.3530754653549e-11	-108281.41218783458	3.607092807895297e7	0.
-1.8237960159942135e-6	2.3530754653549e-11	-171006.8970879123	6.413971276237291e7	0.
-6.535269057312598e-6	2.3530754653549e-11	-109692.28612590111	3.6697932123024456e7	0.
-1.6718130146613623e-6	2.3530754653549e-11	-173663.78509071918	6.5309025693077795e7	0.
-6.383286055979747e-6	2.3530754653549e-11	-111132.02330996639	3.7338784569701105e7	0.
-1.5198300133285113e-6	2.3530754653549e-11	-176369.08936836148	6.649619072516446e7	0.
-6.231303054646896e-6	2.3530754653549e-11	-112601.2562532053	3.799375412797395e7	0.
-1.3678470119956601e-6	2.3530754653549e-11	-179123.17561035126	6.770102722406226e7	0.
-6.079320053314045e-6	2.3530754653549e-11	-114100.62519805891	3.866310746559219e7	0.
-1.215864010662809e-6	2.3530754653549e-11	-181926.3786625135	6.89233370159277e7	0.
-5.9273370519811935e-6	2.3530754653549e-11	-115630.77760753018	3.934710861461895e7	0.
-1.0638810093299578e-6	2.3530754653549e-11	-184779.00138339467	7.01628932814788e7	0.
-5.7753540506483425e-6	2.3530754653549e-11	-117192.36760340232	4.0046019862572595e7	0.
-9.118980079971067e-7	2.3530754653549e-11	-187681.31359461608	7.141944431828761e7	0.
-5.6233710493154915e-6	2.3530754653549e-11	-118786.05534953327	4.076010357081046e7	0.
-7.599150066642557e-7	2.3530754653549e-11	-190633.5511334401	7.269271784353551e7	0.
-5.4713880479826406e-6	2.3530754653549e-11	-120412.50637855536	4.148961208153598e7	0.
-6.079320053314045e-7	2.3530754653549e-11	-193635.9150151527	7.398241400379385e7	0.
-5.31940504664979e-6	2.3530754653549e-11	-122072.39086052409	4.2234798425608076e7	0.
-4.5594900399855336e-7	2.3530754653549e-11	-196688.57071209734	7.528820886678776e7	0.
-5.167422045316938e-6	2.3530754653549e-11	-123766.38281230433	4.2995909127592646e7	0.
-3.0396600266570224e-7	2.3530754653549e-11	-199791.64755532483	7.660975847253363e7	0.
-5.015439043984087e-6	2.3530754653549e-11	-125495.15924677187	4.377318237632407e7	0.
-1.5198300133285112e-7	2.3530754653549e-11	-202945.2382638669	7.794669684031771e7	0.
-4.863456042651236e-6	2.3530754653549e-11	-127259.39926123178	4.4566851065617114e7	0.
0.	2.3530754653549e-11	-206149.39860560966	7.929863694752334e7	0.
-4.711473041318385e-6	2.3530754653549e-11	-129059.78306482012	4.5377141168922275e7	0.
1.5198300133285112e-7	2.3530754653549e-11	-209404.14719265167	8.066517152165514e7	0.
3.0396600266570224e-7	2.3530754653549e-11	-212709.46541289432	8.204587310163419e7	0.
4.5594900399855336e-7	2.3530754653549e-11	-216065.2974984516	8.344029981256658e7	0.
5.4713880479826406e-6	2.3530754653549e-11	-352933.2278148066	1.3382786137154105e8	0.
6.079320053314045e-7	2.3530754653549e-11	-219471.55073029172	8.484798983901228e7	0.
5.6233710493154915e-6	2.3530754653549e-11	-357765.68571456935	1.353906585967718e8	0.
7.599150066642557e-7	2.3530754653549e-11	-222928.09577736392	8.626846998836178e7	0.
5.7753540506483425e-6	2.3530754653549e-11	-362630.9068972231	1.3695087805386502e8	0.
9.118980079971067e-7	2.3530754653549e-11	-226434.76716732467	8.770125031046122e7	0.
5.9273370519811935e-6	2.3530754653549e-11	-367528.2258301357	1.385082468780834e8	0.
1.0638810093299578e-6	2.3530754653549e-11	-229991.36388488795	8.914582964043763e7	0.
6.079320053314045e-6	2.3530754653549e-11	-372456.9823494492	1.400624916244511e8	0.
1.215864010662809e-6	2.3530754653549e-11	-233597.6500927916	9.060169895791298e7	0.
6.231303054646896e-6	2.3530754653549e-11	-377416.5223333804	1.4161336334253135e8	0.
1.3678470119956601e-6	2.3530754653549e-11	-237253.35596941406	9.206833508114626e7	0.
6.383286055979747e-6	2.3530754653549e-11	-382406.1983189262	1.4316061718011993e8	0.
1.5198300133285113e-6	2.3530754653549e-11	-240958.17865620906	9.354521365633073e7	0.
6.535269057312598e-6	2.3530754653549e-11	-387425.3700636457	1.4470402994353232e8	0.
1.6718130146613623e-6	2.3530754653549e-11	-244711.78330735155	9.503179694732237e7	0.
6.687252058645449e-6	2.3530754653549e-11	-392473.4050543639	1.4624338656529644e8	0.
1.8237960159942135e-6	2.3530754653549e-11	-248513.8042333294	9.652754778827523e7	0.
6.8392350599783e-6	2.3530754653549e-11	-397549.6789647915	1.4777848703173843e8	0.
1.9757790173270646e-6	2.3530754653549e-11	-252363.8461296625	9.80319240997415e7	0.
6.991218061311152e-6	2.3530754653549e-11	-402653.5760641647	1.4930913870327735e8	0.
2.1277620186599156e-6	2.3530754653549e-11	-256261.4853815019	9.954438346910608e7	0.
7.143201062644003e-6	2.3530754653549e-11	-407784.489579099	1.5083516957436794e8	0.
2.279745019992767e-6	2.3530754653549e-11	-260206.2714345498	1.0106438387389414e8	0.
7.295184063976854e-6	2.3530754653549e-11	-412941.82201091055	1.5235640905585703e8	0.
2.431728021325618e-6	2.3530754653549e-11	-264197.72822254663	1.0259138161709681e8	0.
7.447167065309705e-6	2.3530754653549e-11	-418124.9854106954	1.5387270552164996e8	0.
2.583711022658469e-6	2.3530754653549e-11	-268235.35564149864	1.041248394199644e8	0.
7.599150066642556e-6	2.3530754653549e-11	-423333.40161447495	1.553839165558186e8	0.
2.7356940239913203e-6	2.3530754653549e-11	-272318.6310608495	1.056642230418587e8	0.
7.751133067975407e-6	2.3530754653549e-11	-428566.5024407131	1.5688990894374636e8	0.
2.8876770253241713e-6	2.3530754653549e-11	-276447.01086194406	1.072090002070059e8	0.
7.903116069308259e-6	2.3530754653549e-11	-433823.7298524937	1.5839055733752516e8	0.
3.0396600266570226e-6	2.3530754653549e-11	-280619.93199436506	1.0875865143043917e8	0.
8.055099070641109e-6	2.3530754653549e-11	-439104.5360866125	1.598857493584494e8	0.
3.1916430279898736e-6	2.3530754653549e-11	-284836.81354105065	1.1031265586771315e8	0.
8.20708207197396e-6	2.3530754653549e-11	-444408.3837517959	1.6137537959701455e8	0.
3.3436260293227246e-6	2.3530754653549e-11	-289097.05828350154	1.1187051301321603e8	0.
8.359065073306812e-6	2.3530754653549e-11	-449734.7458982011	1.6285935630114532e8	0.
3.495609030655576e-6	2.3530754653549e-11	-293400.05425885465	1.13431721740881e8	0.
8.511048074639662e-6	2.3530754653549e-11	-455083.1060602904	1.643375888556325e8	0.
3.647592031988427e-6	2.3530754653549e-11	-297745.17630112683	1.1499579716057377e8	0.
8.663031075972514e-6	2.3530754653549e-11	-460452.9582751042	1.6580999837872386e8	0.
3.799575033321278e-6	2.3530754653549e-11	-302131.78755949903	1.1656226315062848e8	0.
8.815014077305364e-6	2.3530754653549e-11	-465843.8070778743	1.6727651624539706e8	0.
3.951558034654129e-6	2.3530754653549e-11	-306559.24098711624	1.1813065383906385e8	0.
8.966997078638216e-6	2.3530754653549e-11	-471255.16747684893	1.6873707753151357e8	0.
4.10354103598698e-6	2.3530754653549e-11	-311026.8807945033	1.1970051827457766e8	0.
9.118980079971068e-6	2.3530754653549e-11	-476686.56490910746	1.7019162676432276e8	0.
4.255524037319831e-6	2.3530754653549e-11	-315534.04386233614	1.2127141992444587e8	0.
9.270963081303918e-6	2.3530754653549e-11	-482137.5351790668	1.71640111394604e8	0.
4.407507038652682e-6	2.3530754653549e-11	-320080.06110894965	1.2284293042828402e8	0.
9.42294608263677e-6	2.3530754653549e-11	-487607.6243812888	1.730824875900321e8	0.
4.559490039985534e-6	2.3530754653549e-11	-324664.2588086033	1.2441464108113876e8	0.
9.57492908396962e-6	2.3530754653549e-11	-493096.3888091142	1.7451872039819625e8	0.
4.711473041318385e-6	2.3530754653549e-11	-329285.95985714765	1.2598615583200681e8	0.
9.726912085302472e-6	2.3530754653549e-11	-498603.39485056384	1.759487764684549e8	0.
4.863456042651236e-6	2.3530754653549e-11	-333944.48498234403	1.2755708744031927e8	0.
9.878895086635324e-6	2.3530754653549e-11	-504128.21887286	1.7737262932710364e8	0.
5.015439043984087e-6	2.3530754653549e-11	-338639.15389666887	1.2912707125390138e8	0.
0.000010030878087968174	2.3530754653549e-11	-509670.44709684124	1.787902574382206e8	0.
5.167422045316938e-6	2.3530754653549e-11	-343369.28639098606	1.3069575207955989e8	0.
0.000010182861089301025	2.3530754653549e-11	-515229.6754624593	1.8020164426979202e8	0.
5.31940504664979e-6	2.3530754653549e-11	-348134.2033679907	1.3226279203150511e8	0.
0.000010334844090633876	2.3530754653549e-11	-520805.50948646996	1.816067776756782e8	0.
0.000010486827091966727	2.3530754653549e-11	-526397.5641133537	1.830056486705646e8	0.
0.000015502266135950813	2.3530754653549e-11	-717997.7210870953	2.257705312222092e8	0.
0.00001063881009329958	2.3530754653549e-11	-532005.4635604268	1.8439825877717468e8	0.
0.000015654249137283665	2.3530754653549e-11	-723968.4824453611	2.26969973027568e8	0.
0.00001079079309463243	2.3530754653549e-11	-537628.8411580337	1.8578460134921578e8	0.
0.000015806232138616517	2.3530754653549e-11	-729946.6398019937	2.2816421968945864e8	0.
0.000010942776095965281	2.3530754653549e-11	-543267.3391856474	1.8716468140432587e8	0.
0.00001595821513994937	2.3530754653549e-11	-735932.0394721354	2.2935331026468065e8	0.
0.000011094759097298131	2.3530754653549e-11	-548920.6087046346	1.8853851031625324e8	0.
0.000016110198141282217	2.3530754653549e-11	-741924.5316112088	2.3053728683548275e8	0.
0.000011246742098630983	2.3530754653549e-11	-554588.3093883857	1.8990609106995654e8	0.
0.00001626218114261507	2.3530754653549e-11	-747923.9701101019	2.3171620368964088e8	0.
0.000011398725099963835	2.3530754653549e-11	-560270.109350453	1.9126744375243536e8	0.
0.00001641416414394792	2.3530754653549e-11	-753930.2124931111	2.3289009466149032e8	0.
0.000011550708101296685	2.3530754653549e-11	-565965.6849712797	1.9262258035455534e8	0.
0.000016566147145280773	2.3530754653549e-11	-759943.1198186021	2.340590111535913e8	0.
0.000011702691102629537	2.3530754653549e-11	-571674.7207240602	1.9397152053294277e8	0.
0.000016718130146613624	2.3530754653549e-11	-765962.556582331	2.352229931270476e8	0.
0.000011854674103962387	2.3530754653549e-11	-577396.9090002155	1.9531428834552675e8	0.
0.000016870113147946473	2.3530754653549e-11	-771988.3906233817	2.3638207890797743e8	0.
0.000012006657105295239	2.3530754653549e-11	-583131.9499349259	1.9665090006449255e8	0.
0.000017022096149279325	2.3530754653549e-11	-778020.4930326623	2.3753632115917468e8	0.
0.00001215864010662809	2.3530754653549e-11	-588879.5512331239	1.9798138544266194e8	0.
0.000017174079150612177	2.3530754653549e-11	-784058.7380639081	2.3868575324383268e8	0.
0.00001231062310796094	2.3530754653549e-11	-594639.4279963023	1.9930577036315867e8	0.
0.00001732606215194503	2.3530754653549e-11	-790103.0030471394	2.3983042529361588e8	0.
0.000012462606109293792	2.3530754653549e-11	-600411.3025504656	2.006240862784233e8	0.
0.00001747804515327788	2.3530754653549e-11	-796153.1683045177	2.4097037539363894e8	0.
0.000012614589110626643	2.3530754653549e-11	-606194.9042755094	2.0193635567278206e8	0.
0.00001763002815461073	2.3530754653549e-11	-802209.1170685464	2.4210565197102016e8	0.
0.000012766572111959494	2.3530754653549e-11	-611989.9694362894	2.0324261847524643e8	0.
0.00001778201115594358	2.3530754653549e-11	-808270.7354025604	2.432362908953888e8	0.
0.000012918555113292345	2.3530754653549e-11	-617796.2410156019	2.0454290548178053e8	0.
0.000017933994157276432	2.3530754653549e-11	-814337.9121234514	2.443623338914908e8	0.
0.000013070538114625196	2.3530754653549e-11	-623613.4685492817	2.0583725254467058e8	0.
0.000018085977158609284	2.3530754653549e-11	-820410.5387265726	2.4548382880763575e8	0.
0.000013222521115958048	2.3530754653549e-11	-629441.407963588	2.0712569040645632e8	0.
0.000018237960159942136	2.3530754653549e-11	-826488.5093127704	2.4660080824552926e8	0.
0.000013374504117290898	2.3530754653549e-11	-635279.8214150337	2.084082622797859e8	0.
0.000018389943161274984	2.3530754653549e-11	-832571.7205174874	2.477133218415326e8	0.
0.00001352648711862375	2.3530754653549e-11	-641128.4771327853	2.0968500602244774e8	0.
0.000018541926162607836	2.3530754653549e-11	-838660.0714418849	2.4882140127770156e8	0.
0.0000136784701199566	2.3530754653549e-11	-646987.1492637465	2.1095595394324523e8	0.
0.000018693909163940688	2.3530754653549e-11	-844753.4635859322	2.499250934104362e8	0.
0.000013830453121289452	2.3530754653549e-11	-652855.6177204185	2.1222114963308442e8	0.
0.00001884589216527354	2.3530754653549e-11	-850851.80078341	2.5102443597798592e8	0.
0.000013982436122622304	2.3530754653549e-11	-658733.6680316117	2.134806343639217e8	0.
0.00001899787516660639	2.3530754653549e-11	-856954.9891387767	2.521194708311793e8	0.
0.000014134419123955154	2.3530754653549e-11	-664621.091196072	2.1473444776896238e8	0.
0.00001914985816793924	2.3530754653549e-11	-863062.9369658482	2.5321023263654613e8	0.
0.000014286402125288006	2.3530754653549e-11	-670517.6835390697	2.159826292928524e8	0.
0.000019301841169272092	2.3530754653549e-11	-869175.5547282415	2.542967625265648e8	0.
0.000014438385126620856	2.3530754653549e-11	-676423.246571985	2.1722522493544546e8	0.
0.000019453824170604944	2.3530754653549e-11	-875292.7549815321	2.553790967042055e8	0.
0.000014590368127953708	2.3530754653549e-11	-682337.5868549161	2.1846227718149546e8	0.
0.000019605807171937795	2.3530754653549e-11	-881414.4523170786	2.5645727803125232e8	0.
0.00001474235112928656	2.3530754653549e-11	-688260.5158623233	2.196938244712491e8	0.
0.000019757790173270647	2.3530754653549e-11	-887540.5633074685	2.5753134180271435e8	0.
0.00001489433413061941	2.3530754653549e-11	-694191.8498517148	2.2091991206894422e8	0.
0.000019909773174603496	2.3530754653549e-11	-893671.0064535381	2.5860132806037873e8	0.
0.000015046317131952261	2.3530754653549e-11	-700131.4097353695	2.2214058083332822e8	0.
0.000020061756175936347	2.3530754653549e-11	-899805.7021329212	2.5966726907368904e8	0.
0.000015198300133285111	2.3530754653549e-11	-706079.0209550889	2.2335587897116548e8	0.
0.0000202137391772692	2.3530754653549e-11	-905944.5725500855	2.6072920385180375e8	0.
0.00001535028313461796	2.3530754653549e-11	-712034.5133599581	2.2456584775044307e8	0.
0.00002036572217860205	2.3530754653549e-11	-912087.5416878107	2.6178716641743675e8	0.
0.000020517705179934903	2.3530754653549e-11	-918234.5352600694	2.628411975417165e8	0.
0.00002553314422391899	2.3530754653549e-11	-1.1229415672875752e6	2.9563147704167265e8	0.
0.00002066968818126775	2.3530754653549e-11	-924385.4806662665	2.6389132826905623e8	0.
0.00002568512722525184	2.3530754653549e-11	-1.1291910254595089e6	2.965706018687807e8	0.
0.000020821671182600603	2.3530754653549e-11	-930540.3069468028	2.6493759808102804e8	0.
0.00002583711022658469	2.3530754653549e-11	-1.1354427156865133e6	2.975068349131187e8	0.
0.000020973654183933455	2.3530754653549e-11	-936698.9447399172	2.6598004183743128e8	0.
0.00002598909322791754	2.3530754653549e-11	-1.1416966036365e6	2.984401959820853e8	0.
0.000021125637185266307	2.3530754653549e-11	-942861.3262397752	2.6701868983817366e8	0.
0.000026141076229250393	2.3530754653549e-11	-1.1479526556536795e6	2.9937070876342994e8	0.
0.00002127762018659916	2.3530754653549e-11	-949027.385155766	2.6805357840147248e8	0.
0.000026293059230583244	2.3530754653549e-11	-1.1542108387426215e6	3.002983986990204e8	0.
0.000021429603187932007	2.3530754653549e-11	-955197.0566729687	2.690847411405024e8	0.
0.000026445042231916096	2.3530754653549e-11	-1.1604711205527426e6	3.0122328487199986e8	0.
0.00002158158618926486	2.3530754653549e-11	-961370.2774137587	2.701122116572256e8	0.
0.000026597025233248945	2.3530754653549e-11	-1.1667334693632114e6	3.0214539229624236e8	0.
0.00002173356919059771	2.3530754653549e-11	-967546.9854005143	2.711360206375509e8	0.
0.000026749008234581796	2.3530754653549e-11	-1.172997854068257e6	3.0306474116877353e8	0.
0.000021885552191930562	2.3530754653549e-11	-973727.1200193962	2.721562073252347e8	0.
0.000026900991235914648	2.3530754653549e-11	-1.1792642441628696e6	3.039813579597093e8	0.
0.000022037535193263414	2.3530754653549e-11	-979910.6219851628	2.731727974955626e8	0.
0.0000270529742372475	2.3530754653549e-11	-1.185532609728883e6	3.048952647897721e8	0.
0.000022189518194596263	2.3530754653549e-11	-986097.4333069952	2.74185823205566e8	0.
0.000027204957238580352	2.3530754653549e-11	-1.191802921421424e6	3.058064773534302e8	0.
0.000022341501195929114	2.3530754653549e-11	-992287.497255297	2.751953203564132e8	0.
0.0000273569402399132	2.3530754653549e-11	-1.198075150455724e6	3.06715023245624e8	0.
0.000022493484197261966	2.3530754653549e-11	-998480.7583294427	2.7620131801487887e8	0.
0.000027508923241246052	2.3530754653549e-11	-1.2043492685942752e6	3.0762092186563176e8	0.
0.000022645467198594818	2.3530754653549e-11	-1.0046771622264442e6	2.772038450305101e8	0.
0.000027660906242578904	2.3530754653549e-11	-1.2106252481343271e6	3.085241959964603e8	0.
0.00002279745019992767	2.3530754653549e-11	-1.0108766558105112e6	2.782029379698129e8	0.
0.000027812889243911756	2.3530754653549e-11	-1.2169030618957097e6	3.094248605576548e8	0.
0.000022949433201260518	2.3530754653549e-11	-1.0170791870834719e6	2.791986210665614e8	0.
0.000027964872245244608	2.3530754653549e-11	-1.223182683208977e6	3.103229421403078e8	0.
0.00002310141620259337	2.3530754653549e-11	-1.0232847051560371e6	2.801909241704663e8	0.
0.000028116855246577456	2.3530754653549e-11	-1.2294640859038578e6	3.1121845921076024e8	0.
0.000023253399203926222	2.3530754653549e-11	-1.0294931602198737e6	2.811798828281956e8	0.
0.000028268838247910308	2.3530754653549e-11	-1.2357472442980085e6	3.12111431584593e8	0.
0.000023405382205259074	2.3530754653549e-11	-1.0357045035204676e6	2.8216552008826023e8	0.
0.00002842082124924316	2.3530754653549e-11	-1.242032133186056e6	3.1300187931150943e8	0.
0.000023557365206591925	2.3530754653549e-11	-1.0419186873307538e6	2.831478649574929e8	0.
0.00002857280425057601	2.3530754653549e-11	-1.2483187278289264e6	3.1388982195497274e8	0.
0.000023709348207924774	2.3530754653549e-11	-1.0481356649254854e6	2.8412695188331634e8	0.
0.000028724787251908863	2.3530754653549e-11	-1.2546070039434459e6	3.147752811421612e8	0.
0.000023861331209257626	2.3530754653549e-11	-1.0543553905563233e6	2.8510280095704716e8	0.
0.00002887677025324171	2.3530754653549e-11	-1.2608969376922103e6	3.1565826769615406e8	0.
0.000024013314210590477	2.3530754653549e-11	-1.0605778194276243e6	2.8607544812020516e8	0.
0.000029028753254574563	2.3530754653549e-11	-1.2671885056737163e6	3.1653881264558727e8	0.
0.00002416529721192333	2.3530754653549e-11	-1.0668029076729037e6	2.8704491290179133e8	0.
0.000029180736255907415	2.3530754653549e-11	-1.2734816849127403e6	3.1741693157341343e8	0.
0.00002431728021325618	2.3530754653549e-11	-1.0730306123319573e6	2.880112285060401e8	0.
0.000029332719257240267	2.3530754653549e-11	-1.279776452850965e6	3.18292633279108e8	0.
0.00002446926321458903	2.3530754653549e-11	-1.0792608913286175e6	2.889744244537642e8	0.
0.00002948470225857312	2.3530754653549e-11	-1.286072787337846e6	3.191659434491445e8	0.
0.00002462124621592188	2.3530754653549e-11	-1.0854937034491268e6	2.899345157493334e8	0.
0.000029636685259905967	2.3530754653549e-11	-1.292370666621705e6	3.2003688213152987e8	0.
0.000024773229217254733	2.3530754653549e-11	-1.091729008321113e6	2.9089153592853206e8	0.
0.00002978866826123882	2.3530754653549e-11	-1.298670069341052e6	3.209054649055432e8	0.
0.000024925212218587585	2.3530754653549e-11	-1.0979667663931416e6	2.918455149246783e8	0.
0.00002994065126257167	2.3530754653549e-11	-1.304970974516123e6	3.2177170607897586e8	0.
0.000025077195219920433	2.3530754653549e-11	-1.1042069389148334e6	2.9279647440650785e8	0.
0.000030092634263904523	2.3530754653549e-11	-1.3112733615406314e6	3.2263563019556403e8	0.
0.000025229178221253285	2.3530754653549e-11	-1.1104494879175294e6	2.937444347282802e8	0.
0.000030244617265237375	2.3530754653549e-11	-1.3175772101737256e6	3.2349725117941284e8	0.
0.000025381161222586137	2.3530754653549e-11	-1.1166943761954843e6	2.946894259810534e8	0.
0.000030396600266570223	2.3530754653549e-11	-1.3238825005321468e6	3.2435658964154786e8	0.
