# Filename	C:\Users\edmag\Documents\Work\2D-Comp-Model\computation\Turning Timeresults\2018-02-05T05-39-02.txt
# Source	C:\Users\edmag\Documents\Work\2D-Comp-Model\computation\Turning Time\turning.nb
# Note	1D calculation of turning time vs. field and orbit energy.
# Date	2018-02-05T05:39:02
# Dir	-1
# field	4.7061509307098e-11
# zi	-6.
W	field	zt	t	argt
-0.000030396600266570223	4.7061509307098e-11	-31374.393039961906	6.068362700517838e6	0.
-0.000025229178221253285	4.7061509307098e-11	-37072.89527684416	7.74358376405167e6	0.
-0.000030244617265237375	4.7061509307098e-11	-31517.99962135639	6.109138793194481e6	0.
-0.000025077195219920433	4.7061509307098e-11	-37270.07025225406	7.803532452692002e6	0.
-0.000030092634263904523	4.7061509307098e-11	-31662.86737384493	6.150356664755506e6	0.
-0.000024925212218587585	4.7061509307098e-11	-37469.223137914305	7.8642095138637535e6	0.
-0.00002994065126257167	4.7061509307098e-11	-31809.012190738795	6.192011179169567e6	0.
-0.000024773229217254733	4.7061509307098e-11	-37670.38185156913	7.925625945037659e6	0.
-0.00002978866826123882	4.7061509307098e-11	-31956.450219365797	6.234118596105044e6	0.
-0.00002462124621592188	4.7061509307098e-11	-37873.57479815996	7.987793989375451e6	0.
-0.000029636685259905967	4.7061509307098e-11	-32105.19786584745	6.2766823722814005e6	0.
-0.00002446926321458903	4.7061509307098e-11	-38078.83087945315	8.0507251698708385e6	0.
-0.00002948470225857312	4.7061509307098e-11	-32255.27179997636	6.319710580984187e6	0.
-0.00002431728021325618	4.7061509307098e-11	-38286.17950386417	8.114432093409017e6	0.
-0.000029332719257240267	4.7061509307098e-11	-32406.688960194682	6.363208728667466e6	0.
-0.00002416529721192333	4.7061509307098e-11	-38495.650596481435	8.178927394582582e6	0.
-0.000029180736255907415	4.7061509307098e-11	-32559.46655867721	6.407184269750841e6	0.
-0.000024013314210590477	4.7061509307098e-11	-38707.27460929306	8.244223177286408e6	0.
-0.000029028753254574563	4.7061509307098e-11	-32713.622086519987	6.451643034570308e6	0.
-0.000023861331209257626	4.7061509307098e-11	-38921.08253162062	8.310333151146647e6	0.
-0.00002887677025324171	4.7061509307098e-11	-32869.17331903804	6.496593485001056e6	0.
-0.000023709348207924774	4.7061509307098e-11	-39137.105900762246	8.377269334163825e6	0.
-0.000028724787251908863	4.7061509307098e-11	-33026.13832117303	6.542041941435e6	0.
-0.000023557365206591925	4.7061509307098e-11	-39355.37681284987	8.445046322878946e6	0.
-0.00002857280425057601	4.7061509307098e-11	-33184.5354530148	6.58799581392983e6	0.
-0.000023405382205259074	4.7061509307098e-11	-39575.927933922445	8.513677200893512e6	0.
-0.00002842082124924316	4.7061509307098e-11	-33344.38337543813	6.634463327709798e6	0.
-0.000023253399203926222	4.7061509307098e-11	-39798.79251121994	8.583176143533146e6	0.
-0.000028268838247910308	4.7061509307098e-11	-33505.701055857164	6.681450976828781e6	0.
-0.00002310141620259337	4.7061509307098e-11	-40024.0043847005	8.65355690311004e6	0.
-0.000028116855246577456	4.7061509307098e-11	-33668.5077741011	6.728967348740663e6	0.
-0.000022949433201260518	4.7061509307098e-11	-40251.59799878471	8.72483445931674e6	0.
-0.000027964872245244608	4.7061509307098e-11	-33832.82312841207	6.77702007793455e6	0.
-0.00002279745019992767	4.7061509307098e-11	-40481.60841432966	8.797023775324108e6	0.
-0.000027812889243911756	4.7061509307098e-11	-33998.66704156924	6.82561815036901e6	0.
-0.000022645467198594818	4.7061509307098e-11	-40714.0713208365	8.870138706362175e6	0.
-0.000027660906242578904	4.7061509307098e-11	-34166.05976714064	6.874766631236911e6	0.
-0.000022493484197261966	4.7061509307098e-11	-40949.023048894654	8.944195959519437e6	0.
-0.000027508923241246052	4.7061509307098e-11	-34335.0218958667	6.924477807519459e6	0.
-0.000022341501195929114	4.7061509307098e-11	-41186.50058286523	9.019210006854426e6	0.
-0.0000273569402399132	4.7061509307098e-11	-34505.574362176245	6.974756901918293e6	0.
-0.000022189518194596263	4.7061509307098e-11	-41426.541573807466	9.095197563807607e6	0.
-0.000027204957238580352	4.7061509307098e-11	-34677.7384508402	7.02561475723781e6	0.
-0.000022037535193263414	4.7061509307098e-11	-41669.184352650394	9.172174389956864e6	0.
-0.0000270529742372475	4.7061509307098e-11	-34851.535803763436	7.077058975283485e6	0.
-0.000021885552191930562	4.7061509307098e-11	-41914.46794361311	9.25015734351313e6	0.
-0.000026900991235914648	4.7061509307098e-11	-35026.98842691943	7.129099304163003e6	0.
-0.00002173356919059771	4.7061509307098e-11	-42162.43207787591	9.329162806699052e6	0.
-0.000026749008234581796	4.7061509307098e-11	-35204.11869742933	7.181744228912507e6	0.
-0.00002158158618926486	4.7061509307098e-11	-42413.117207505304	9.40920852633373e6	0.
-0.000026597025233248945	4.7061509307098e-11	-35382.949370789385	7.2350032324717445e6	0.
-0.000021429603187932007	4.7061509307098e-11	-42666.56451963495	9.490311742603857e6	0.
-0.000026445042231916096	4.7061509307098e-11	-35563.503588248954	7.288885580426367e6	0.
-0.00002127762018659916	4.7061509307098e-11	-42922.81595090509	9.572490173041495e6	0.
-0.000026293059230583244	4.7061509307098e-11	-35745.80488434261	7.343401203243638e6	0.
-0.000021125637185266307	4.7061509307098e-11	-43181.91420216249	9.655761725017449e6	0.
-0.000026141076229250393	4.7061509307098e-11	-35929.877194579014	7.39855975886011e6	0.
-0.000020973654183933455	4.7061509307098e-11	-43443.90275342281	9.740145644658241e6	0.
-0.00002598909322791754	4.7061509307098e-11	-36115.744863290056	7.454371115547381e6	0.
-0.000020821671182600603	4.7061509307098e-11	-43708.82587909698	9.825660028302874e6	0.
-0.00002583711022658469	4.7061509307098e-11	-36303.432651643125	7.510845651492296e6	0.
-0.00002066968818126775	4.7061509307098e-11	-43976.728663483475	9.912324868939603e6	0.
-0.00002568512722525184	4.7061509307098e-11	-36492.96574581969	7.567993339800659e6	0.
-0.000020517705179934903	4.7061509307098e-11	-44247.65701652713	1.000015924300831e7	0.
-0.00002553314422391899	4.7061509307098e-11	-36684.36976536373	7.625825619222006e6	0.
-0.00002036572217860205	4.7061509307098e-11	-44521.65768984606	1.0089182822997844e7	0.
-0.000025381161222586137	4.7061509307098e-11	-36877.67077170251	7.684351884326857e6	0.
-0.0000202137391772692	4.7061509307098e-11	-44798.77829302703	1.017941735487332e7	0.
-0.000020061756175936347	4.7061509307098e-11	-45079.067310189326	1.0270881124051e7	0.
-0.00001489433413061941	4.7061509307098e-11	-56907.18878336696	1.429057919834766e7	0.
-0.000019909773174603496	4.7061509307098e-11	-45362.57411681827	1.0363598319743684e7	0.
-0.00001474235112928656	4.7061509307098e-11	-57337.08023046282	1.4441769732317949e7	0.
-0.000019757790173270647	4.7061509307098e-11	-45649.34899686619	1.0457587870058378e7	0.
-0.000014590368127953708	4.7061509307098e-11	-57772.627696714684	1.4595259920955883e7	0.
-0.000019605807171937795	4.7061509307098e-11	-45939.44316012216	1.0552873256917141e7	0.
-0.000014438385126620856	4.7061509307098e-11	-58213.925733937875	1.4751090971183002e7	0.
-0.000019453824170604944	4.7061509307098e-11	-46232.908759847516	1.0649476238048442e7	0.
-0.000014286402125288006	4.7061509307098e-11	-58661.07053651483	1.4909302542987226e7	0.
-0.000019301841169272092	4.7061509307098e-11	-46529.79891067665	1.0747419969029665e7	0.
-0.000014134419123955154	4.7061509307098e-11	-59114.15996078716	1.5069937700125346e7	0.
-0.00001914985816793924	4.7061509307098e-11	-46830.16770678035	1.084672734001895e7	0.
-0.000013982436122622304	4.7061509307098e-11	-59573.29354394872	1.52330369679456e7	0.
-0.00001899787516660639	4.7061509307098e-11	-47134.070240289206	1.0947421800071323e7	0.
-0.000013830453121289452	4.7061509307098e-11	-60038.57252238224	1.539864467280525e7	0.
-0.00001884589216527354	4.7061509307098e-11	-47441.56261997395	1.1049528493551703e7	0.
-0.0000136784701199566	4.7061509307098e-11	-60510.099849376435	1.5566803796272397e7	0.
-0.000018693909163940688	4.7061509307098e-11	-47752.701990178175	1.1153071445248168e7	0.
-0.00001352648711862375	4.7061509307098e-11	-60987.98021215954	1.5737558803914722e7	0.
-0.000018541926162607836	4.7061509307098e-11	-48067.54654999991	1.1258075118808664e7	0.
-0.000013374504117290898	4.7061509307098e-11	-61472.320048180045	1.591095365577865e7	0.
-0.000018389943161274984	4.7061509307098e-11	-48386.15557271617	1.1364566175393188e7	0.
-0.000013222521115958048	4.7061509307098e-11	-61963.22756056329	1.6087034276012681e7	0.
-0.000018237960159942136	4.7061509307098e-11	-48708.58942544427	1.1472569670530766e7	0.
-0.000013070538114625196	4.7061509307098e-11	-62460.81273266804	1.6265846972562203e7	0.
-0.000018085977158609284	4.7061509307098e-11	-49034.909589034054	1.1582113095215177e7	0.
-0.000012918555113292345	4.7061509307098e-11	-62965.18734166422	1.6447438396084674e7	0.
-0.000017933994157276432	4.7061509307098e-11	-49365.178678182245	1.1693221363935614e7	0.
-0.000012766572111959494	4.7061509307098e-11	-63476.46497104903	1.6631855651148025e7	0.
-0.00001778201115594358	4.7061509307098e-11	-49699.46046176169	1.1805925102852e7	0.
-0.000012614589110626643	4.7061509307098e-11	-63994.7610220152	1.6819146228972223e7	0.
-0.00001763002815461073	4.7061509307098e-11	-50037.81988335445	1.1920248820370775e7	0.
-0.000012462606109293792	4.7061509307098e-11	-64520.19272358088	1.7009358914393805e7	0.
-0.00001747804515327788	4.7061509307098e-11	-50380.32308198012	1.2036223869368827e7	0.
-0.00001231062310796094	4.7061509307098e-11	-65052.87914138758	1.720254324204135e7	0.
-0.00001732606215194503	4.7061509307098e-11	-50727.03741300594	1.2153877751461836e7	0.
-0.00001215864010662809	4.7061509307098e-11	-65592.94118506776	1.7398748423821304e7	0.
-0.000017174079150612177	4.7061509307098e-11	-51078.031469227564	1.2273240566348715e7	0.
-0.000012006657105295239	4.7061509307098e-11	-66140.50161408137	1.759802535024475e7	0.
-0.000017022096149279325	4.7061509307098e-11	-51433.3751021055	1.239434298233739e7	0.
-0.000011854674103962387	4.7061509307098e-11	-66695.68504191487	1.7800424186999235e7	0.
-0.000016870113147946473	4.7061509307098e-11	-51793.13944314257	1.2517214703318838e7	0.
-0.000011702691102629537	4.7061509307098e-11	-67258.61793853441	1.800599677621611e7	0.
-0.000016718130146613624	4.7061509307098e-11	-52157.396925385925	1.264188720957099e7	0.
-0.000011550708101296685	4.7061509307098e-11	-67829.42863097963	1.8214794788638126e7	0.
-0.000016566147145280773	4.7061509307098e-11	-52526.221305035346	1.2768392113295814e7	0.
-0.000011398725099963835	4.7061509307098e-11	-68408.24730198167	1.842687136935166e7	0.
-0.00001641416414394792	4.7061509307098e-11	-52899.68768313864	1.2896762163616639e7	0.
-0.000011246742098630983	4.7061509307098e-11	-68995.20598648519	1.8642277911447793e7	0.
-0.00001626218114261507	4.7061509307098e-11	-53277.872527353116	1.3027030247707417e7	0.
-0.000011094759097298131	4.7061509307098e-11	-69590.43856595097	1.886106872369761e7	0.
-0.000016110198141282217	4.7061509307098e-11	-53660.85369375041	1.3159229993364839e7	0.
-0.000010942776095965281	4.7061509307098e-11	-70194.08076031157	1.9083297708216522e7	0.
-0.00001595821513994937	4.7061509307098e-11	-54048.710448640304	1.3293395113783319e7	0.
-0.00001079079309463243	4.7061509307098e-11	-70806.27011745053	1.9309018820659325e7	0.
-0.000015806232138616517	4.7061509307098e-11	-54441.523490387495	1.3429561003587602e7	0.
-0.00001063881009329958	4.7061509307098e-11	-71427.14600007188	1.953828675588578e7	0.
-0.000015654249137283665	4.7061509307098e-11	-54839.374971192665	1.3567761840147007e7	0.
-0.000010486827091966727	4.7061509307098e-11	-72056.8495698242	1.97711567287082e7	0.
-0.000015502266135950813	4.7061509307098e-11	-55242.34851880853	1.3708034324666115e7	0.
-0.000010334844090633876	4.7061509307098e-11	-72695.52376854123	2.0007683403418995e7	0.
-0.00001535028313461796	4.7061509307098e-11	-55650.52925815778	1.3850414617015937e7	0.
-0.000010182861089301025	4.7061509307098e-11	-73343.31329645895	2.0247923479118634e7	0.
-0.000015198300133285111	4.7061509307098e-11	-56064.00383281911	1.39949403594352e7	0.
-0.000010030878087968174	4.7061509307098e-11	-74000.3645872669	2.049193135333246e7	0.
-0.000015046317131952261	4.7061509307098e-11	-56482.860426344225	1.41416492868319e7	0.
-9.878895086635324e-6	4.7061509307098e-11	-74666.82577985112	2.0739764433442455e7	0.
-9.726912085302472e-6	4.7061509307098e-11	-75342.84668658384	2.099147857289508e7	0.
-4.559490039985534e-6	4.7061509307098e-11	-105166.11545846419	3.2241935568216216e7	0.
-9.57492908396962e-6	4.7061509307098e-11	-76028.57875801613	2.1247129414263625e7	0.
-4.407507038652682e-6	4.7061509307098e-11	-106279.29029553814	3.266160839750141e7	0.
-9.42294608263677e-6	4.7061509307098e-11	-76724.1750438289	2.15067738350428e7	0.
-4.255524037319831e-6	4.7061509307098e-11	-107407.90153868489	3.308673115219731e7	0.
-9.270963081303918e-6	4.7061509307098e-11	-77429.79014989882	2.1770468994863693e7	0.
-4.10354103598698e-6	4.7061509307098e-11	-108552.09714519624	3.35173130001945e7	0.
-9.118980079971068e-6	4.7061509307098e-11	-78145.58019133654	2.2038270930870052e7	0.
-3.951558034654129e-6	4.7061509307098e-11	-109712.02213519899	3.395336160958824e7	0.
-8.966997078638216e-6	4.7061509307098e-11	-78871.70274135802	2.231023505512739e7	0.
-3.799575033321278e-6	4.7061509307098e-11	-110887.81839586994	3.439488005093253e7	0.
-8.815014077305364e-6	4.7061509307098e-11	-79608.31677585107	2.2586419086391054e7	0.
-3.647592031988427e-6	4.7061509307098e-11	-112079.62448558524	3.484186984324903e7	0.
-8.663031075972514e-6	4.7061509307098e-11	-80355.5826135035	2.286687764550208e7	0.
-3.495609030655576e-6	4.7061509307098e-11	-113287.57543854069	3.5294328410559826e7	0.
-8.511048074639662e-6	4.7061509307098e-11	-81113.66185136451	2.3151667555919092e7	0.
-3.3436260293227246e-6	4.7061509307098e-11	-114511.80257039957	3.575224880466034e7	0.
-8.359065073306812e-6	4.7061509307098e-11	-81882.7172957146	2.3440844347661823e7	0.
-3.1916430279898736e-6	4.7061509307098e-11	-115752.43328554084	3.621562302965849e7	0.
-8.20708207197396e-6	4.7061509307098e-11	-82662.91288812768	2.3734462284185577e7	0.
-3.0396600266570226e-6	4.7061509307098e-11	-117009.59088649499	3.668443713137976e7	0.
-8.055099070641109e-6	4.7061509307098e-11	-83454.41362661493	2.4032577129341368e7	0.
-2.8876770253241713e-6	4.7061509307098e-11	-118283.39438616636	3.7158674988324955e7	0.
-7.903116069308259e-6	4.7061509307098e-11	-84257.38548174872	2.433524161321351e7	0.
-2.7356940239913203e-6	4.7061509307098e-11	-119573.95832344968	3.763831740603074e7	0.
-7.751133067975407e-6	4.7061509307098e-11	-85071.99530767537	2.46425095301445e7	0.
-2.583711022658469e-6	4.7061509307098e-11	-120881.39258285362	3.812333970297441e7	0.
-7.599150066642556e-6	4.7061509307098e-11	-85898.4107479346	2.4954434440027386e7	0.
-2.431728021325618e-6	4.7061509307098e-11	-122205.80221874703	3.861371499905039e7	0.
-7.447167065309705e-6	4.7061509307098e-11	-86736.80013601642	2.5271067660115846e7	0.
-2.279745019992767e-6	4.7061509307098e-11	-123547.28728484192	3.910941219715185e7	0.
-7.295184063976854e-6	4.7061509307098e-11	-87587.33239059936	2.5592459839235116e7	0.
-2.1277620186599156e-6	4.7061509307098e-11	-124905.94266952264	3.961039711939465e7	0.
-7.143201062644003e-6	4.7061509307098e-11	-88450.17690542754	2.5918662042555228e7	0.
-1.9757790173270646e-6	4.7061509307098e-11	-126281.85793762234	4.011663093665352e7	0.
-6.991218061311152e-6	4.7061509307098e-11	-89325.50343379962	2.624972269629147e7	0.
-1.8237960159942135e-6	4.7061509307098e-11	-127675.11717923594	4.062807160160443e7	0.
-6.8392350599783e-6	4.7061509307098e-11	-90213.48196766032	2.658568947895214e7	0.
-1.6718130146613623e-6	4.7061509307098e-11	-129085.79886614232	4.114467365354804e7	0.
-6.687252058645449e-6	4.7061509307098e-11	-91114.28261130207	2.6926610397923477e7	0.
-1.5198300133285113e-6	4.7061509307098e-11	-130513.97571638964	4.166638803045789e7	0.
-6.535269057312598e-6	4.7061509307098e-11	-92028.07544970397	2.727252940737401e7	0.
-1.3678470119956601e-6	4.7061509307098e-11	-131959.71456757368	4.2193160269362934e7	0.
-6.383286055979747e-6	4.7061509307098e-11	-92955.0304115565	2.7623491057363767e7	0.
-1.215864010662809e-6	4.7061509307098e-11	-133423.07625931298	4.2724935028942145e7	0.
-6.231303054646896e-6	4.7061509307098e-11	-93895.31712704033	2.79795378573852e7	0.
-1.0638810093299578e-6	4.7061509307098e-11	-134904.115525393	4.326165176207186e7	0.
-6.079320053314045e-6	4.7061509307098e-11	-94849.10478045217	2.8340709748299964e7	0.
-9.118980079971067e-7	4.7061509307098e-11	-136402.8808960188	4.380324513934725e7	0.
-5.9273370519811935e-6	4.7061509307098e-11	-95816.56195779321	2.8707046951194018e7	0.
-7.599150066642557e-7	4.7061509307098e-11	-137919.41461057862	4.4349650416373074e7	0.
-5.7753540506483425e-6	4.7061509307098e-11	-96797.85648946065	2.9078586457832996e7	0.
-6.079320053314045e-7	4.7061509307098e-11	-139453.75254127962	4.490079598905165e7	0.
-5.6233710493154915e-6	4.7061509307098e-11	-97793.15528820943	2.945536211102803e7	0.
-4.5594900399855336e-7	4.7061509307098e-11	-141005.92412797653	4.5456606659891784e7	0.
-5.4713880479826406e-6	4.7061509307098e-11	-98802.62418257675	2.9837408841896676e7	0.
-3.0396600266570224e-7	4.7061509307098e-11	-142575.95232446733	4.601700645527807e7	0.
-5.31940504664979e-6	4.7061509307098e-11	-99826.42774598948	3.0224756106016994e7	0.
-1.5198300133285112e-7	4.7061509307098e-11	-144163.8535564837	4.658191488556986e7	0.
-5.167422045316938e-6	4.7061509307098e-11	-100864.729121803	3.0617433846262235e7	0.
0.	4.7061509307098e-11	-145769.6376915552	4.715124876417778e7	0.
-5.015439043984087e-6	4.7061509307098e-11	-101917.68984454699	3.1015467814803153e7	0.
1.5198300133285112e-7	4.7061509307098e-11	-147393.30802087608	4.772492207684669e7	0.
-4.863456042651236e-6	4.7061509307098e-11	-102985.4696576834	3.1418882896724135e7	0.
3.0396600266570224e-7	4.7061509307098e-11	-149034.86125325208	4.830284486510538e7	0.
-4.711473041318385e-6	4.7061509307098e-11	-104068.22632820891	3.1827698728252523e7	0.
5.4713880479826406e-6	4.7061509307098e-11	-215062.98490070237	6.973331396475482e7	0.
4.5594900399855336e-7	4.7061509307098e-11	-150694.28752115366	4.888492617529497e7	0.
5.6233710493154915e-6	4.7061509307098e-11	-217282.97047072745	7.039295727746607e7	0.
6.079320053314045e-7	4.7061509307098e-11	-152371.57039884912	4.9471071212804936e7	0.
5.7753540506483425e-6	4.7061509307098e-11	-219517.12613637102	7.105301623466685e7	0.
7.599150066642557e-7	4.7061509307098e-11	-154066.68693254053	5.006118463365498e7	0.
5.9273370519811935e-6	4.7061509307098e-11	-221765.28606909598	7.17134002474388e7	0.
9.118980079971067e-7	4.7061509307098e-11	-155779.60768237308	5.0655165848569974e7	0.
6.079320053314045e-6	4.7061509307098e-11	-224027.28335614735	7.23740185895189e7	0.
1.0638810093299578e-6	4.7061509307098e-11	-157510.29677613964	5.125291521490126e7	0.
6.231303054646896e-6	4.7061509307098e-11	-226302.95016712786	7.30347831864202e7	0.
1.215864010662809e-6	4.7061509307098e-11	-159258.71197445202	5.185432847799379e7	0.
6.383286055979747e-6	4.7061509307098e-11	-228592.11791603643	7.369560848867238e7	0.
1.3678470119956601e-6	4.7061509307098e-11	-161024.80474710508	5.245930128389089e7	0.
6.535269057312598e-6	4.7061509307098e-11	-230894.6174185763	7.435640891886356e7	0.
1.5198300133285113e-6	4.7061509307098e-11	-162808.52036031344	5.3067727996301346e7	0.
6.687252058645449e-6	4.7061509307098e-11	-233210.27904456673	7.501710373689647e7	0.
1.6718130146613623e-6	4.7061509307098e-11	-164609.79797445852	5.367950026380685e7	0.
6.8392350599783e-6	4.7061509307098e-11	-235538.9328653174	7.567761367914134e7	0.
1.8237960159942135e-6	4.7061509307098e-11	-166428.5707519445	5.429450765750523e7	0.
6.991218061311152e-6	4.7061509307098e-11	-237880.40879584907	7.63378617451459e7	0.
1.9757790173270646e-6	4.7061509307098e-11	-168264.76597472327	5.4912641060203634e7	0.
7.143201062644003e-6	4.7061509307098e-11	-240234.53673186936	7.69977704559289e7	0.
2.1277620186599156e-6	4.7061509307098e-11	-170118.30517101593	5.553378852038387e7	0.
7.295184063976854e-6	4.7061509307098e-11	-242601.14668143354	7.765726654541928e7	0.
2.279745019992767e-6	4.7061509307098e-11	-171989.1042507276	5.61578373004857e7	0.
7.447167065309705e-6	4.7061509307098e-11	-244980.068891243	7.831628219212651e7	0.
2.431728021325618e-6	4.7061509307098e-11	-173877.07364902511	5.678467606765118e7	0.
7.599150066642556e-6	4.7061509307098e-11	-247371.13396755356	7.897474470395477e7	0.
2.583711022658469e-6	4.7061509307098e-11	-175782.11847752403	5.741418780525291e7	0.
7.751133067975407e-6	4.7061509307098e-11	-249774.1729916867	7.963258907986388e7	0.
2.7356940239913203e-6	4.7061509307098e-11	-177704.1386825125	5.80462632765789e7	0.
7.903116069308259e-6	4.7061509307098e-11	-252189.0176301524	8.028975074404615e7	0.
2.8876770253241713e-6	4.7061509307098e-11	-179643.02920962154	5.8680783616797514e7	0.
8.055099070641109e-6	4.7061509307098e-11	-254615.500239411	8.094616870098703e7	0.
3.0396600266570226e-6	4.7061509307098e-11	-181598.68017434256	5.931763770012706e7	0.
8.20708207197396e-6	4.7061509307098e-11	-257053.45396531615	8.160177914618352e7	0.
3.1916430279898736e-6	4.7061509307098e-11	-183570.9770377808	5.9956710943262555e7	0.
8.359065073306812e-6	4.7061509307098e-11	-259502.71283729543	8.225652692275156e7	0.
3.3436260293227246e-6	4.7061509307098e-11	-185559.8007870319	6.059788812264889e7	0.
8.511048074639662e-6	4.7061509307098e-11	-261963.11185733773	8.291035539321892e7	0.
3.495609030655576e-6	4.7061509307098e-11	-187565.0281195654	6.124105708652008e7	0.
8.663031075972514e-6	4.7061509307098e-11	-264434.4870838691	8.356320953650843e7	0.
3.647592031988427e-6	4.7061509307098e-11	-189586.53163100235	6.188610484010566e7	0.
8.815014077305364e-6	4.7061509307098e-11	-266916.675710609	8.421503778245045e7	0.
3.799575033321278e-6	4.7061509307098e-11	-191624.1800056794	6.2532917734005645e7	0.
8.966997078638216e-6	4.7061509307098e-11	-269409.51614050835	8.486579014223644e7	0.
3.951558034654129e-6	4.7061509307098e-11	-193677.83820940083	6.3181385541992255e7	0.
9.118980079971068e-6	4.7061509307098e-11	-271912.8480548793	8.551541855971807e7	0.
4.10354103598698e-6	4.7061509307098e-11	-195747.36768379045	6.3831397213640064e7	0.
9.270963081303918e-6	4.7061509307098e-11	-274426.51247783395	8.616387749625953e7	0.
4.255524037319831e-6	4.7061509307098e-11	-197832.62654167152	6.44828436122178e7	0.
9.42294608263677e-6	4.7061509307098e-11	-276950.3518361564	8.681112052316602e7	0.
4.407507038652682e-6	4.7061509307098e-11	-199933.46976291714	6.513561483590494e7	0.
9.57492908396962e-6	4.7061509307098e-11	-279484.210014736	8.745710854230143e7	0.
4.559490039985534e-6	4.7061509307098e-11	-202049.74939023558	6.578960556631455e7	0.
9.726912085302472e-6	4.7061509307098e-11	-282027.9324076961	8.8101798981691e7	0.
4.711473041318385e-6	4.7061509307098e-11	-204181.31472437267	6.644470804600751e7	0.
9.878895086635324e-6	4.7061509307098e-11	-284581.36596535577	8.874515306883898e7	0.
4.863456042651236e-6	4.7061509307098e-11	-206328.01251823953	6.710081975757571e7	0.
0.000010030878087968174	4.7061509307098e-11	-287144.35923716385	8.938713406557697e7	0.
5.015439043984087e-6	4.7061509307098e-11	-208489.6871694955	6.775783639395382e7	0.
0.000010182861089301025	4.7061509307098e-11	-289716.76241074834	9.002770892675236e7	0.
5.167422045316938e-6	4.7061509307098e-11	-210666.18091114386	6.841565664020483e7	0.
0.000010334844090633876	4.7061509307098e-11	-292298.427347223	9.066684088972351e7	0.
5.31940504664979e-6	4.7061509307098e-11	-212857.33399972276	6.907418244647907e7	0.
0.000010486827091966727	4.7061509307098e-11	-294889.2076128983	9.130449993179905e7	0.
0.000015502266135950813	4.7061509307098e-11	-384646.7038868312	1.1139100729738863e8	0.
0.00001063881009329958	4.7061509307098e-11	-297488.9585075384	9.19406557595066e7	0.
0.000015654249137283665	4.7061509307098e-11	-387473.18480360764	1.1196868524979758e8	0.
0.00001079079309463243	4.7061509307098e-11	-300097.5370893094	9.257527861691795e7	0.
0.000015806232138616517	4.7061509307098e-11	-390304.7877871949	1.1254451005484131e8	0.
0.000010942776095965281	4.7061509307098e-11	-302714.8021965628	9.320834127148083e7	0.
0.00001595821513994937	4.7061509307098e-11	-393141.42920984013	1.1311847856008516e8	0.
0.000011094759097298131	4.7061509307098e-11	-305340.61446659465	9.383982009298587e7	0.
0.000016110198141282217	4.7061509307098e-11	-395983.0269193425	1.13690594671585e8	0.
0.000011246742098630983	4.7061509307098e-11	-307974.83635152125	9.446968807316841e7	0.
0.00001626218114261507	4.7061509307098e-11	-398829.5002173376	1.1426086384544411e8	0.
0.000011398725099963835	4.7061509307098e-11	-310617.33213141013	9.509792335986972e7	0.
0.00001641416414394792	4.7061509307098e-11	-401680.76983751555	1.1482928878304382e8	0.
0.000011550708101296685	4.7061509307098e-11	-313267.96792480047	9.572450436719322e7	0.
0.000016566147145280773	4.7061509307098e-11	-404536.7579238047	1.1539587474869287e8	0.
0.000011702691102629537	4.7061509307098e-11	-315926.6116967476	9.634940975569122e7	0.
0.000016718130146613624	4.7061509307098e-11	-407397.38800854766	1.1596062408773312e8	0.
0.000011854674103962387	4.7061509307098e-11	-318593.13326452044	9.697262329043667e7	0.
0.000016870113147946473	4.7061509307098e-11	-410262.58499069663	1.165235439085034e8	0.
0.000012006657105295239	4.7061509307098e-11	-321267.4043010793	9.759412449285322e7	0.
0.000017022096149279325	4.7061509307098e-11	-413132.27511405194	1.1708463446239796e8	0.
0.00001215864010662809	4.7061509307098e-11	-323949.2983364581	9.821389896062368e7	0.
0.000017174079150612177	4.7061509307098e-11	-416006.38594556635	1.1764390620791265e8	0.
0.00001231062310796094	4.7061509307098e-11	-326638.69075717026	9.883192863377786e7	0.
0.00001732606215194503	4.7061509307098e-11	-418884.8463537372	1.1820136531645824e8	0.
0.000012462606109293792	4.7061509307098e-11	-329335.45880375593	9.944820100860399e7	0.
0.00001747804515327788	4.7061509307098e-11	-421767.58648710366	1.1875701403020719e8	0.
0.000012614589110626643	4.7061509307098e-11	-332039.48156658263	1.000627044206909e8	0.
0.00001763002815461073	4.7061509307098e-11	-424654.53775287035	1.1931086136867024e8	0.
0.000012766572111959494	4.7061509307098e-11	-334750.6399800089	1.0067542519039738e8	0.
0.00001778201115594358	4.7061509307098e-11	-427545.63279567	1.1986291378506339e8	0.
0.000012918555113292345	4.7061509307098e-11	-337468.81681501644	1.0128635090756492e8	0.
0.000017933994157276432	4.7061509307098e-11	-430440.805476483	1.2041317723343161e8	0.
0.000013070538114625196	4.7061509307098e-11	-340193.8966704126	1.0189547135077606e8	0.
0.000018085977158609284	4.7061509307098e-11	-433339.99085172714	1.2096165612641232e8	0.
0.000013222521115958048	4.7061509307098e-11	-342925.7659627003	1.0250278057691228e8	0.
0.000018237960159942136	4.7061509307098e-11	-436243.12515252974	1.2150836005938262e8	0.
0.000013374504117290898	4.7061509307098e-11	-345664.3129147094	1.0310826696183586e8	0.
0.000018389943161274984	4.7061509307098e-11	-439150.145764194	1.2205329915752621e8	0.
0.00001352648711862375	4.7061509307098e-11	-348409.4275430813	1.0371192420725758e8	0.
0.000018541926162607836	4.7061509307098e-11	-442060.9912058701	1.22596473639951e8	0.
0.0000136784701199566	4.7061509307098e-11	-351161.0016446905	1.0431374445555165e8	0.
0.000018693909163940688	4.7061509307098e-11	-444975.60111044074	1.2313789833152264e8	0.
0.000013830453121289452	4.7061509307098e-11	-353918.9287820887	1.0491372327056904e8	0.
0.00001884589216527354	4.7061509307098e-11	-447893.916204629	1.236775783092573e8	0.
0.000013982436122622304	4.7061509307098e-11	-356683.10426804755	1.055118563259857e8	0.
0.00001899787516660639	4.7061509307098e-11	-450815.87828933663	1.2421551878677839e8	0.
0.000014134419123955154	4.7061509307098e-11	-359453.42514927837	1.0610813934734511e8	0.
0.00001914985816793924	4.7061509307098e-11	-453741.43022022006	1.2475173140533306e8	0.
0.000014286402125288006	4.7061509307098e-11	-362229.79018939845	1.0670256688271013e8	0.
0.000019301841169272092	4.7061509307098e-11	-456670.5158885087	1.2528622217302233e8	0.
0.000014438385126620856	4.7061509307098e-11	-365012.09985121386	1.0729513811936805e8	0.
0.000019453824170604944	4.7061509307098e-11	-459603.080202072	1.2581900140278403e8	0.
0.000014590368127953708	4.7061509307098e-11	-367800.2562783831	1.0788584732381046e8	0.
0.000019605807171937795	4.7061509307098e-11	-462539.06906673906	1.2635007650147478e8	0.
0.00001474235112928656	4.7061509307098e-11	-370594.16327652364	1.084746964134065e8	0.
0.000019757790173270647	4.7061509307098e-11	-465478.42936787545	1.2687945596544823e8	0.
0.00001489433413061941	4.7061509307098e-11	-373393.72629382013	1.0906168441825862e8	0.
0.000019909773174603496	4.7061509307098e-11	-468421.10895221983	1.274071484165783e8	0.
0.000015046317131952261	4.7061509307098e-11	-376198.85240118974	1.0964680729284926e8	0.
0.000020061756175936347	4.7061509307098e-11	-471367.0566099834	1.2793316257258913e8	0.
0.000015198300133285111	4.7061509307098e-11	-379009.450272057	1.1023006779347274e8	0.
0.0000202137391772692	4.7061509307098e-11	-474316.2220572134	1.2845750711096303e8	0.
0.00001535028313461796	4.7061509307098e-11	-381825.430161788	1.1081146839826855e8	0.
0.00002036572217860205	4.7061509307098e-11	-477268.5559184249	1.289801919478933e8	0.
0.000020517705179934903	4.7061509307098e-11	-480224.00970949826	1.2950122286366448e8	0.
0.00002553314422391899	4.7061509307098e-11	-579232.7197832834	1.4582836439670858e8	0.
0.00002066968818126775	4.7061509307098e-11	-483182.535820847	1.3002061306778753e8	0.
0.00002568512722525184	4.7061509307098e-11	-582270.7702281318	1.4629866357695523e8	0.
0.000020821671182600603	4.7061509307098e-11	-486144.0875008528	1.3053836625683427e8	0.
0.00002583711022658469	4.7061509307098e-11	-585310.6915983475	1.4676762772458094e8	0.
0.000020973654183933455	4.7061509307098e-11	-489108.61883957114	1.31054498642442e8	0.
0.00002598909322791754	4.7061509307098e-11	-588352.4582743868	1.472352653208757e8	0.
0.000021125637185266307	4.7061509307098e-11	-492076.0847527032	1.315690122242795e8	0.
0.000026141076229250393	4.7061509307098e-11	-591396.0450700682	1.4770158499825424e8	0.
0.00002127762018659916	4.7061509307098e-11	-495046.44096583815	1.3208192028013602e8	0.
0.000026293059230583244	4.7061509307098e-11	-594441.4272242241	1.4816659346333218e8	0.
0.000021429603187932007	4.7061509307098e-11	-498019.6439989604	1.325932308642913e8	0.
0.000026445042231916096	4.7061509307098e-11	-597488.580392523	1.4863030423786786e8	0.
0.00002158158618926486	4.7061509307098e-11	-500995.6511512231	1.3310295222633776e8	0.
0.000026597025233248945	4.7061509307098e-11	-600537.4806394556	1.4909271972146872e8	0.
0.00002173356919059771	4.7061509307098e-11	-503974.4204859861	1.3361109547407725e8	0.
0.000026749008234581796	4.7061509307098e-11	-603588.104430488	1.4955385174148723e8	0.
0.000021885552191930562	4.7061509307098e-11	-506955.9108161157	1.3411766884919775e8	0.
0.000026900991235914648	4.7061509307098e-11	-606640.4286243705	1.5001370852744007e8	0.
0.000022037535193263414	4.7061509307098e-11	-509940.08168954536	1.3462268160817567e8	0.
0.0000270529742372475	4.7061509307098e-11	-609694.4304656069	1.5047229484853062e8	0.
0.000022189518194596263	4.7061509307098e-11	-512926.8933750948	1.351261439761388e8	0.
0.000027204957238580352	4.7061509307098e-11	-612750.087577076	1.5092962488988024e8	0.
0.000022341501195929114	4.7061509307098e-11	-515916.3068485449	1.3562806217280748e8	0.
0.0000273569402399132	4.7061509307098e-11	-615807.3779528044	1.5138570161174423e8	0.
0.000022493484197261966	4.7061509307098e-11	-518908.2837789667	1.36128448500992e8	0.
0.000027508923241246052	4.7061509307098e-11	-618866.2799508872	1.5184053392152998e8	0.
0.000022645467198594818	4.7061509307098e-11	-521902.7865153009	1.366273110936486e8	0.
0.000027660906242578904	4.7061509307098e-11	-621926.7722865536	1.522941325775593e8	0.
0.00002279745019992767	4.7061509307098e-11	-524899.7780731865	1.3712465926338255e8	0.
0.000027812889243911756	4.7061509307098e-11	-624988.8340253746	1.5274650273450527e8	0.
0.000022949433201260518	4.7061509307098e-11	-527899.2221220339	1.376205032397016e8	0.
0.000027964872245244608	4.7061509307098e-11	-628052.4445766099	1.531976543105697e8	0.
0.00002310141620259337	4.7061509307098e-11	-530901.082972342	1.381148482308913e8	0.
0.000028116855246577456	4.7061509307098e-11	-631117.5836866911	1.5364759106838292e8	0.
0.000023253399203926222	4.7061509307098e-11	-533905.325563254	1.3860771025750962e8	0.
0.000028268838247910308	4.7061509307098e-11	-634184.2314328396	1.5409632674131227e8	0.
0.000023405382205259074	4.7061509307098e-11	-536911.9154503489	1.3909909263410932e8	0.
0.00002842082124924316	4.7061509307098e-11	-637252.368216813	1.5454386436380738e8	0.
0.000023557365206591925	4.7061509307098e-11	-539920.8187936686	1.395890055040144e8	0.
0.00002857280425057601	4.7061509307098e-11	-640321.9747587821	1.5499021521814352e8	0.
0.000023709348207924774	4.7061509307098e-11	-542932.0023459734	1.4007746109316424e8	0.
0.000028724787251908863	4.7061509307098e-11	-643393.0320913327	1.5543538425889015e8	0.
0.000023861331209257626	4.7061509307098e-11	-545945.4334412242	1.4056446536023483e8	0.
0.00002887677025324171	4.7061509307098e-11	-646465.52155359	1.5587937898183364e8	0.
0.000024013314210590477	4.7061509307098e-11	-548961.0799832889	1.4105002644426152e8	0.
0.000029028753254574563	4.7061509307098e-11	-649539.4247854643	1.5632220797408226e8	0.
0.00002416529721192333	4.7061509307098e-11	-551978.9104348697	1.415341593373472e8	0.
0.000029180736255907415	4.7061509307098e-11	-652614.7237220139	1.567638794764257e8	0.
0.00002431728021325618	4.7061509307098e-11	-554998.8938066448	1.4201686606854522e8	0.
0.000029332719257240267	4.7061509307098e-11	-655691.4005879238	1.572044000454464e8	0.
0.00002446926321458903	4.7061509307098e-11	-558020.9996466262	1.424981607215868e8	0.
0.00002948470225857312	4.7061509307098e-11	-658769.4378920979	1.5764377557307145e8	0.
0.00002462124621592188	4.7061509307098e-11	-561045.1980297253	1.4297804912267727e8	0.
0.000029636685259905967	4.7061509307098e-11	-661848.8184223614	1.5808201964090377e8	0.
0.000024773229217254733	4.7061509307098e-11	-564071.4595475269	1.4345653840207037e8	0.
0.00002978866826123882	4.7061509307098e-11	-664929.5252402719	1.585191280008347e8	0.
0.000024925212218587585	4.7061509307098e-11	-567099.7552982644	1.4393364390801194e8	0.
0.00002994065126257167	4.7061509307098e-11	-668011.5416760375	1.5895511937496227e8	0.
0.000025077195219920433	4.7061509307098e-11	-570130.0568769965	1.444093691438267e8	0.
0.000030092634263904523	4.7061509307098e-11	-671094.851323536	1.5938999648478028e8	0.
0.000025229178221253285	4.7061509307098e-11	-573162.336365979	1.4488372628005263e8	0.
0.000030244617265237375	4.7061509307098e-11	-674179.4380354399	1.5982376411567512e8	0.
0.000025381161222586137	4.7061509307098e-11	-576196.5663252298	1.4535672246292934e8	0.
0.000030396600266570223	4.7061509307098e-11	-677265.2859184376	1.6025642923618293e8	0.
