# Filename	C:\Users\edmag\Documents\Work\2D-Comp-Model\computation\Turning Timeresults\2018-02-05T05-36-09.txt
# Source	C:\Users\edmag\Documents\Work\2D-Comp-Model\computation\Turning Time\turning.nb
# Note	1D calculation of turning time vs. field and orbit energy.
# Date	2018-02-05T05:36:09
# Dir	-1
# field	3.6949118877473634e-11
# zi	-6.
W	field	zt	t	argt
-0.000030396600266570223	3.6949118877473634e-11	-31678.556407665124	6.177453202209316e6	0.
-0.000025229178221253285	3.6949118877473634e-11	-37569.4969520109	7.9350895308835795e6	0.
-0.000030244617265237375	3.6949118877473634e-11	-31826.28407646844	6.219931548982329e6	0.
-0.000025077195219920433	3.6949118877473634e-11	-37774.43959643386	7.99847036014322e6	0.
-0.000030092634263904523	3.6949118877473634e-11	-31975.34561671205	6.26288109170782e6	0.
-0.000024925212218587585	3.6949118877473634e-11	-37981.51666941817	8.06265711892033e6	0.
-0.00002994065126257167	3.6949118877473634e-11	-32125.7584847935	6.306309291699297e6	0.
-0.000024773229217254733	3.6949118877473634e-11	-38190.75988645341	8.127660545772446e6	0.
-0.00002978866826123882	3.6949118877473634e-11	-32277.540430353994	6.350221400939825e6	0.
-0.00002462124621592188	3.6949118877473634e-11	-38402.201556241715	8.193495781553813e6	0.
-0.000029636685259905967	3.6949118877473634e-11	-32430.709502169702	6.394627343777861e6	0.
-0.00002446926321458903	3.6949118877473634e-11	-38615.874593610475	8.260176751519992e6	0.
-0.00002948470225857312	3.6949118877473634e-11	-32585.284054176056	6.439532171130741e6	0.
-0.00002431728021325618	3.6949118877473634e-11	-38831.81253273078	8.327717862941544e6	0.
-0.000029332719257240267	3.6949118877473634e-11	-32741.282751631523	6.484945740582164e6	0.
-0.00002416529721192333	3.6949118877473634e-11	-39050.0495406487	8.396134914993709e6	0.
-0.000029180736255907415	3.6949118877473634e-11	-32898.72457742071	6.530873609782982e6	0.
-0.000024013314210590477	3.6949118877473634e-11	-39270.62043113627	8.465441003904754e6	0.
-0.000029028753254574563	3.6949118877473634e-11	-33057.6288385037	6.577325026819917e6	0.
-0.000023861331209257626	3.6949118877473634e-11	-39493.560678870526	8.535654062660424e6	0.
-0.00002887677025324171	3.6949118877473634e-11	-33218.015172512416	6.624308270481761e6	0.
-0.000023709348207924774	3.6949118877473634e-11	-39718.906433946846	8.606786074615462e6	0.
-0.000028724787251908863	3.6949118877473634e-11	-33379.90355449924	6.671830454369761e6	0.
-0.000023557365206591925	3.6949118877473634e-11	-39946.69453673587	8.678855781603321e6	0.
-0.00002857280425057601	3.6949118877473634e-11	-33543.31430384142	6.719899699358114e6	0.
-0.000023405382205259074	3.6949118877473634e-11	-40176.96253309027	8.751879469450245e6	0.
-0.00002842082124924316	3.6949118877473634e-11	-33708.268091305	6.768525002310653e6	-8.557958083240856e-7
-0.000023253399203926222	3.6949118877473634e-11	-40409.74868991024	8.825871396329777e6	0.
-0.000028268838247910308	3.6949118877473634e-11	-33874.78594627116	6.817716021969135e6	-9.056100024779187e-7
-0.00002310141620259337	3.6949118877473634e-11	-40645.09201107592	8.900851680529807e6	0.
-0.000028116855246577456	3.6949118877473634e-11	-34042.88926413159	6.867481889203145e6	0.
-0.000022949433201260518	3.6949118877473634e-11	-40883.03225375375	8.976834263575608e6	0.
-0.000027964872245244608	3.6949118877473634e-11	-34212.59981385446	6.917829849323416e6	0.
-0.00002279745019992767	3.6949118877473634e-11	-41123.6099450869	9.053840320559159e6	0.
-0.000027812889243911756	3.6949118877473634e-11	-34383.93974572605	6.968768760627423e6	0.
-0.000022645467198594818	3.6949118877473634e-11	-41366.866399275896	9.131884984736115e6	0.
-0.000027660906242578904	3.6949118877473634e-11	-34556.931599273375	7.020309169352665e6	0.
-0.000022493484197261966	3.6949118877473634e-11	-41612.843735060334	9.210988697371151e6	0.
-0.000027508923241246052	3.6949118877473634e-11	-34731.59831137081	7.072461228145685e6	0.
-0.000022341501195929114	3.6949118877473634e-11	-41861.584893608204	9.291168602573942e6	0.
-0.0000273569402399132	3.6949118877473634e-11	-34907.96322453603	7.1252322756333845e6	0.
-0.000022189518194596263	3.6949118877473634e-11	-42113.13365682296	9.372445578632616e6	0.
-0.000027204957238580352	3.6949118877473634e-11	-35086.050095420156	7.178634280900962e6	0.
-0.000022037535193263414	3.6949118877473634e-11	-42367.534666076084	9.45483707180657e6	0.
-0.0000270529742372475	3.6949118877473634e-11	-35265.88310349604	7.232676570422876e6	0.
-0.000021885552191930562	3.6949118877473634e-11	-42624.83344137495	9.538365464990415e6	0.
-0.000026900991235914648	3.6949118877473634e-11	-35447.48685995043	7.287369445680511e6	0.
-0.00002173356919059771	3.6949118877473634e-11	-42885.07640097367	9.623049839092568e6	0.
-0.000026749008234581796	3.6949118877473634e-11	-35630.88641678462	7.34272354520973e6	0.
-0.00002158158618926486	3.6949118877473634e-11	-43148.31088143717	9.708911632838372e6	0.
-0.000026597025233248945	3.6949118877473634e-11	-35816.10727612869	7.398750754086527e6	0.
-0.000021429603187932007	3.6949118877473634e-11	-43414.58515816645	9.795971769129131e6	0.
-0.000026445042231916096	3.6949118877473634e-11	-36003.175399774525	7.455458613205776e6	0.
-0.00002127762018659916	3.6949118877473634e-11	-43683.94846639455	9.884252502370594e6	0.
-0.000026293059230583244	3.6949118877473634e-11	-36192.11721893367	7.512861170912313e6	0.
-0.000021125637185266307	3.6949118877473634e-11	-43956.451022662135	9.973775968373539e6	0.
-0.000026141076229250393	3.6949118877473634e-11	-36382.95964422421	7.570969082363281e6	0.
-0.000020973654183933455	3.6949118877473634e-11	-44232.14404678156	1.0064564400242794e7	0.
-0.00002598909322791754	3.6949118877473634e-11	-36575.73007589346	7.629793562704031e6	0.
-0.000020821671182600603	3.6949118877473634e-11	-44511.07978429875	1.0156641929394398e7	0.
-0.00002583711022658469	3.6949118877473634e-11	-36770.45641428175	7.689347158419235e6	0.
-0.00002066968818126775	3.6949118877473634e-11	-44793.31152946124	1.0250030898868697e7	0.
-0.00002568512722525184	3.6949118877473634e-11	-36967.16707053286	7.749641124115307e6	0.
-0.000020517705179934903	3.6949118877473634e-11	-45078.89364870212	1.0344756747775724e7	0.
-0.00002553314422391899	3.6949118877473634e-11	-37165.89097755784	7.810687334176097e6	0.
-0.00002036572217860205	3.6949118877473634e-11	-45367.88160464767	1.0440844147361228e7	0.
-0.000025381161222586137	3.6949118877473634e-11	-37366.657601257626	7.872499387311351e6	0.
-0.0000202137391772692	3.6949118877473634e-11	-45660.33198065819	1.0538318114758164e7	0.
-0.000020061756175936347	3.6949118877473634e-11	-45956.30250591018	1.063720392128522e7	0.
-0.00001489433413061941	3.6949118877473634e-11	-58616.13616447064	1.5066810369768998e7	0.
-0.000019909773174603496	3.6949118877473634e-11	-46255.85208102836	1.0737528693474773e7	0.
-0.00001474235112928656	3.6949118877473634e-11	-59082.772415250125	1.5236649322590932e7	0.
-0.000019757790173270647	3.6949118877473634e-11	-46559.04080427552	1.083931836379605e7	0.
-0.000014590368127953708	3.6949118877473634e-11	-59556.03016435793	1.5409312031698694e7	0.
-0.000019605807171937795	3.6949118877473634e-11	-46865.92999830871	1.0942602017609863e7	0.
-0.000014438385126620856	3.6949118877473634e-11	-60036.03255637614	1.5584856681763563e7	0.
-0.000019453824170604944	3.6949118877473634e-11	-47176.582237508395	1.1047407172471898e7	0.
-0.000014286402125288006	3.6949118877473634e-11	-60522.905264165216	1.5763338996604577e7	0.
-0.000019301841169272092	3.6949118877473634e-11	-47491.06137588917	1.1153762040324442e7	0.
-0.000014134419123955154	3.6949118877473634e-11	-61016.77653394927	1.5944819331453212e7	0.
-0.00001914985816793924	3.6949118877473634e-11	-47809.432575598345	1.1261696425686914e7	0.
-0.000013982436122622304	3.6949118877473634e-11	-61517.7772303973	1.6129355209420409e7	0.
-0.00001899787516660639	3.6949118877473634e-11	-48131.762336009	1.1371240353867328e7	0.
-0.000013830453121289452	3.6949118877473634e-11	-62026.04088162803	1.6317009415154077e7	0.
-0.00001884589216527354	3.6949118877473634e-11	-48458.118523414036	1.148242454493849e7	0.
-0.0000136784701199566	3.6949118877473634e-11	-62541.70372405809	1.6507843742713679e7	0.
-0.000018693909163940688	3.6949118877473634e-11	-48788.57040132662	1.1595279972120218e7	0.
-0.00001352648711862375	3.6949118877473634e-11	-63064.904747008964	1.6701921725314105e7	0.
-0.000018541926162607836	3.6949118877473634e-11	-49123.18866139231	1.1709837386574987e7	0.
-0.000013374504117290898	3.6949118877473634e-11	-63595.78573698021	1.6899306678725306e7	0.
-0.000018389943161274984	3.6949118877473634e-11	-49462.04545491742	1.1826131768591685e7	0.
-0.000013222521115958048	3.6949118877473634e-11	-64134.491321490204	1.7100065557529557e7	0.
-0.000018237960159942136	3.6949118877473634e-11	-49805.21442501703	1.1944195638097214e7	0.
-0.000013070538114625196	3.6949118877473634e-11	-64681.1690123781	1.730426485661317e7	0.
-0.000018085977158609284	3.6949118877473634e-11	-50152.77073938641	1.206406323587225e7	0.
-0.000012918555113292345	3.6949118877473634e-11	-65235.969248453475	1.7511973342947185e7	0.
-0.000017933994157276432	3.6949118877473634e-11	-50504.79112369745	1.218576895888685e7	0.
-0.000012766572111959494	3.6949118877473634e-11	-65799.04543737184	1.7723259539519466e7	0.
-0.00001778201115594358	3.6949118877473634e-11	-50861.35389562193	1.23093481135034e7	0.
-0.000012614589110626643	3.6949118877473634e-11	-66370.55399660666	1.7938195865710683e7	0.
-0.00001763002815461073	3.6949118877473634e-11	-51222.53899948172	1.243483798377707e7	0.
-0.000012462606109293792	3.6949118877473634e-11	-66950.65439337849	1.8156852480935823e7	0.
-0.00001747804515327788	3.6949118877473634e-11	-51588.428041525185	1.2562275418585146e7	0.
-0.00001231062310796094	3.6949118877473634e-11	-67539.50918339523	1.837930208537212e7	0.
-0.00001732606215194503	3.6949118877473634e-11	-51959.10432582799	1.2691698213727385e7	0.
-0.00001215864010662809	3.6949118877473634e-11	-68137.28404824602	1.860562101120142e7	0.
-0.000017174079150612177	3.6949118877473634e-11	-52334.65289081514	1.2823145139227211e7	0.
-0.000012006657105295239	3.6949118877473634e-11	-68744.14783128262	1.8835884174410764e7	0.
-0.000017022096149279325	3.6949118877473634e-11	-52715.16054639964	1.2956655906939289e7	0.
-0.000011854674103962387	3.6949118877473634e-11	-69360.27257181321	1.9070169374146286e7	0.
-0.000016870113147946473	3.6949118877473634e-11	-53100.71591173158	1.3092270509838736e7	0.
-0.000011702691102629537	3.6949118877473634e-11	-69985.83353742147	1.9308552602984883e7	0.
-0.000016718130146613624	3.6949118877473634e-11	-53491.4094535503	1.3230031509713763e7	0.
-0.000011550708101296685	3.6949118877473634e-11	-70621.00925421559	1.9551115117249608e7	0.
-0.000016566147145280773	3.6949118877473634e-11	-53887.33352512949	1.3369979205737418e7	0.
-0.000011398725099963835	3.6949118877473634e-11	-71265.98153479882	1.9797937241014637e7	0.
-0.00001641416414394792	3.6949118877473634e-11	-54288.58240580496	1.3512158343448631e7	0.
-0.000011246742098630983	3.6949118877473634e-11	-71920.9355037446	2.0049100549737416e7	0.
-0.00001626218114261507	3.6949118877473634e-11	-54695.25234107043	1.3656612960275728e7	0.
-0.000011094759097298131	3.6949118877473634e-11	-72586.05962034666	2.03046881312223e7	0.
-0.000016110198141282217	3.6949118877473634e-11	-55107.44158322656	1.3803386529519016e7	0.
-0.000010942776095965281	3.6949118877473634e-11	-73261.54569840396	2.0564783043854725e7	0.
-0.00001595821513994937	3.6949118877473634e-11	-55525.25043256541	1.3952526761328863e7	0.
-0.00001079079309463243	3.6949118877473634e-11	-73947.58892278926	2.082947323058947e7	0.
-0.000015806232138616517	3.6949118877473634e-11	-55948.78127906882	1.4104078301976046e7	0.
-0.00001063881009329958	3.6949118877473634e-11	-74644.38786253722	2.109884344735943e7	0.
-0.000015654249137283665	3.6949118877473634e-11	-56378.138644599094	1.4258092125479288e7	0.
-0.000010486827091966727	3.6949118877473634e-11	-75352.14448017966	2.1372980984418657e7	0.
-0.000015502266135950813	3.6949118877473634e-11	-56813.42922555389	1.4414613955878727e7	0.
-0.00001535028313461796	3.6949118877473634e-11	-57254.76193595854	1.4573695594420264e7	0.
-0.000010334844090633876	3.6949118877473634e-11	-76071.06413704084	2.1651974624646477e7	0.
-0.000015198300133285111	3.6949118877473634e-11	-57702.24795096097	1.4735387427263005e7	0.
-0.000010182861089301025	3.6949118877473634e-11	-76801.355594197	2.1935914692067716e7	0.
-0.000015046317131952261	3.6949118877473634e-11	-58156.000750694875	1.4899740992366148e7	0.
-0.000010030878087968174	3.6949118877473634e-11	-77543.23100879222	2.222489152617874e7	0.
-9.878895086635324e-6	3.6949118877473634e-11	-78296.90592539296	2.251899701477531e7	0.
-9.726912085302472e-6	3.6949118877473634e-11	-79062.59926205267	2.2818323026207145e7	0.
-4.559490039985534e-6	3.6949118877473634e-11	-114002.10925596427	3.677608453636295e7	0.
-9.57492908396962e-6	3.6949118877473634e-11	-79840.53329074885	2.312296183463367e7	0.
-4.407507038652682e-6	3.6949118877473634e-11	-115347.14153660639	3.731616581809106e7	0.
-9.42294608263677e-6	3.6949118877473634e-11	-80630.93361184586	2.3433009468280785e7	0.
-4.255524037319831e-6	3.6949118877473634e-11	-116713.53726333198	3.7864472896788456e7	0.
-9.270963081303918e-6	3.6949118877473634e-11	-81434.02912222777	2.3748559032374725e7	0.
-4.10354103598698e-6	3.6949118877473634e-11	-118101.55122234927	3.842104058852222e7	0.
-9.118980079971068e-6	3.6949118877473634e-11	-82250.0519767399	2.406970687595728e7	0.
-3.951558034654129e-6	3.6949118877473634e-11	-119511.43409745523	3.89858989152846e7	0.
-8.966997078638216e-6	3.6949118877473634e-11	-83079.23754256948	2.439654882575806e7	0.
-3.799575033321278e-6	3.6949118877473634e-11	-120943.43207424918	3.955907199253984e7	0.
-8.815014077305364e-6	3.6949118877473634e-11	-83921.82434619225	2.4729181194342114e7	0.
-3.647592031988427e-6	3.6949118877473634e-11	-122397.78644025447	4.014057916807704e7	0.
-8.663031075972514e-6	3.6949118877473634e-11	-84778.05401250748	2.5067700611471295e7	0.
-3.495609030655576e-6	3.6949118877473634e-11	-123874.73318215436	4.073043354010067e7	0.
-8.511048074639662e-6	3.6949118877473634e-11	-85648.17119578159	2.541220400112039e7	0.
-3.3436260293227246e-6	3.6949118877473634e-11	-125374.50258142372	4.1328641234351285e7	0.
-8.359065073306812e-6	3.6949118877473634e-11	-86532.42350202057	2.5762788284723964e7	0.
-3.1916430279898736e-6	3.6949118877473634e-11	-126897.31880970437	4.193520282870097e7	0.
-8.20708207197396e-6	3.6949118877473634e-11	-87431.06140239254	2.6119551790951956e7	0.
-3.0396600266570226e-6	3.6949118877473634e-11	-128443.39952533747	4.255011359775641e7	0.
-8.055099070641109e-6	3.6949118877473634e-11	-88344.3381373249	2.6482591129971117e7	0.
-2.8876770253241713e-6	3.6949118877473634e-11	-130012.95547252007	4.317335966263888e7	0.
-7.903116069308259e-6	3.6949118877473634e-11	-89272.50961090741	2.6852003779614646e7	0.
-2.7356940239913203e-6	3.6949118877473634e-11	-131606.19008460364	4.38049230024238e7	0.
-7.751133067975407e-6	3.6949118877473634e-11	-90215.83427523976	2.7227885862626567e7	0.
-2.583711022658469e-6	3.6949118877473634e-11	-133223.2990930912	4.444477771342735e7	0.
-7.599150066642556e-6	3.6949118877473634e-11	-91174.57300437367	2.761033468441428e7	0.
-2.431728021325618e-6	3.6949118877473634e-11	-134864.4701439203	4.509288951156008e7	0.
-7.447167065309705e-6	3.6949118877473634e-11	-92148.98895751331	2.7999445863340624e7	0.
-2.279745019992767e-6	3.6949118877473634e-11	-136529.8824226415	4.574922107356992e7	0.
-7.295184063976854e-6	3.6949118877473634e-11	-93139.34743115497	2.839531430015417e7	0.
-2.1277620186599156e-6	3.6949118877473634e-11	-138219.7062901084	4.641372245404263e7	0.
-7.143201062644003e-6	3.6949118877473634e-11	-94145.91569986673	2.8798034125441115e7	0.
-1.9757790173270646e-6	3.6949118877473634e-11	-139934.10293029816	4.708634028903702e7	0.
-6.991218061311152e-6	3.6949118877473634e-11	-95168.96284543314	2.9207699642300103e7	0.
-1.8237960159942135e-6	3.6949118877473634e-11	-141673.22401186381	4.7767014266435385e7	0.
-6.8392350599783e-6	3.6949118877473634e-11	-96208.75957411625	2.9624401477479268e7	0.
-1.6718130146613623e-6	3.6949118877473634e-11	-143437.2113649964	4.845567530940652e7	0.
-6.687252058645449e-6	3.6949118877473634e-11	-97265.57802181705	3.0048231464385193e7	0.
-1.5198300133285113e-6	3.6949118877473634e-11	-145226.19667513642	4.915224743595774e7	0.
-6.535269057312598e-6	3.6949118877473634e-11	-98339.69154695424	3.0479278501322143e7	0.
-1.3678470119956601e-6	3.6949118877473634e-11	-147040.30119502277	4.9856647943865396e7	0.
-6.383286055979747e-6	3.6949118877473634e-11	-99431.37451091825	3.091762915199607e7	0.
-1.215864010662809e-6	3.6949118877473634e-11	-148879.63547650405	5.056878541686161e7	0.
-6.231303054646896e-6	3.6949118877473634e-11	-100540.90204600044	3.1363369777849384e7	0.
-1.0638810093299578e-6	3.6949118877473634e-11	-150744.29912346293	5.128856477076152e7	0.
-6.079320053314045e-6	3.6949118877473634e-11	-101668.54981074488	3.181658274027077e7	0.
-9.118980079971067e-7	3.6949118877473634e-11	-152634.38056711445	5.201587981226945e7	0.
-5.9273370519811935e-6	3.6949118877473634e-11	-102814.59373272209	3.2277350222542997e7	0.
-7.599150066642557e-7	3.6949118877473634e-11	-154549.9568648432	5.27506209514588e7	0.
-5.7753540506483425e-6	3.6949118877473634e-11	-103979.30973877895	3.274575044286746e7	0.
-6.079320053314045e-7	3.6949118877473634e-11	-156491.09352363227	5.349267099131464e7	0.
-5.6233710493154915e-6	3.6949118877473634e-11	-105162.9734728796	3.322185683737614e7	0.
-4.5594900399855336e-7	3.6949118877473634e-11	-158457.84434901926	5.424190454744574e7	0.
-5.4713880479826406e-6	3.6949118877473634e-11	-106365.8600017156	3.370574422869628e7	0.
-3.0396600266570224e-7	3.6949118877473634e-11	-160450.25132038642	5.4998191340837575e7	0.
-5.31940504664979e-6	3.6949118877473634e-11	-107588.24350833026	3.419748200311795e7	0.
-1.5198300133285112e-7	3.6949118877473634e-11	-162468.34449325528	5.576139523140936e7	0.
-5.167422045316938e-6	3.6949118877473634e-11	-108830.39697407464	3.469713442031877e7	0.
0.	3.6949118877473634e-11	-164512.14192911497	5.653137335059447e7	0.
-5.015439043984087e-6	3.6949118877473634e-11	-110092.5918492863	3.520476448863919e7	0.
1.5198300133285112e-7	3.6949118877473634e-11	-166581.6496531656	5.730797797098618e7	0.
-4.863456042651236e-6	3.6949118877473634e-11	-111375.09771315886	3.572043153830161e7	0.
3.0396600266570224e-7	3.6949118877473634e-11	-168676.861640207	5.809105364323294e7	0.
-4.711473041318385e-6	3.6949118877473634e-11	-112678.1819233508	3.6244187593843065e7	0.
5.4713880479826406e-6	3.6949118877473634e-11	-254444.8457584862	8.726996830259895e7	0.
4.5594900399855336e-7	3.6949118877473634e-11	-170797.75982875013	5.888044296700921e7	0.
5.6233710493154915e-6	3.6949118877473634e-11	-257355.26438956044	8.816410998998804e7	0.
6.079320053314045e-7	3.6949118877473634e-11	-172944.31416327343	5.9675982107440904e7	0.
5.7753540506483425e-6	3.6949118877473634e-11	-260284.90581537006	8.905824692778723e7	0.
7.599150066642557e-7	3.6949118877473634e-11	-175116.4826643947	6.0477502737841986e7	0.
5.9273370519811935e-6	3.6949118877473634e-11	-263233.4949692235	8.995223666924946e7	0.
9.118980079971067e-7	3.6949118877473634e-11	-177314.21152657623	6.128483237226414e7	0.
6.079320053314045e-6	3.6949118877473634e-11	-266200.75620715664	9.084594241608323e7	0.
1.0638810093299578e-6	3.6949118877473634e-11	-179537.43524283497	6.209779320604887e7	0.
6.231303054646896e-6	3.6949118877473634e-11	-269186.4136023225	9.173923019864112e7	0.
1.215864010662809e-6	3.6949118877473634e-11	-181786.0767557864	6.291620608476901e7	0.
6.383286055979747e-6	3.6949118877473634e-11	-272190.19122715056	9.263196828267615e7	0.
1.3678470119956601e-6	3.6949118877473634e-11	-184060.04763421539	6.373988819998092e7	0.
6.535269057312598e-6	3.6949118877473634e-11	-275211.81342309684	9.352403576959631e7	0.
1.5198300133285113e-6	3.6949118877473634e-11	-186359.24827423936	6.4568651835257016e7	0.
6.687252058645449e-6	3.6949118877473634e-11	-278251.00505787	9.441531196402426e7	0.
1.6718130146613623e-6	3.6949118877473634e-11	-188683.5681240096	6.540230906969288e7	0.
6.8392350599783e-6	3.6949118877473634e-11	-281307.4917700795	9.530567710639112e7	0.
1.8237960159942135e-6	3.6949118877473634e-11	-191032.88593078734	6.624066987228651e7	0.
6.991218061311152e-6	3.6949118877473634e-11	-284381.00020130666	9.619501891992053e7	0.
1.9757790173270646e-6	3.6949118877473634e-11	-193407.070009132	6.708354040642591e7	0.
7.143201062644003e-6	3.6949118877473634e-11	-287471.2582156505	9.708323180261013e7	0.
2.1277620186599156e-6	3.6949118877473634e-11	-195805.9785288525	6.793072478124109e7	0.
7.295184063976854e-6	3.6949118877473634e-11	-290577.995106849	9.79702115576134e7	0.
2.279745019992767e-6	3.6949118877473634e-11	-198229.4598212959	6.878203010694118e7	0.
7.447167065309705e-6	3.6949118877473634e-11	-293700.9417931177	9.885585752874057e7	0.
2.431728021325618e-6	3.6949118877473634e-11	-200677.35270248502	6.963725869352466e7	0.
7.599150066642556e-6	3.6949118877473634e-11	-296839.8309998883	9.974007386843075e7	0.
2.583711022658469e-6	3.6949118877473634e-11	-203149.48681156617	7.049621410686836e7	0.
7.751133067975407e-6	3.6949118877473634e-11	-299994.3974306647	1.0062276868005764e8	0.
2.7356940239913203e-6	3.6949118877473634e-11	-205645.68296298894	7.135869983540012e7	0.
7.903116069308259e-6	3.6949118877473634e-11	-303164.3779262427	1.0150385559733792e8	0.
2.8876770253241713e-6	3.6949118877473634e-11	-208165.75351081564	7.222451835876349e7	0.
8.055099070641109e-6	3.6949118877473634e-11	-306349.51161257044	1.0238324659629788e8	0.
3.0396600266570226e-6	3.6949118877473634e-11	-210709.50272354335	7.30934745757028e7	0.
8.20708207197396e-6	3.6949118877473634e-11	-309549.54003754834	1.0326086318895909e8	0.
3.1916430279898736e-6	3.6949118877473634e-11	-213276.72716782056	7.396537365522115e7	0.
8.359065073306812e-6	3.6949118877473634e-11	-312764.2072970867	1.0413663136906959e8	0.
3.3436260293227246e-6	3.6949118877473634e-11	-215867.21609945013	7.484001899081695e7	0.
8.511048074639662e-6	3.6949118877473634e-11	-315993.260150758	1.0501047714722683e8	0.
3.495609030655576e-6	3.6949118877473634e-11	-218480.7518600911	7.571722182788275e7	0.
8.663031075972514e-6	3.6949118877473634e-11	-319236.4481273942	1.0588232701601355e8	0.
3.647592031988427e-6	3.6949118877473634e-11	-221117.1102781015	7.659678883684316e7	0.
8.815014077305364e-6	3.6949118877473634e-11	-322493.52362098923	1.0675211985469514e8	0.
3.799575033321278e-6	3.6949118877473634e-11	-223776.06107200653	7.747853180849345e7	0.
8.966997078638216e-6	3.6949118877473634e-11	-325764.2419772768	1.0761979155466084e8	0.
3.951558034654129e-6	3.6949118877473634e-11	-226457.36825512283	7.836226347035064e7	0.
9.118980079971068e-6	3.6949118877473634e-11	-329048.3615713575	1.0848528227041908e8	0.
4.10354103598698e-6	3.6949118877473634e-11	-229160.7905399272	7.924780158946651e7	0.
9.270963081303918e-6	3.6949118877473634e-11	-332345.64387675567	1.093485380650706e8	0.
4.255524037319831e-6	3.6949118877473634e-11	-231886.0817408202	8.013496280898096e7	0.
9.42294608263677e-6	3.6949118877473634e-11	-335655.85352628405	1.1020950338965932e8	0.
4.407507038652682e-6	3.6949118877473634e-11	-234632.99117400488	8.102356857091875e7	0.
9.57492908396962e-6	3.6949118877473634e-11	-338978.7583650973	1.1106812985895836e8	0.
4.559490039985534e-6	3.6949118877473634e-11	-237401.26405327307	8.191344465532431e7	0.
9.726912085302472e-6	3.6949118877473634e-11	-342314.1294963114	1.1192437182576357e8	0.
4.711473041318385e-6	3.6949118877473634e-11	-240190.64188056992	8.280441889804566e7	0.
9.878895086635324e-6	3.6949118877473634e-11	-345661.741319562	1.1277818344455521e8	0.
4.863456042651236e-6	3.6949118877473634e-11	-243000.86283028824	8.369632119737838e7	0.
0.000010030878087968174	3.6949118877473634e-11	-349021.3715628716	1.1362952488609804e8	0.
5.015439043984087e-6	3.6949118877473634e-11	-245831.662126326	8.458898771413636e7	0.
0.000010182861089301025	3.6949118877473634e-11	-352392.80130818667	1.1447835614083941e8	0.
5.167422045316938e-6	3.6949118877473634e-11	-248682.7724110246	8.54822553458858e7	0.
0.000010334844090633876	3.6949118877473634e-11	-355775.8150109408	1.1532464129741162e8	0.
5.31940504664979e-6	3.6949118877473634e-11	-251553.92410519056	8.637596632147558e7	0.
0.000010486827091966727	3.6949118877473634e-11	-359170.2005139899	1.1616834916162238e8	0.
0.000015502266135950813	3.6949118877473634e-11	-476370.5555364037	1.4245848855876175e8	0.
0.00001063881009329958	3.6949118877473634e-11	-362575.7490562578	1.1700944646227163e8	0.
0.000015654249137283665	3.6949118877473634e-11	-480048.57011535927	1.432074591273749e8	0.
0.00001079079309463243	3.6949118877473634e-11	-365992.25527642004	1.1784790390304056e8	0.
0.000015806232138616517	3.6949118877473634e-11	-483732.51790973934	1.439536897152212e8	0.
0.000010942776095965281	3.6949118877473634e-11	-369419.5172119451	1.1868369727336507e8	0.
0.000011094759097298131	3.6949118877473634e-11	-372857.33629379806	1.1951680348025686e8	0.
0.00001595821513994937	3.6949118877473634e-11	-487422.29222314624	1.4469719205202612e8	0.
0.000011246742098630983	3.6949118877473634e-11	-376305.5173371063	1.2034719639342973e8	0.
0.000016110198141282217	3.6949118877473634e-11	-491117.7885337176	1.454379781128132e8	0.
0.000011398725099963835	3.6949118877473634e-11	-379763.8685280708	1.211748585631792e8	0.
0.00001626218114261507	3.6949118877473634e-11	-494818.90445147175	1.4617606034781525e8	0.
0.000011550708101296685	3.6949118877473634e-11	-383232.20140739786	1.2199977109526214e8	0.
0.00001641416414394792	3.6949118877473634e-11	-498525.5396761166	1.469114515228956e8	0.
0.000011702691102629537	3.6949118877473634e-11	-386710.33085051406	1.2282191752730767e8	0.
0.000016566147145280773	3.6949118877473634e-11	-502237.5959553515	1.47644164733029e8	0.
0.000011854674103962387	3.6949118877473634e-11	-390198.07504481607	1.2364128330187187e8	0.
0.000016718130146613624	3.6949118877473634e-11	-505954.9770436826	1.4837421205222166e8	0.
0.000012006657105295239	3.6949118877473634e-11	-393695.2554641958	1.2445785546977113e8	0.
0.000016870113147946473	3.6949118877473634e-11	-509677.58866177406	1.4910160972958264e8	0.
0.00001215864010662809	3.6949118877473634e-11	-397201.6968410695	1.252716227686992e8	0.
0.000017022096149279325	3.6949118877473634e-11	-513405.3384563525	1.498263705315733e8	0.
0.00001231062310796094	3.6949118877473634e-11	-400717.227136129	1.2608257548743828e8	0.
0.000017174079150612177	3.6949118877473634e-11	-517138.13596067834	1.5054851150279513e8	0.
0.000012462606109293792	3.6949118877473634e-11	-404241.6775060225	1.2689070537236388e8	0.
0.00001732606215194503	3.6949118877473634e-11	-520875.8925556015	1.512680394652532e8	0.
0.000012614589110626643	3.6949118877473634e-11	-407774.882269161	1.2769600717093886e8	0.
0.00001747804515327788	3.6949118877473634e-11	-524618.5214312089	1.5198497383218354e8	0.
0.000012766572111959494	3.6949118877473634e-11	-411316.6788698365	1.2849847070256229e8	0.
0.00001763002815461073	3.6949118877473634e-11	-528365.9375490757	1.526993306536279e8	0.
0.000012918555113292345	3.6949118877473634e-11	-414866.9078408284	1.2929809658267729e8	0.
0.00001778201115594358	3.6949118877473634e-11	-532118.0576051262	1.5341112332947952e8	0.
0.000013070538114625196	3.6949118877473634e-11	-418425.41276466334	1.300948803097163e8	0.
0.000017933994157276432	3.6949118877473634e-11	-535874.7999931121	1.541203685610381e8	0.
0.000013222521115958048	3.6949118877473634e-11	-421992.04023368575	1.3088882013103224e8	0.
0.000018085977158609284	3.6949118877473634e-11	-539636.0847687114	1.5482707856326324e8	0.
0.000013374504117290898	3.6949118877473634e-11	-425566.639809086	1.3167991413401031e8	0.
0.000018237960159942136	3.6949118877473634e-11	-543401.8336142523	1.5553127020692235e8	0.
0.00001352648711862375	3.6949118877473634e-11	-429149.0639790251	1.3246816851960191e8	0.
0.000018389943161274984	3.6949118877473634e-11	-547171.9698040629	1.5623295756285793e8	0.
0.0000136784701199566	3.6949118877473634e-11	-432739.1681159845	1.332535742991087e8	0.
0.000018541926162607836	3.6949118877473634e-11	-550946.4181704482	1.5693216220495582e8	0.
0.000013830453121289452	3.6949118877473634e-11	-436336.8104334647	1.3403614435228018e8	0.
0.000018693909163940688	3.6949118877473634e-11	-554725.1050702927	1.5762889019771203e8	0.
0.000013982436122622304	3.6949118877473634e-11	-439941.85194214433	1.348158781413462e8	0.
0.00001884589216527354	3.6949118877473634e-11	-558507.9583522903	1.583231624676241e8	0.
0.000014134419123955154	3.6949118877473634e-11	-443554.15640560654	1.3559277602695256e8	0.
0.00001899787516660639	3.6949118877473634e-11	-562294.9073247956	1.5901499599356946e8	0.
0.000014286402125288006	3.6949118877473634e-11	-447173.59029573284	1.3636685002086735e8	0.
0.00001914985816793924	3.6949118877473634e-11	-566085.8827242953	1.5970440396529415e8	0.
0.000014438385126620856	3.6949118877473634e-11	-450800.022747854	1.371380989867153e8	0.
0.000019301841169272092	3.6949118877473634e-11	-569880.8166844965	1.6039140587899923e8	0.
0.000014590368127953708	3.6949118877473634e-11	-454433.3255157461	1.3790653480369428e8	0.
0.000019453824170604944	3.6949118877473634e-11	-573679.642706026	1.6107601257966664e8	0.
0.00001474235112928656	3.6949118877473634e-11	-458073.3729265486	1.3867216302893513e8	0.
0.000019605807171937795	3.6949118877473634e-11	-577482.2956267366	1.617582438437337e8	0.
0.00001489433413061941	3.6949118877473634e-11	-461720.0418356794	1.3943499017169088e8	0.
0.000019757790173270647	3.6949118877473634e-11	-581288.7115926136	1.6243811317787185e8	0.
0.000015046317131952261	3.6949118877473634e-11	-465373.2115818139	1.4019502775134248e8	0.
0.000019909773174603496	3.6949118877473634e-11	-585098.8280292767	1.6311563989181587e8	0.
0.000015198300133285111	3.6949118877473634e-11	-469032.76394199027	1.409522834041541e8	0.
0.000020061756175936347	3.6949118877473634e-11	-588912.5836140688	1.6379083642800328e8	0.
0.00001535028313461796	3.6949118877473634e-11	-472698.5830868981	1.4170676689977032e8	0.
0.0000202137391772692	3.6949118877473634e-11	-592729.9182487271	1.6446371996489257e8	0.
0.00002036572217860205	3.6949118877473634e-11	-596550.7730326271	1.651343077199851e8	0.
0.000020517705179934903	3.6949118877473634e-11	-600375.0902365918	1.658026114208445e8	0.
0.00002553314422391899	3.6949118877473634e-11	-728201.1578424872	1.8667720612974033e8	0.
0.00002066968818126775	3.6949118877473634e-11	-604202.8132772611	1.6646865232417366e8	0.
0.00002568512722525184	3.6949118877473634e-11	-732115.7390953725	1.872769227748352e8	0.
0.000020821671182600603	3.6949118877473634e-11	-608033.8866920089	1.67132442224251e8	0.
0.00002583711022658469	3.6949118877473634e-11	-736032.3335990316	1.8787486749020067e8	0.
0.000020973654183933455	3.6949118877473634e-11	-611868.256114402	1.6779399566170993e8	0.
0.00002598909322791754	3.6949118877473634e-11	-739950.9124205536	1.8847105042553732e8	0.
0.000021125637185266307	3.6949118877473634e-11	-615705.868250193	1.684533359004949e8	0.
0.000026141076229250393	3.6949118877473634e-11	-743871.4471487947	1.890654894762569e8	0.
0.00002127762018659916	3.6949118877473634e-11	-619546.6708538356	1.6911047110905972e8	0.
0.000026293059230583244	3.6949118877473634e-11	-747793.9098834144	1.8965819361735567e8	0.
0.000021429603187932007	3.6949118877473634e-11	-623390.6127055177	1.6976541785392597e8	0.
0.000026445042231916096	3.6949118877473634e-11	-751718.2732241655	1.9024917741411078e8	0.
0.00002158158618926486	3.6949118877473634e-11	-627237.6435886987	1.7041819335850346e8	0.
0.000026597025233248945	3.6949118877473634e-11	-755644.5102604299	1.9083845326124382e8	0.
0.00002173356919059771	3.6949118877473634e-11	-631087.7142681456	1.7106881531458867e8	0.
0.000026749008234581796	3.6949118877473634e-11	-759572.5945609962	1.91426031318297e8	0.
0.000021885552191930562	3.6949118877473634e-11	-634940.7764684572	1.717172954484188e8	0.
0.000026900991235914648	3.6949118877473634e-11	-763502.5001640724	1.9201192472229907e8	0.
0.000022037535193263414	3.6949118877473634e-11	-638796.7828530687	1.723636517707141e8	0.
0.0000270529742372475	3.6949118877473634e-11	-767434.2015675283	1.925961468356467e8	0.
0.000022189518194596263	3.6949118877473634e-11	-642655.6870037258	1.730078983285611e8	0.
0.000027204957238580352	3.6949118877473634e-11	-771367.6737193627	1.9317870711979067e8	0.
0.000022341501195929114	3.6949118877473634e-11	-646517.4434004213	1.7365004667721522e8	0.
0.0000273569402399132	3.6949118877473634e-11	-775302.8920083888	1.9375961740222126e8	0.
0.000022493484197261966	3.6949118877473634e-11	-650382.0074017837	1.7429011552199307e8	0.
0.000027508923241246052	3.6949118877473634e-11	-779239.8322551338	1.943388907451864e8	0.
0.000022645467198594818	3.6949118877473634e-11	-654249.3352259096	1.7492811991437203e8	0.
0.000027660906242578904	3.6949118877473634e-11	-783178.4707029467	1.9491653985991073e8	0.
0.00002279745019992767	3.6949118877473634e-11	-658119.383931631	1.7556407694284678e8	0.
0.000027812889243911756	3.6949118877473634e-11	-787118.7840093097	1.9549257631294855e8	0.
0.000022949433201260518	3.6949118877473634e-11	-661992.111400208	1.7619799527608022e8	0.
0.000027964872245244608	3.6949118877473634e-11	-791060.7492373484	1.9606700922645772e8	0.
0.00002310141620259337	3.6949118877473634e-11	-665867.4763174405	1.768298981949616e8	0.
0.000028116855246577456	3.6949118877473634e-11	-795004.3438475358	1.9663984987743935e8	0.
0.000023253399203926222	3.6949118877473634e-11	-669745.4381561851	1.774597918045818e8	0.
0.000028268838247910308	3.6949118877473634e-11	-798949.5456895857	1.972111143538475e8	0.
0.000023405382205259074	3.6949118877473634e-11	-673625.9571592755	1.7808769698160645e8	0.
0.00002842082124924316	3.6949118877473634e-11	-802896.3329945299	1.9778080760044152e8	0.
0.000023557365206591925	3.6949118877473634e-11	-677508.9943228314	1.7871362298844844e8	0.
0.00002857280425057601	3.6949118877473634e-11	-806844.6843669766	1.9834894183273447e8	0.
0.000023709348207924774	3.6949118877473634e-11	-681394.5113799525	1.7933758805398092e8	0.
0.000028724787251908863	3.6949118877473634e-11	-810794.5787775447	1.9891553058775416e8	0.
0.000023861331209257626	3.6949118877473634e-11	-685282.4707847866	1.799596065226999e8	0.
0.00002887677025324171	3.6949118877473634e-11	-814745.9955554681	1.994805834129989e8	0.
0.000024013314210590477	3.6949118877473634e-11	-689172.8356969625	1.805796873394301e8	0.
0.000029028753254574563	3.6949118877473634e-11	-818698.9143813697	2.0004411101994562e8	0.
0.00002416529721192333	3.6949118877473634e-11	-693065.5699663854	1.8119785338464382e8	0.
0.000029180736255907415	3.6949118877473634e-11	-822653.3152801971	2.006061254270245e8	0.
0.00002431728021325618	3.6949118877473634e-11	-696960.6381183778	1.818141098609387e8	0.
0.000029332719257240267	3.6949118877473634e-11	-826609.1786143181	2.0116663068983933e8	0.
0.00002446926321458903	3.6949118877473634e-11	-700858.0053391677	1.8242847572659785e8	0.
0.00002948470225857312	3.6949118877473634e-11	-830566.485076773	2.017256460553525e8	0.
0.00002462124621592188	3.6949118877473634e-11	-704757.6374617092	1.830409647264423e8	0.
0.000029636685259905967	3.6949118877473634e-11	-834525.2156846768	2.022831780556333e8	0.
0.000024773229217254733	3.6949118877473634e-11	-708659.5009518312	1.8365158655611745e8	0.
0.00002978866826123882	3.6949118877473634e-11	-838485.3517727714	2.0283923702986965e8	0.
0.000024925212218587585	3.6949118877473634e-11	-712563.5628947063	1.8426035873848552e8	0.
0.00002994065126257167	3.6949118877473634e-11	-842446.8749871213	2.0339383323345187e8	0.
0.000025077195219920433	3.6949118877473634e-11	-716469.7909816322	1.8486729334458765e8	0.
0.000030092634263904523	3.6949118877473634e-11	-846409.7672789502	2.0394697654206604e8	0.
0.000025229178221253285	3.6949118877473634e-11	-720378.1534971196	1.8547240516043293e8	0.
0.000030244617265237375	3.6949118877473634e-11	-850374.0108986169	2.0449867921606234e8	0.
0.000025381161222586137	3.6949118877473634e-11	-724288.6193062766	1.8607570317839772e8	0.
0.000030396600266570223	3.6949118877473634e-11	-854339.5883897237	2.05048946610131e8	0.
