# Filename	C:\Users\edmag\Documents\Work\2D-Comp-Model\computation\Turning Timeresults\2018-02-05T05-42-03.txt
# Source	C:\Users\edmag\Documents\Work\2D-Comp-Model\computation\Turning Time\turning.nb
# Note	1D calculation of turning time vs. field and orbit energy.
# Date	2018-02-05T05:42:03
# Dir	-1
# field	5.756283783016946e-11
# zi	-6.
W	field	zt	t	argt
-0.000030396600266570223	5.756283783016946e-11	-31070.283684888047	5.960531827633993e6	0.
-0.000025229178221253285	5.756283783016946e-11	-36583.1261054151	7.557587913782881e6	0.
-0.000030244617265237375	5.756283783016946e-11	-31209.870006682704	5.999670716309811e6	0.
-0.000025077195219920433	5.756283783016946e-11	-36772.88910477584	7.614324439138316e6	0.
-0.000030092634263904523	5.756283783016946e-11	-31350.64873696146	6.039215961416084e6	0.
-0.000024925212218587585	5.756283783016946e-11	-36964.48673742985	7.67172115910951e6	0.
-0.00002994065126257167	5.756283783016946e-11	-31492.634345625695	6.0791739926538635e6	0.
-0.000024773229217254733	5.756283783016946e-11	-37157.94361849382	7.729786762125774e6	0.
-0.00002978866826123882	5.756283783016946e-11	-31635.841522480037	6.1195496303023e6	0.
-0.00002462124621592188	5.756283783016946e-11	-37353.28476375395	7.788532889905694e6	0.
-0.000029636685259905967	5.756283783016946e-11	-31780.285181095132	6.16035108421505e6	0.
-0.00002446926321458903	5.756283783016946e-11	-37550.535596818474	7.847968710346054e6	0.
-0.00002948470225857312	5.756283783016946e-11	-31925.980462742427	6.201577866312321e6	0.
-0.00002431728021325618	5.756283783016946e-11	-37749.72195639282	7.908104895406408e6	0.
-0.000029332719257240267	5.756283783016946e-11	-32072.942740404287	6.243242993547626e6	0.
-0.00002416529721192333	5.756283783016946e-11	-37950.87010367799	7.968952344141979e6	0.
-0.000029180736255907415	5.756283783016946e-11	-32221.187622858277	6.285348953537007e6	0.
-0.000024013314210590477	5.756283783016946e-11	-38154.006729893474	8.030521384000342e6	0.
-0.000029028753254574563	5.756283783016946e-11	-32370.73095883972	6.327902851032214e6	0.
-0.000023861331209257626	5.756283783016946e-11	-38359.15896392613	8.09282307535504e6	0.
-0.00002887677025324171	5.756283783016946e-11	-32521.588841281668	6.370910043045086e6	0.
-0.000023709348207924774	5.756283783016946e-11	-38566.35438010577	8.155868669741318e6	0.
-0.000028724787251908863	5.756283783016946e-11	-32673.7776116352	6.414379210917966e6	0.
-0.000023557365206591925	5.756283783016946e-11	-38775.621006108486	8.219669139438059e6	0.
-0.00002857280425057601	5.756283783016946e-11	-32827.31386427	6.45831332622707e6	0.
-0.000023405382205259074	5.756283783016946e-11	-38986.98733098905	8.284237003521754e6	0.
-0.00002842082124924316	5.756283783016946e-11	-32982.21445095863	6.5027219476009365e6	0.
-0.000023253399203926222	5.756283783016946e-11	-39200.48231334239	8.349582316435282e6	0.
-0.000028268838247910308	5.756283783016946e-11	-33138.49648544365	6.547611562683555e6	0.
-0.00002310141620259337	5.756283783016946e-11	-39416.13538959625	8.41571886123398e6	0.
-0.000028116855246577456	5.756283783016946e-11	-33296.17734809079	6.592986327140141e6	0.
-0.000022949433201260518	5.756283783016946e-11	-39633.97648243405	8.482657157365443e6	0.
-0.000027964872245244608	5.756283783016946e-11	-33455.274690629005	6.638855759696745e6	0.
-0.00002279745019992767	5.756283783016946e-11	-39854.03600935025	8.55041095227642e6	0.
-0.000027812889243911756	5.756283783016946e-11	-33615.80644097859	6.685225948390621e6	0.
-0.000022645467198594818	5.756283783016946e-11	-40076.344891337205	8.61899140197696e6	0.
-0.000027660906242578904	5.756283783016946e-11	-33777.79080816928	6.732103814439033e6	0.
-0.000022493484197261966	5.756283783016946e-11	-40300.93456170502	8.688412215525474e6	0.
-0.000027508923241246052	5.756283783016946e-11	-33941.24628734995	6.779497880783769e6	0.
-0.000022341501195929114	5.756283783016946e-11	-40527.836975033875	8.758686199888954e6	0.
-0.0000273569402399132	5.756283783016946e-11	-34106.191664890524	6.827415345764851e6	0.
-0.000022189518194596263	5.756283783016946e-11	-40757.08461625936	8.82982691042052e6	0.
-0.000027204957238580352	5.756283783016946e-11	-34272.64602357891	6.875862888496802e6	0.
-0.000022037535193263414	5.756283783016946e-11	-40988.7105098905	8.901846804947449e6	0.
-0.0000270529742372475	5.756283783016946e-11	-34440.62874791344	6.924845025085932e6	0.
-0.000021885552191930562	5.756283783016946e-11	-41222.74822936076	8.974760270089297e6	0.
-0.000026900991235914648	5.756283783016946e-11	-34610.15952949306	6.974375759067136e6	0.
-0.00002173356919059771	5.756283783016946e-11	-41459.23190651099	9.04858131926088e6	0.
-0.000026749008234581796	5.756283783016946e-11	-34781.25837250557	7.024459235344105e6	0.
-0.00002158158618926486	5.756283783016946e-11	-41698.19624120433	9.123323948720725e6	0.
-0.000026597025233248945	5.756283783016946e-11	-34953.94559931764	7.075104951935685e6	0.
-0.000021429603187932007	5.756283783016946e-11	-41939.67651107221	9.199002597627232e6	0.
-0.000026445042231916096	5.756283783016946e-11	-35128.241856165594	7.126320321645099e6	0.
-0.00002127762018659916	5.756283783016946e-11	-42183.70858139047	9.275631867341837e6	0.
-0.000026293059230583244	5.756283783016946e-11	-35304.168118950525	7.178113838060385e6	0.
-0.000021125637185266307	5.756283783016946e-11	-42430.328915084574	9.353226567469249e6	0.
-0.000026141076229250393	5.756283783016946e-11	-35481.745699138024	7.230494007767638e6	0.
-0.000020973654183933455	5.756283783016946e-11	-42679.57458286249	9.431801797481544e6	0.
-0.00002598909322791754	5.756283783016946e-11	-35660.99624976463	7.283469395462231e6	0.
-0.000020821671182600603	5.756283783016946e-11	-42931.48327347376	9.511373170581425e6	0.
-0.00002583711022658469	5.756283783016946e-11	-35841.94177155236	7.33704924872441e6	0.
-0.00002066968818126775	5.756283783016946e-11	-43186.093304092734	9.591956302547937e6	0.
-0.00002568512722525184	5.756283783016946e-11	-36024.60461913266	7.391241349486001e6	0.
-0.000020517705179934903	5.756283783016946e-11	-43443.44363082419	9.673567413580438e6	0.
-0.00002553314422391899	5.756283783016946e-11	-36209.00750738184	7.446056001811744e6	0.
-0.00002036572217860205	5.756283783016946e-11	-43703.57385932849	9.756221881090602e6	0.
-0.000025381161222586137	5.756283783016946e-11	-36395.1735178684	7.5015015566073125e6	0.
-0.0000202137391772692	5.756283783016946e-11	-43966.52425556409	9.839936989712859e6	0.
-0.000020061756175936347	5.756283783016946e-11	-44232.33575664387	9.92472924460698e6	0.
-0.00001489433413061941	5.756283783016946e-11	-55314.626531271504	1.358871935265286e7	0.
-0.000019909773174603496	5.756283783016946e-11	-44501.0499818024	1.001061588776514e7	0.
-0.00001474235112928656	5.756283783016946e-11	-55712.427620757255	1.372422709700579e7	0.
-0.000019757790173270647	5.756283783016946e-11	-44772.70924346998	1.0097613962177161e7	0.
-0.000014590368127953708	5.756283783016946e-11	-56115.107476230485	1.3861633166605748e7	0.
-0.000019605807171937795	5.756283783016946e-11	-45047.356558449756	1.018574089512349e7	0.
-0.000014438385126620856	5.756283783016946e-11	-56522.739905433984	1.4000965261442613e7	0.
-0.000019453824170604944	5.756283783016946e-11	-45325.03565919324	1.0275015745616047e7	0.
-0.000014286402125288006	5.756283783016946e-11	-56935.39980181693	1.4142254392030535e7	0.
-0.000019301841169272092	5.756283783016946e-11	-45605.79100516897	1.0365455342123808e7	0.
-0.000014134419123955154	5.756283783016946e-11	-57353.163151285466	1.428552939261624e7	0.
-0.00001914985816793924	5.756283783016946e-11	-45889.66779431983	1.0457079036473328e7	0.
-0.000013982436122622304	5.756283783016946e-11	-57776.10703838223	1.4430822053222954e7	0.
-0.00001899787516660639	5.756283783016946e-11	-46176.71197460213	1.054990525553244e7	0.
-0.000013830453121289452	5.756283783016946e-11	-58204.30965185342	1.4578161995601945e7	0.
-0.00001884589216527354	5.756283783016946e-11	-46466.97025560102	1.0643953960115433e7	0.
-0.0000136784701199566	5.756283783016946e-11	-58637.85028956241	1.4727581160957478e7	0.
-0.000018693909163940688	5.756283783016946e-11	-46760.49012021462	1.0739243232395183e7	0.
-0.00001352648711862375	5.756283783016946e-11	-59076.809362705586	1.487911055521564e7	0.
-0.000018541926162607836	5.756283783016946e-11	-47057.3198364003	1.083579412663074e7	0.
-0.000013374504117290898	5.756283783016946e-11	-59521.26839928614	1.5032782493305936e7	0.
-0.000018389943161274984	5.756283783016946e-11	-47357.508468974236	1.0933625806745386e7	0.
-0.000013222521115958048	5.756283783016946e-11	-59971.31004679873	1.518862785547668e7	0.
-0.000018237960159942136	5.756283783016946e-11	-47661.10589145663	1.1032759857213581e7	0.
-0.000013070538114625196	5.756283783016946e-11	-60427.01807407741	1.5346680626502614e7	0.
-0.000018085977158609284	5.756283783016946e-11	-47968.1627979524	1.1133215589501398e7	0.
-0.000012918555113292345	5.756283783016946e-11	-60888.47737225659	1.5506972765299845e7	0.
-0.000017933994157276432	5.756283783016946e-11	-48278.73071505853	1.1235015163640948e7	0.
-0.000012766572111959494	5.756283783016946e-11	-61355.77395479473	1.5669537595846843e7	0.
-0.00001778201115594358	5.756283783016946e-11	-48592.86201378666	1.1338180248501644e7	0.
-0.000012614589110626643	5.756283783016946e-11	-61828.99495650748	1.5834409003471732e7	0.
-0.00001763002815461073	5.756283783016946e-11	-48910.609921490075	1.144273113547407e7	0.
-0.000012462606109293792	5.756283783016946e-11	-62308.2286315566	1.6001619063780785e7	0.
-0.00001747804515327788	5.756283783016946e-11	-49232.0285337833	1.1548690936268654e7	0.
-0.00001231062310796094	5.756283783016946e-11	-62793.56435033955	1.6171202439222865e7	0.
-0.00001732606215194503	5.756283783016946e-11	-49557.17282644097	1.165608253375502e7	0.
-0.00001215864010662809	5.756283783016946e-11	-63285.09259522221	1.6343193875406872e7	0.
-0.000017174079150612177	5.756283783016946e-11	-49886.09866726262	1.1764928047840208e7	0.
-0.000012006657105295239	5.756283783016946e-11	-63782.904955057595	1.6517627070551122e7	0.
-0.000017022096149279325	5.756283783016946e-11	-50218.8628278892	1.1875251266077315e7	0.
-0.000011854674103962387	5.756283783016946e-11	-64287.09411843089	1.6694536976865899e7	0.
-0.000016870113147946473	5.756283783016946e-11	-50555.52299555542	1.1987074767738312e7	0.
-0.000011702691102629537	5.756283783016946e-11	-64797.753865570645	1.6873958487658214e7	0.
-0.000016718130146613624	5.756283783016946e-11	-50896.137784762286	1.210042349213463e7	0.
-0.000011550708101296685	5.756283783016946e-11	-65314.97905886481	1.7055926139436252e7	0.
-0.000016566147145280773	5.756283783016946e-11	-51240.76674885184	1.2215320723455735e7	0.
-0.000011398725099963835	5.756283783016946e-11	-65838.86563191943	1.7240475817506798e7	0.
-0.00001641416414394792	5.756283783016946e-11	-51589.47039146671	1.2331791558352713e7	0.
-0.000011246742098630983	5.756283783016946e-11	-66369.51057709692	1.742764258853601e7	0.
-0.00001626218114261507	5.756283783016946e-11	-51942.31017787445	1.2449860966337608e7	0.
-0.000011094759097298131	5.756283783016946e-11	-66907.01193147048	1.761746182119703e7	0.
-0.000016110198141282217	5.756283783016946e-11	-52299.34854613695	1.256955455926182e7	0.
-0.000010942776095965281	5.756283783016946e-11	-67451.46876113028	1.7809968935646933e7	0.
-0.00001595821513994937	5.756283783016946e-11	-52660.64891810296	1.2690897166568283e7	0.
-0.00001079079309463243	5.756283783016946e-11	-68002.98114377745	1.8005200798790354e7	0.
-0.000015806232138616517	5.756283783016946e-11	-53026.275710201815	1.2813915506175445e7	0.
-0.00001063881009329958	5.756283783016946e-11	-68561.65014954045	1.820319209837139e7	0.
-0.000015654249137283665	5.756283783016946e-11	-53396.29434401375	1.2938635904646514e7	0.
-0.000010486827091966727	5.756283783016946e-11	-69127.57781995056	1.840397898914263e7	0.
-0.000015502266135950813	5.756283783016946e-11	-53770.771256592634	1.3065084748798905e7	0.
-0.000010334844090633876	5.756283783016946e-11	-69700.86714501106	1.860759729279194e7	0.
-0.00001535028313461796	5.756283783016946e-11	-54149.77391051454	1.3193290298933843e7	0.
-0.000010182861089301025	5.756283783016946e-11	-70281.62203829717	1.881408289205312e7	0.
-0.000015198300133285111	5.756283783016946e-11	-54533.370803624406	1.3323278744939314e7	0.
-0.000010030878087968174	5.756283783016946e-11	-70869.94731002356	1.902347222839436e7	0.
-0.000015046317131952261	5.756283783016946e-11	-54921.63147845281	1.3455079278908113e7	0.
-9.878895086635324e-6	5.756283783016946e-11	-71465.94863801726	1.9235800352913447e7	0.
-9.726912085302472e-6	5.756283783016946e-11	-72069.73253653597	1.9451103460804388e7	0.
-4.559490039985534e-6	5.756283783016946e-11	-98021.23846170452	2.8771029543094695e7	0.
-9.57492908396962e-6	5.756283783016946e-11	-72681.40632287206	1.9669417101725973e7	0.
-4.407507038652682e-6	5.756283783016946e-11	-98967.3120167257	2.9109283289135516e7	0.
-9.42294608263677e-6	5.756283783016946e-11	-73301.07808168569	1.989077681618595e7	0.
-4.255524037319831e-6	5.756283783016946e-11	-99925.09524725833	2.9451381293417916e7	0.
-9.270963081303918e-6	5.756283783016946e-11	-73928.85662701204	2.011521707078317e7	0.
-4.10354103598698e-6	5.756283783016946e-11	-100894.68138363295	2.9797325362289812e7	0.
-9.118980079971068e-6	5.756283783016946e-11	-74564.85146189066	2.034277392395719e7	0.
-3.951558034654129e-6	5.756283783016946e-11	-101876.16156365884	3.014711474125648e7	0.
-8.966997078638216e-6	5.756283783016946e-11	-75209.1727355674	2.0573481506362937e7	0.
-3.799575033321278e-6	5.756283783016946e-11	-102869.62472616244	3.050074560328562e7	0.
-8.815014077305364e-6	5.756283783016946e-11	-75861.93119822342	2.0807374462872703e7	0.
-3.647592031988427e-6	5.756283783016946e-11	-103875.1575051985	3.085821486916828e7	0.
-8.663031075972514e-6	5.756283783016946e-11	-76523.2381531893	2.104448700608793e7	0.
-3.495609030655576e-6	5.756283783016946e-11	-104892.8441251929	3.1219514318604328e7	0.
-8.511048074639662e-6	5.756283783016946e-11	-77193.20540660607	2.128485272968582e7	0.
-3.3436260293227246e-6	5.756283783016946e-11	-105922.76629728319	3.158463635229182e7	0.
-8.359065073306812e-6	5.756283783016946e-11	-77871.94521450014	2.1528504800691932e7	0.
-3.1916430279898736e-6	5.756283783016946e-11	-106965.00311712462	3.1953569713624034e7	0.
-8.20708207197396e-6	5.756283783016946e-11	-78559.57022724423	2.1775476806970235e7	0.
-3.0396600266570226e-6	5.756283783016946e-11	-108019.63096443514	3.2326301164000355e7	0.
-8.055099070641109e-6	5.756283783016946e-11	-79256.19343138074	2.2025799975757267e7	0.
-2.8876770253241713e-6	5.756283783016946e-11	-109086.72340455296	3.2702816266220618e7	0.
-7.903116069308259e-6	5.756283783016946e-11	-79961.92808879208	2.227950719663496e7	0.
-2.7356940239913203e-6	5.756283783016946e-11	-110166.35109228166	3.308309774697377e7	0.
-7.751133067975407e-6	5.756283783016946e-11	-80676.88767320628	2.2536628910753284e7	0.
-2.583711022658469e-6	5.756283783016946e-11	-111258.58167829803	3.3467126488632105e7	0.
-7.599150066642556e-6	5.756283783016946e-11	-81401.18580403547	2.279719537317224e7	0.
-2.431728021325618e-6	5.756283783016946e-11	-112363.47971839446	3.385488144673957e7	0.
-7.447167065309705e-6	5.756283783016946e-11	-82134.93617755044	2.3061237398012836e7	0.
-2.279745019992767e-6	5.756283783016946e-11	-113481.1065858265	3.4246339685457416e7	0.
-7.295184063976854e-6	5.756283783016946e-11	-82878.25249540288	2.3328784153753597e7	0.
-2.1277620186599156e-6	5.756283783016946e-11	-114611.52038702989	3.464147453705354e7	0.
-7.143201062644003e-6	5.756283783016946e-11	-83631.24839051532	2.3599862379061185e7	0.
-1.9757790173270646e-6	5.756283783016946e-11	-115754.77588096702	3.504025917515796e7	0.
-6.991218061311152e-6	5.756283783016946e-11	-84394.03735036723	2.387450035519717e7	0.
-1.8237960159942135e-6	5.756283783016946e-11	-116910.92440235475	3.544266375080873e7	0.
-6.8392350599783e-6	5.756283783016946e-11	-85166.73263771432	2.4152724709282223e7	0.
-1.6718130146613623e-6	5.756283783016946e-11	-118080.01378901677	3.584865566299569e7	0.
-6.687252058645449e-6	5.756283783016946e-11	-85949.44720878835	2.443456088508237e7	0.
-1.5198300133285113e-6	5.756283783016946e-11	-119262.08831359478	3.625820190890588e7	0.
-6.535269057312598e-6	5.756283783016946e-11	-86742.29362903413	2.472003290784732e7	0.
-1.3678470119956601e-6	5.756283783016946e-11	-120457.18861984024	3.667126587463285e7	0.
-6.383286055979747e-6	5.756283783016946e-11	-87545.38398645072	2.500916529752345e7	0.
-1.215864010662809e-6	5.756283783016946e-11	-121665.35166369696	3.708780959320657e7	0.
-6.231303054646896e-6	5.756283783016946e-11	-88358.82980261387	2.530197925131845e7	0.
-1.0638810093299578e-6	5.756283783016946e-11	-122886.61065937058	3.750779292968896e7	0.
-6.079320053314045e-6	5.756283783016946e-11	-89182.74194146872	2.5598496607914675e7	0.
-9.118980079971067e-7	5.756283783016946e-11	-124120.99503056609	3.793117373749026e7	0.
-5.9273370519811935e-6	5.756283783016946e-11	-90017.23051599113	2.5898736403483e7	0.
-7.599150066642557e-7	5.756283783016946e-11	-125368.53036705889	3.835790765546074e7	0.
-5.7753540506483425e-6	5.756283783016946e-11	-90862.40479282897	2.6202718312636428e7	0.
-6.079320053314045e-7	5.756283783016946e-11	-126629.23838674759	3.878794965591303e7	0.
-5.6233710493154915e-6	5.756283783016946e-11	-91718.3730950444	2.6510458267114073e7	0.
-4.5594900399855336e-7	5.756283783016946e-11	-127903.136903319	3.922125024742706e7	0.
-5.4713880479826406e-6	5.756283783016946e-11	-92585.24270309135	2.6821972820362724e7	0.
-3.0396600266570224e-7	5.756283783016946e-11	-129190.23979963746	3.965776102432031e7	0.
-5.31940504664979e-6	5.756283783016946e-11	-93463.11975417234	2.713727725087348e7	0.
-1.5198300133285112e-7	5.756283783016946e-11	-130490.55700695034	4.009743018540551e7	0.
-5.167422045316938e-6	5.756283783016946e-11	-94352.10914013108	2.74563831668071e7	0.
0.	5.756283783016946e-11	-131804.09448998282	4.054020407338672e7	0.
-5.015439043984087e-6	5.756283783016946e-11	-95252.31440404916	2.7779303010650743e7	0.
1.5198300133285112e-7	5.756283783016946e-11	-133130.85423797384	4.09860283675892e7	0.
-4.863456042651236e-6	5.756283783016946e-11	-96163.83763572465	2.810604505564121e7	0.
3.0396600266570224e-7	5.756283783016946e-11	-134470.83426168447	4.14348464418957e7	0.
-4.711473041318385e-6	5.756283783016946e-11	-97086.77936622368	2.843661859262802e7	0.
5.4713880479826406e-6	5.756283783016946e-11	-187635.94301993732	5.800382602799675e7	0.
4.5594900399855336e-7	5.756283783016946e-11	-135824.0285963895	4.1886599169831865e7	0.
5.6233710493154915e-6	5.756283783016946e-11	-189409.37064291385	5.851492776722679e7	0.
6.079320053314045e-7	5.756283783016946e-11	-137190.4273108416	4.234122952533868e7	0.
5.7753540506483425e-6	5.756283783016946e-11	-191193.6995717219	5.902656235545838e7	0.
7.599150066642557e-7	5.756283783016946e-11	-138570.0165221764	4.2798673637935914e7	0.
5.9273370519811935e-6	5.756283783016946e-11	-192988.82252590757	5.9538667330307975e7	0.
9.118980079971067e-7	5.756283783016946e-11	-139962.77841670706	4.325887066321347e7	0.
6.079320053314045e-6	5.756283783016946e-11	-194794.63118240866	6.005118129657524e7	0.
1.0638810093299578e-6	5.756283783016946e-11	-141368.69127653507	4.372175709162525e7	0.
6.231303054646896e-6	5.756283783016946e-11	-196611.01627457733	6.056404267018201e7	0.
1.215864010662809e-6	5.756283783016946e-11	-142787.72951188494	4.4187268754665725e7	0.
6.383286055979747e-6	5.756283783016946e-11	-198437.86768943764	6.10771914227388e7	0.
1.3678470119956601e-6	5.756283783016946e-11	-144219.86369905173	4.4655339001177035e7	0.
6.535269057312598e-6	5.756283783016946e-11	-200275.07456304456	6.159057058318148e7	0.
1.5198300133285113e-6	5.756283783016946e-11	-145665.06062382978	4.51259012832592e7	0.
6.687252058645449e-6	5.756283783016946e-11	-202122.52537382228	6.21041223585454e7	0.
1.6718130146613623e-6	5.756283783016946e-11	-147123.28333027527	4.5598887875124015e7	0.
6.8392350599783e-6	5.756283783016946e-11	-203980.10803377177	6.2617790171378754e7	0.
1.8237960159942135e-6	5.756283783016946e-11	-148594.49117463676	4.607423047959625e7	0.
6.991218061311152e-6	5.756283783016946e-11	-205847.7099774482	6.313151852197364e7	0.
1.9757790173270646e-6	5.756283783016946e-11	-150078.6398842725	4.6551858656159095e7	0.
7.143201062644003e-6	5.756283783016946e-11	-207725.21824861979	6.364525396614107e7	0.
2.1277620186599156e-6	5.756283783016946e-11	-151575.68162135885	4.703170309994635e7	0.
7.295184063976854e-6	5.756283783016946e-11	-209612.5195845308	6.415894302381959e7	0.
2.279745019992767e-6	5.756283783016946e-11	-153085.565051179	4.7513693696672395e7	0.
7.447167065309705e-6	5.756283783016946e-11	-211509.50049770187	6.467253594508404e7	0.
2.431728021325618e-6	5.756283783016946e-11	-154608.23541477046	4.7997758294154465e7	0.
7.599150066642556e-6	5.756283783016946e-11	-213416.0473552104	6.518598172510665e7	0.
2.583711022658469e-6	5.756283783016946e-11	-156143.6346056975	4.8483825240805954e7	0.
7.751133067975407e-6	5.756283783016946e-11	-215332.0464554047	6.569923142395525e7	0.
2.7356940239913203e-6	5.756283783016946e-11	-157691.70125070462	4.8971822626672395e7	0.
7.903116069308259e-6	5.756283783016946e-11	-217257.384102014	6.621223735541709e7	0.
2.8876770253241713e-6	5.756283783016946e-11	-159252.37079399943	4.94616798754857e7	0.
8.055099070641109e-6	5.756283783016946e-11	-219191.94667562615	6.672495304118225e7	0.
3.0396600266570226e-6	5.756283783016946e-11	-160825.57558490513	4.99533225620113e7	0.
8.20708207197396e-6	5.756283783016946e-11	-221135.62070251317	6.72373337161304e7	0.
3.1916430279898736e-6	5.756283783016946e-11	-162411.24496861812	5.044667869866029e7	0.
8.359065073306812e-6	5.756283783016946e-11	-223088.2929207926	6.774933459071502e7	0.
3.3436260293227246e-6	5.756283783016946e-11	-164009.30537980018	5.09416743659511e7	0.
8.511048074639662e-6	5.756283783016946e-11	-225049.85034392198	6.826091295767742e7	0.
3.495609030655576e-6	5.756283783016946e-11	-165619.68043873337	5.143823844166095e7	0.
8.663031075972514e-6	5.756283783016946e-11	-227020.18032152875	6.877202907510185e7	0.
3.647592031988427e-6	5.756283783016946e-11	-167242.29104976245	5.193629965656033e7	0.
8.815014077305364e-6	5.756283783016946e-11	-228999.17059758632	6.928263921714887e7	0.
3.799575033321278e-6	5.756283783016946e-11	-168877.0555017499	5.243578350630708e7	0.
8.966997078638216e-6	5.756283783016946e-11	-230986.7093659538	6.979270820333001e7	0.
3.951558034654129e-6	5.756283783016946e-11	-170523.88957026982	5.2936620150654584e7	0.
9.118980079971068e-6	5.756283783016946e-11	-232982.6853233006	7.03021962075978e7	0.
4.10354103598698e-6	5.756283783016946e-11	-172182.70662126743	5.343873571305379e7	0.
9.270963081303918e-6	5.756283783016946e-11	-234986.98771944543	7.08110666073094e7	0.
4.255524037319831e-6	5.756283783016946e-11	-173853.41771591626	5.3942060252665e7	0.
9.42294608263677e-6	5.756283783016946e-11	-236999.50640514263	7.1319285647284e7	0.
4.407507038652682e-6	5.756283783016946e-11	-175535.93171640715	5.4446523754197165e7	0.
9.57492908396962e-6	5.756283783016946e-11	-239020.13187735245	7.182681618247893e7	0.
4.559490039985534e-6	5.756283783016946e-11	-177230.15539240948	5.495205424955533e7	0.
9.726912085302472e-6	5.756283783016946e-11	-241048.75532203988	7.233362769497271e7	0.
4.711473041318385e-6	5.756283783016946e-11	-178935.99352795215	5.545858469153534e7	0.
9.878895086635324e-6	5.756283783016946e-11	-243085.2686545447	7.283968785869057e7	0.
4.863456042651236e-6	5.756283783016946e-11	-180653.34902847663	5.596604407999797e7	0.
0.000010030878087968174	5.756283783016946e-11	-245129.56455757446	7.334496468277796e7	0.
5.015439043984087e-6	5.756283783016946e-11	-182382.1230278246	5.647436456512194e7	0.
0.000010182861089301025	5.756283783016946e-11	-247181.53651687157	7.384942973159578e7	0.
5.167422045316938e-6	5.756283783016946e-11	-184122.21499493002	5.698347953468073e7	0.
0.000010334844090633876	5.756283783016946e-11	-249241.07885460896	7.435305451942725e7	0.
5.31940504664979e-6	5.756283783016946e-11	-185873.52283999478	5.749332169552926e7	0.
0.000010486827091966727	5.756283783016946e-11	-251308.08676057195	7.485581027845383e7	0.
0.000015502266135950813	5.756283783016946e-11	-323081.0888209895	9.083505656206138e7	0.
0.00001063881009329958	5.756283783016946e-11	-253382.45632118537	7.535767191619101e7	0.
0.000015654249137283665	5.756283783016946e-11	-325346.9091394341	9.129835777480331e7	0.
0.00001079079309463243	5.756283783016946e-11	-255464.08454644587	7.585861405695803e7	0.
0.000015806232138616517	5.756283783016946e-11	-327617.1877366457	9.176035501686543e7	0.
0.000010942776095965281	5.756283783016946e-11	-257552.8693948222	7.635861072348459e7	0.
0.00001595821513994937	5.756283783016946e-11	-329891.8581755703	9.22210465231183e7	0.
0.000011094759097298131	5.756283783016946e-11	-259648.70979618587	7.685764105184984e7	0.
0.000016110198141282217	5.756283783016946e-11	-332170.8550346278	9.268043085019025e7	0.
0.000011246742098630983	5.756283783016946e-11	-261751.50567283583	7.735568111853056e7	0.
0.00001626218114261507	5.756283783016946e-11	-334454.11389738874	9.313850618405737e7	0.
0.000011398725099963835	5.756283783016946e-11	-263861.15795868187	7.78527108961607e7	0.
0.00001641416414394792	5.756283783016946e-11	-336741.5713420045	9.35952733466336e7	0.
0.000011550708101296685	5.756283783016946e-11	-265977.5686166507	7.834870674600907e7	0.
0.000016566147145280773	5.756283783016946e-11	-339033.1649304132	9.405073194559965e7	0.
0.000011702691102629537	5.756283783016946e-11	-268100.64065438	7.88436527755013e7	0.
0.000016718130146613624	5.756283783016946e-11	-341328.8331973472	9.450488043466191e7	0.
0.000011854674103962387	5.756283783016946e-11	-270230.2781382638	7.933752991585386e7	0.
0.000016870113147946473	5.756283783016946e-11	-343628.5156391637	9.495771903852293e7	0.
0.000012006657105295239	5.756283783016946e-11	-272366.386205914	7.983031873981325e7	0.
0.000017022096149279325	5.756283783016946e-11	-345932.152702521	9.5409249882619e7	0.
0.00001215864010662809	5.756283783016946e-11	-274508.87107710214	8.032200323645705e7	0.
0.000017174079150612177	5.756283783016946e-11	-348239.685772918	9.585947377279694e7	0.
0.00001231062310796094	5.756283783016946e-11	-276657.6400632429	8.08125665557009e7	0.
0.00001732606215194503	5.756283783016946e-11	-350551.05716311984	9.63083903523638e7	0.
0.000012462606109293792	5.756283783016946e-11	-278812.6015754835	8.130199607313132e7	0.
0.00001747804515327788	5.756283783016946e-11	-352866.21010148566	9.67560017142956e7	0.
0.000012614589110626643	5.756283783016946e-11	-280973.6651314579	8.179027593077368e7	0.
0.00001763002815461073	5.756283783016946e-11	-355185.08872021595	9.720231050525051e7	0.
0.000012766572111959494	5.756283783016946e-11	-283140.7413607686	8.227738830901366e7	0.
0.00001778201115594358	5.756283783016946e-11	-357507.638043536	9.76473157708713e7	0.
0.000012918555113292345	5.756283783016946e-11	-285313.742009254	8.276332777471878e7	0.
0.000017933994157276432	5.756283783016946e-11	-359833.8039758314	9.809102336127408e7	0.
0.000013070538114625196	5.756283783016946e-11	-287492.5799420983	8.324807715917495e7	0.
0.000018085977158609284	5.756283783016946e-11	-362163.5332897487	9.853343104521815e7	0.
0.000013222521115958048	5.756283783016946e-11	-289677.16914584313	8.373162801989576e7	0.
0.000018237960159942136	5.756283783016946e-11	-364496.7736142765	9.897454664273807e7	0.
0.000013374504117290898	5.756283783016946e-11	-291867.42472935404	8.421396741037324e7	0.
0.000018389943161274984	5.756283783016946e-11	-366833.4734228176	9.941436955484466e7	0.
0.00001352648711862375	5.756283783016946e-11	-294063.26292379695	8.469508520666234e7	0.
0.000018541926162607836	5.756283783016946e-11	-369173.5820212671	9.985290195507702e7	0.
0.0000136784701199566	5.756283783016946e-11	-296264.6010816773	8.517497433910996e7	0.
0.000018693909163940688	5.756283783016946e-11	-371517.049536105	1.002901516161024e8	0.
0.000013830453121289452	5.756283783016946e-11	-298471.35767499177	8.56536228660537e7	0.
0.00001884589216527354	5.756283783016946e-11	-373863.82690251485	1.0072611640159118e8	0.
0.000013982436122622304	5.756283783016946e-11	-300683.4522925441	8.613102584161521e7	0.
0.00001899787516660639	5.756283783016946e-11	-376213.8658525395	1.0116080298517819e8	0.
0.000014134419123955154	5.756283783016946e-11	-302900.8056364708	8.660717245364678e7	0.
0.00001914985816793924	5.756283783016946e-11	-378567.11890328064	1.0159421422207034e8	0.
0.000014286402125288006	5.756283783016946e-11	-305123.33951802587	8.708205989403857e7	0.
0.000019301841169272092	5.756283783016946e-11	-380923.5393451533	1.0202635382752196e8	0.
0.000014438385126620856	5.756283783016946e-11	-307350.97685266635	8.755567638975684e7	0.
0.000019453824170604944	5.756283783016946e-11	-383283.0812302011	1.0245722662311551e8	0.
0.000014590368127953708	5.756283783016946e-11	-309583.64165448636	8.802801980304757e7	0.
0.000019605807171937795	5.756283783016946e-11	-385645.6993604811	1.028868341160878e8	0.
0.00001474235112928656	5.756283783016946e-11	-311821.2590300366	8.84990829075742e7	0.
0.000019757790173270647	5.756283783016946e-11	-388011.34927652485	1.0331518397720224e8	0.
0.00001489433413061941	5.756283783016946e-11	-314063.75517157436	8.896886248723961e7	0.
0.000019909773174603496	5.756283783016946e-11	-390379.98724588065	1.0374227567180133e8	0.
0.000015046317131952261	5.756283783016946e-11	-316311.0573497792	8.94373533438344e7	0.
0.000020061756175936347	5.756283783016946e-11	-392751.5702517457	1.0416812040858042e8	0.
0.000015198300133285111	5.756283783016946e-11	-318563.0939059743	8.990455236597984e7	0.
0.0000202137391772692	5.756283783016946e-11	-395126.0559816894	1.0459271858839634e8	0.
0.00001535028313461796	5.756283783016946e-11	-320819.7942438879	9.03704544705603e7	0.
0.00002036572217860205	5.756283783016946e-11	-397503.40281647735	1.0501607451595333e8	0.
0.000020517705179934903	5.756283783016946e-11	-399883.56981899653	1.0543819296171789e8	0.
0.00002553314422391899	5.756283783016946e-11	-479778.9423193296	1.1870939562397423e8	0.
0.00002066968818126775	5.756283783016946e-11	-402266.5167232885	1.0585908051975878e8	0.
0.00002568512722525184	5.756283783016946e-11	-482234.83666210395	1.19092718297015e8	0.
0.000020821671182600603	5.756283783016946e-11	-404652.20392369304	1.0627874051838157e8	0.
0.00002583711022658469	5.756283783016946e-11	-484692.47104554705	1.1947500169502492e8	0.
0.000020973654183933455	5.756283783016946e-11	-407040.59246410534	1.0669718030486026e8	0.
0.00002598909322791754	5.756283783016946e-11	-487151.8227547829	1.1985625171812597e8	0.
0.000021125637185266307	5.756283783016946e-11	-409431.64402735094	1.0711440263335967e8	0.
0.000026141076229250393	5.756283783016946e-11	-489612.8694351798	1.2023647271998051e8	0.
0.00002127762018659916	5.756283783016946e-11	-411825.3209246803	1.075304127098802e8	0.
0.000026293059230583244	5.756283783016946e-11	-492075.58908601577	1.2061567050499023e8	0.
0.000021429603187932007	5.756283783016946e-11	-414221.5860853855	1.0794521732068446e8	0.
0.000026445042231916096	5.756283783016946e-11	-494539.9600542544	1.2099385297339833e8	0.
0.00002158158618926486	5.756283783016946e-11	-416620.4030465411	1.0835882032389973e8	0.
0.000026597025233248945	5.756283783016946e-11	-497005.96102842985	1.2137102302943712e8	0.
0.00002173356919059771	5.756283783016946e-11	-419021.7359428713	1.0877122919205669e8	0.
0.000026749008234581796	5.756283783016946e-11	-499473.57103264134	1.2174718856269248e8	0.
0.000021885552191930562	5.756283783016946e-11	-421425.5494967446	1.091824472496936e8	0.
0.000026900991235914648	5.756283783016946e-11	-501942.7694206523	1.2212235463265784e8	0.
0.000022037535193263414	5.756283783016946e-11	-423831.80900829786	1.0959248068130699e8	0.
0.0000270529742372475	5.756283783016946e-11	-504413.53587009624	1.224965268827898e8	0.
0.000022189518194596263	5.756283783016946e-11	-426240.48034569016	1.1000133501378343e8	0.
0.000027204957238580352	5.756283783016946e-11	-506885.8503767852	1.2286971179186904e8	0.
0.000022341501195929114	5.756283783016946e-11	-428651.5299354882	1.1040901580473402e8	0.
0.0000273569402399132	5.756283783016946e-11	-509359.6932491202	1.2324191206634298e8	0.
0.000022493484197261966	5.756283783016946e-11	-431064.9247531828	1.1081552797736612e8	0.
0.000027508923241246052	5.756283783016946e-11	-511835.0451026032	1.2361313840735722e8	0.
0.000022645467198594818	5.756283783016946e-11	-433480.6323138386	1.112208801620477e8	0.
0.000027660906242578904	5.756283783016946e-11	-514311.8868544461	1.239833913910722e8	0.
0.00002279745019992767	5.756283783016946e-11	-435898.6206628751	1.1162507418801889e8	0.
0.000027812889243911756	5.756283783016946e-11	-516790.19971827883	1.243526795257839e8	0.
0.000022949433201260518	5.756283783016946e-11	-438318.8583669823	1.1202811650982551e8	0.
0.000027964872245244608	5.756283783016946e-11	-519269.9651989528	1.2472100845280023e8	0.
0.00002310141620259337	5.756283783016946e-11	-440741.314505168	1.1243001455626486e8	0.
0.000028116855246577456	5.756283783016946e-11	-521751.165087438	1.2508838215414423e8	0.
0.000023253399203926222	5.756283783016946e-11	-443165.95865993766	1.1283077253506255e8	0.
0.000028268838247910308	5.756283783016946e-11	-524233.7814558144	1.2545480691908337e8	0.
0.000023405382205259074	5.756283783016946e-11	-445592.76090860786	1.1323039839251697e8	0.
0.00002842082124924316	5.756283783016946e-11	-526717.7966523529	1.2582028748129465e8	0.
0.000023557365206591925	5.756283783016946e-11	-448021.6918147508	1.136288950132393e8	0.
0.00002857280425057601	5.756283783016946e-11	-529203.1932966878	1.2618483086154336e8	0.
0.000023709348207924774	5.756283783016946e-11	-450452.7224197716	1.1402627205177695e8	0.
0.000028724787251908863	5.756283783016946e-11	-531689.9542750765	1.2654844252583832e8	0.
0.000023861331209257626	5.756283783016946e-11	-452885.82423461543	1.144225305075462e8	0.
0.00002887677025324171	5.756283783016946e-11	-534178.0627357464	1.2691112623430525e8	0.
0.000024013314210590477	5.756283783016946e-11	-455320.9692316062	1.1481767952756742e8	0.
0.000029028753254574563	5.756283783016946e-11	-536667.502084328	1.2727288834914705e8	0.
0.00002416529721192333	5.756283783016946e-11	-457758.12983641424	1.1521172278843127e8	0.
0.000029180736255907415	5.756283783016946e-11	-539158.25597937	1.2763373405138782e8	0.
0.00002431728021325618	5.756283783016946e-11	-460197.27892015263	1.1560466958750543e8	0.
0.000029332719257240267	5.756283783016946e-11	-541650.3083279396	1.2799366878742395e8	0.
0.00002446926321458903	5.756283783016946e-11	-462638.38979160174	1.1599652304370552e8	0.
0.00002948470225857312	5.756283783016946e-11	-544143.6432813013	1.2835269779114117e8	0.
0.00002462124621592188	5.756283783016946e-11	-465081.43618956074	1.163872896879036e8	0.
0.000029636685259905967	5.756283783016946e-11	-546638.2452306774	1.287108264400809e8	0.
0.000024773229217254733	5.756283783016946e-11	-467526.3922753241	1.1677697543829335e8	0.
0.00002978866826123882	5.756283783016946e-11	-549134.0988030857	1.2906805984421177e8	0.
0.000024925212218587585	5.756283783016946e-11	-469973.23262528365	1.1716558612113927e8	0.
0.00002994065126257167	5.756283783016946e-11	-551631.1888572549	1.2942440329680364e8	0.
0.000025077195219920433	5.756283783016946e-11	-472421.9322236531	1.1755312761292998e8	0.
0.000030092634263904523	5.756283783016946e-11	-554129.5004796142	1.2977986048282218e8	0.
0.000025229178221253285	5.756283783016946e-11	-474872.4664553159	1.1793960579146273e8	0.
0.000030244617265237375	5.756283783016946e-11	-556629.018980359	1.3013443954665159e8	0.
0.000025381161222586137	5.756283783016946e-11	-477324.8110987927	1.1832502652931201e8	0.
0.000030396600266570223	5.756283783016946e-11	-559129.7298895877	1.3048814412748389e8	0.
